# Optical emission spectrum of Ce:GdLiF4 (Ce:GdLiF4)
# assuming unity concentration per meter.  This data was part of the NASA 
# Laser Spectra Database found on the web until December of 2005 which
# was created by Pat Cross working at NASA Langley Research Center, Internal
# Operations Group, Aerospace Electronics Systems Division, Remote Sensing.
#
# The spectra was collected by GA on 15 August 1994 and was 
# annotated on  4 April 1995.  The sample name was "" was a 9.990
# long piece of :.  
# The incident light was unpolarized.
#
# Spectra were recorded from 260nm to 499.2nm
# every 0.1nm at room temperature.  The
# excitation wavelength was unknown.
#
# SLIT WIDTH IS 1500 MICRONS, SAMPLE SHAPE IS CYLINDRICAL, C-AXIS PERP. TO LONG CYLINDER AXIS, PUMP IS ALONG A(=B AXIS & LONG AXIS) OF CRYSTAL. SAMPLE IS PLACED SUCH THAT C-AXIS IS IN THE SAME DIRECTION AS EMISSION (S-POL) DATA MISSING FROM 12 POINTS ON INPUT DATA FILE. SET MISSING DATA POINTS TO ZERO. FORMAT(1X,G15.8).
#
##Wavelength (nm)	Absorbance (/meter) 
260	0.0049954
260.1	0.0044475
260.2	0.0050398
260.3	0.0044644
260.4	0.0043666
260.5	0.0042276
260.6	0.0051756
260.7	0.0051634
260.8	0.0053264
260.9	0.0056392
261	0.0051792
261.1	0.0048721
261.2	0.0049101
261.3	0.00495
261.4	0.0055042
261.5	0.004569
261.6	0.0049725
261.7	0.0048818
261.8	0.0053196
261.9	0.0046303
262	0.0056726
262.1	0.0051755
262.2	0.0051834
262.3	0.0048787
262.4	0.0053341
262.5	0.0064906
262.6	0.0050386
262.7	0.0052925
262.8	0.0048007
262.9	0.0056792
263	0.0057693
263.1	0.0056052
263.2	0.0053625
263.3	0.0052133
263.4	0.0059092
263.5	0.0051568
263.6	0.006235
263.7	0.0059232
263.8	0.0053274
263.9	0.0051768
264	0.0057745
264.1	0.0061305
264.2	0.0053629
264.3	0.0056302
264.4	0.0053732
264.5	0.0049474
264.6	0.0054217
264.7	0.005157
264.8	0.0052319
264.9	0.005435
265	0.0060118
265.1	0.0057223
265.2	0.0061177
265.3	0.005605
265.4	0.0052321
265.5	0.0050819
265.6	0.0049611
265.7	0.0061786
265.8	0.005624
265.9	0.0059854
266	0.005243
266.1	0.0052797
266.2	0.005731
266.3	0.0055917
266.4	0.0055902
266.5	0.0050807
266.6	0.0055413
266.7	0.0053854
266.8	0.0055441
266.9	0.0054688
267	0.0053878
267.1	0.0053637
267.2	0.0057661
267.3	0.0065352
267.4	0.0055819
267.5	0.0052723
267.6	0.0055871
267.7	0.0051249
267.8	0.0057864
267.9	0.0054889
268	0.0060678
268.1	0.0050929
268.2	0.0056619
268.3	0.0054785
268.4	0.0051407
268.5	0.0049531
268.6	0.0054733
268.7	0.0046795
268.8	0.0049568
268.9	0.0057535
269	0.0052539
269.1	0.0050096
269.2	0.0051847
269.3	0.0050912
269.4	0.005187
269.5	0.0042944
269.6	0.0049831
269.7	0.0041676
269.8	0.0038199
269.9	0.0035791
270	0.0037821
270.1	0.0033914
270.2	0.0032423
270.3	0.0027801
270.4	0.0031809
270.5	0.0033301
270.6	0.0025832
270.7	0.0025175
270.8	0.0020793
270.9	0.0021984
271	0.0026628
271.1	0.0021467
271.2	0.0021911
271.3	0.0011745
271.4	0.0012577
271.5	0.0010718
271.6	0.0017883
271.7	0.0011322
271.8	0.0011053
271.9	0.00033697
272	0.00056689
272.1	0.001603
272.2	0.00065846
272.3	9.271e-05
272.4	8.8533e-05
272.5	0.00065019
272.6	0.00061955
272.7	0.00022836
272.8	0.00061532
272.9	0
273	7.5637e-05
273.1	0
273.2	0.00036873
273.3	0
273.4	0.00027079
273.5	0
273.6	0.00036092
273.7	0.00084478
273.8	0.00047411
273.9	2.0852e-05
274	0
274.1	0.00035841
274.2	0.00053914
274.3	0.0005943
274.4	0.00063514
274.5	0.0002791
274.6	0.00047633
274.7	0.00063964
274.8	0.0013714
274.9	0.00026928
275	0.00064682
275.1	0
275.2	0.00040496
275.3	0
275.4	0
275.5	0.00033034
275.6	0.000332
275.7	0
275.8	0.0009093
275.9	6.4537e-05
276	0.00058741
276.1	0
276.2	0.00033722
276.3	0.00024444
276.4	0.0016505
276.5	0.00077903
276.6	0.00072274
276.7	0.00031692
276.8	0.00065609
276.9	0.0014601
277	0.00080818
277.1	0.00083931
277.2	0.00020031
277.3	0.00058513
277.4	0.0010603
277.5	0.0011964
277.6	0.00095299
277.7	0.00027521
277.8	0.00070165
277.9	0.00062327
278	0.0012452
278.1	0.00028971
278.2	0.00036794
278.3	0
278.4	0.0002476
278.5	0.0016838
278.6	0.00040883
278.7	0.00036554
278.8	0
278.9	0
279	0.00063657
279.1	0
279.2	0.00087036
279.3	0
279.4	0.00080598
279.5	0.0002855
279.6	0.0012009
279.7	0.00025857
279.8	0.00031077
279.9	0
280	9.3146e-05
280.1	0.0017211
280.2	3.2378e-05
280.3	6.5514e-05
280.4	0.00017782
280.5	3.9976e-05
280.6	0.00071329
280.7	0.00035161
280.8	0.00060761
280.9	0.00028674
281	0
281.1	0
281.2	0.00068006
281.3	0
281.4	0.00056856
281.5	0
281.6	0
281.7	0
281.8	0
281.9	0
282	0
282.1	0
282.2	0
282.3	0
282.4	0
282.5	0
282.6	0.00026873
282.7	0.00032275
282.8	0.00093284
282.9	0
283	0.00042226
283.1	0
283.2	0.00043245
283.3	0.0012044
283.4	4.8965e-05
283.5	5.0303e-05
283.6	0
283.7	0
283.8	0.0005489
283.9	0.00033094
284	0.00074256
284.1	0
284.2	0.00042354
284.3	6.9638e-05
284.4	0.0013173
284.5	0.00029106
284.6	0.00012465
284.7	0
284.8	0.0003937
284.9	0.0016836
285	0.00025156
285.1	0
285.2	0
285.3	0
285.4	0.0014605
285.5	0
285.6	0.00056812
285.7	0
285.8	4.0153e-05
285.9	0
286	0.00095719
286.1	0
286.2	0.00041531
286.3	0
286.4	0.00037729
286.5	0.0019304
286.6	0.00035283
286.7	0
286.8	0
286.9	0.00062358
287	0.0008746
287.1	0.00045258
287.2	0.00085776
287.3	0
287.4	0.00046247
287.5	0.00075884
287.6	0.0011614
287.7	0
287.8	0.00030996
287.9	0
288	0.00053277
288.1	0.0016273
288.2	0.00036902
288.3	0.00034665
288.4	0
288.5	0
288.6	0.00078241
288.7	0
288.8	0.00021071
288.9	0
289	0.00029262
289.1	5.8952e-05
289.2	0.001445
289.3	0
289.4	0.00032674
289.5	0
289.6	0
289.7	0.0017664
289.8	0
289.9	0.00030482
290	0
290.1	0.00010828
290.2	0.00096564
290.3	0.00045552
290.4	0.00089575
290.5	0
290.6	0
290.7	0.00014174
290.8	0.0014531
290.9	0.00036508
291	0.0004717
291.1	0
291.2	0
291.3	0.0017374
291.4	0.00059001
291.5	0.00094521
291.6	0
291.7	0.00031574
291.8	0.0017499
291.9	0.00046288
292	0.00086697
292.1	5.7379e-05
292.2	0
292.3	0.00016185
292.4	0.001398
292.5	0.0004
292.6	0.00035118
292.7	0
292.8	0.00088168
292.9	0.0023303
293	0.00089
293.1	0.00031769
293.2	0
293.3	5.6807e-05
293.4	0.00052887
293.5	0.00033341
293.6	0.0010335
293.7	0.00045974
293.8	0.00085686
293.9	0
294	0.00083352
294.1	0.00065192
294.2	0
294.3	0
294.4	0.00044003
294.5	0.0022429
294.6	0.00078711
294.7	0.0008938
294.8	0.00029108
294.9	0.00046968
295	0.001701
295.1	0.00044541
295.2	0.00048541
295.3	0
295.4	0.00079075
295.5	0.00086327
295.6	0.0016782
295.7	0.00075385
295.8	0.00031069
295.9	0.00015568
296	0.00050772
296.1	0.0019044
296.2	0.00042116
296.3	0.00078535
296.4	0.00080916
296.5	0.00048644
296.6	0.0022283
296.7	0.00072924
296.8	0.0012025
296.9	0.00044585
297	0.00079944
297.1	0.0011443
297.2	0.0015888
297.3	0.00032912
297.4	0.00093248
297.5	0.001152
297.6	0.0014442
297.7	0.0024155
297.8	0.0014868
297.9	0.0010471
298	0.00089324
298.1	0.0015656
298.2	0.001931
298.3	0.0013309
298.4	0.0020004
298.5	0.0012562
298.6	0.0015264
298.7	0.0022161
298.8	0.0026382
298.9	0.002358
299	0.0024227
299.1	0.0021815
299.2	0.0026754
299.3	0.0036606
299.4	0.002983
299.5	0.0034519
299.6	0.0032673
299.7	0.0035704
299.8	0.0045016
299.9	0.0040567
300	0.0043962
300.1	0.0046047
300.2	0.0053464
300.3	0.005262
300.4	0.0095502
300.5	0.015141
300.6	0.0081517
300.7	0.0072522
300.8	0.0077369
300.9	0.0091241
301	0.0086404
301.1	0.0090832
301.2	0.01037
301.3	0.010883
301.4	0.012113
301.5	0.013162
301.6	0.01441
301.7	0.015836
301.8	0.017716
301.9	0.019024
302	0.021209
302.1	0.02231
302.2	0.024313
302.3	0.026732
302.4	0.028973
302.5	0.03082
302.6	0.03351
302.7	0.037165
302.8	0.039725
302.9	0.042378
303	0.045666
303.1	0.049936
303.2	0.053155
303.3	0.058206
303.4	0.062405
303.5	0.065493
303.6	0.069219
303.7	0.073608
303.8	0.078217
303.9	0.082651
304	0.087993
304.1	0.091704
304.2	0.097197
304.3	0.09936
304.4	0.10471
304.5	0.10896
304.6	0.11175
304.7	0.11681
304.8	0.11864
304.9	0.12125
305	0.12496
305.1	0.12747
305.2	0.13
305.3	0.13475
305.4	0.13922
305.5	0.14328
305.6	0.14789
305.7	0.15009
305.8	0.15545
305.9	0.15895
306	0.16293
306.1	0.1665
306.2	0.16849
306.3	0.17276
306.4	0.17419
306.5	0.17544
306.6	0.17948
306.7	0.18251
306.8	0.18238
306.9	0.18677
307	0.18852
307.1	0.19322
307.2	0.19684
307.3	0.19874
307.4	0.2043
307.5	0.20809
307.6	0.21614
307.7	0.21933
307.8	0.22243
307.9	0.22717
308	0.22863
308.1	0.22849
308.2	0.22952
308.3	0.23037
308.4	0.22858
308.5	0.22769
308.6	0.22534
308.7	0.22701
308.8	0.2228
308.9	0.22147
309	0.22332
309.1	0.22449
309.2	0.23012
309.3	0.23382
309.4	0.23955
309.5	0.25038
309.6	0.25932
309.7	0.27227
309.8	0.28976
309.9	0.31606
310	0.34238
310.1	0.39088
310.2	0.44095
310.3	0.49993
310.4	0.56652
310.5	0.63206
310.6	0.72263
310.7	0.80788
310.8	0.87437
310.9	0.93596
311	0.97177
311.1	1
311.2	0.99417
311.3	0.98347
311.4	0.94687
311.5	0.89284
311.6	0.82151
311.7	0.74325
311.8	0.66713
311.9	0.59316
312	0.52605
312.1	0.46184
312.2	0.41387
312.3	0.36807
312.4	0.33324
312.5	0.3106
312.6	0.29304
312.7	0.28563
312.8	0.2786
312.9	0.27646
313	0.27448
313.1	0.27667
313.2	0.27975
313.3	0.28546
313.4	0.29673
313.5	0.3123
313.6	0.3296
313.7	0.34253
313.8	0.36042
313.9	0.36992
314	0.38532
314.1	0.39108
314.2	0.39771
314.3	0.39554
314.4	0.39055
314.5	0.38021
314.6	0.36661
314.7	0.35079
314.8	0.33247
314.9	0.31481
315	0.29596
315.1	0.28151
315.2	0.26179
315.3	0.24529
315.4	0.23192
315.5	0.22066
315.6	0.20765
315.7	0.2004
315.8	0.1893
315.9	0.18189
316	0.17496
316.1	0.16887
316.2	0.16439
316.3	0.16202
316.4	0.15756
316.5	0.15475
316.6	0.1529
316.7	0.15272
316.8	0.15052
316.9	0.15032
317	0.1494
317.1	0.1503
317.2	0.15112
317.3	0.15188
317.4	0.15089
317.5	0.15253
317.6	0.15332
317.7	0.156
317.8	0.15594
317.9	0.15711
318	0.15802
318.1	0.15915
318.2	0.15999
318.3	0.16122
318.4	0.16319
318.5	0.16441
318.6	0.1652
318.7	0.16692
318.8	0.16825
318.9	0.17021
319	0.17005
319.1	0.17163
319.2	0.17164
319.3	0.1725
319.4	0.1724
319.5	0.17354
319.6	0.17505
319.7	0.17546
319.8	0.17781
319.9	0.17775
320	0.17796
320.1	0.1775
320.2	0.17952
320.3	0.17855
320.4	0.18043
320.5	0.18156
320.6	0.18188
320.7	0.18181
320.8	0.18207
320.9	0.18328
321	0.18251
321.1	0.18261
321.2	0.18287
321.3	0.18492
321.4	0.18476
321.5	0.18491
321.6	0.18575
321.7	0.18454
321.8	0.18627
321.9	0.18567
322	0.18592
322.1	0.18515
322.2	0.18537
322.3	0.18501
322.4	0.18375
322.5	0.18452
322.6	0.18328
322.7	0.18387
322.8	0.18437
322.9	0.18299
323	0.18301
323.1	0.18235
323.2	0.18156
323.3	0.18154
323.4	0.18062
323.5	0.18065
323.6	0.17898
323.7	0.17901
323.8	0.17803
323.9	0.17634
324	0.17685
324.1	0.17529
324.2	0.17459
324.3	0.1733
324.4	0.17357
324.5	0.173
324.6	0.16993
324.7	0.16971
324.8	0.16878
324.9	0.1681
325	0.16707
325.1	0.16644
325.2	0.16546
325.3	0.164
325.4	0.16122
325.5	0.16146
325.6	0.16107
325.7	0.15892
325.8	0.15952
325.9	0.15749
326	0.15681
326.1	0.1558
326.2	0.15354
326.3	0.15374
326.4	0.1523
326.5	0.15093
326.6	0.15039
326.7	0.14854
326.8	0.14756
326.9	0.14658
327	0.14443
327.1	0.14337
327.2	0.1417
327.3	0.13931
327.4	0.13942
327.5	0.1378
327.6	0.13704
327.7	0.13622
327.8	0.13483
327.9	0.13194
328	0.13115
328.1	0.1309
328.2	0.12909
328.3	0.1275
328.4	0.12647
328.5	0.12506
328.6	0.12345
328.7	0.12206
328.8	0.11983
328.9	0.11977
329	0.11958
329.1	0.11755
329.2	0.11659
329.3	0.11483
329.4	0.11373
329.5	0.11227
329.6	0.11165
329.7	0.10942
329.8	0.10798
329.9	0.10757
330	0.10676
330.1	0.10548
330.2	0.10352
330.3	0.10212
330.4	0.10069
330.5	0.099688
330.6	0.098902
330.7	0.097604
330.8	0.096269
330.9	0.095167
331	0.094625
331.1	0.092996
331.2	0.091578
331.3	0.091772
331.4	0.09013
331.5	0.089189
331.6	0.088303
331.7	0.087648
331.8	0.085965
331.9	0.084708
332	0.083688
332.1	0.083062
332.2	0.08137
332.3	0.080726
332.4	0.080042
332.5	0.078509
332.6	0.077235
332.7	0.077135
332.8	0.076247
332.9	0.074929
333	0.073594
333.1	0.073261
333.2	0.07233
333.3	0.07055
333.4	0.069875
333.5	0.069476
333.6	0.069031
333.7	0.067979
333.8	0.066816
333.9	0.065606
334	0.065233
334.1	0.064433
334.2	0.063906
334.3	0.063399
334.4	0.062421
334.5	0.061925
334.6	0.060927
334.7	0.060245
334.8	0.059679
334.9	0.059003
335	0.058357
335.1	0.057464
335.2	0.056762
335.3	0.055805
335.4	0.05562
335.5	0.05487
335.6	0.054477
335.7	0.053654
335.8	0.053306
335.9	0.053164
336	0.051857
336.1	0.051281
336.2	0.05066
336.3	0.050342
336.4	0.04916
336.5	0.048822
336.6	0.048229
336.7	0.047552
336.8	0.047678
336.9	0.047224
337	0.046744
337.1	0.046165
337.2	0.046069
337.3	0.045523
337.4	0.045267
337.5	0.044241
337.6	0.043992
337.7	0.043968
337.8	0.04329
337.9	0.042921
338	0.042568
338.1	0.042015
338.2	0.042188
338.3	0.041778
338.4	0.041495
338.5	0.040995
338.6	0.040917
338.7	0.040751
338.8	0.040353
338.9	0.039754
339	0.039479
339.1	0.039584
339.2	0.039334
339.3	0.039151
339.4	0.038319
339.5	0.038307
339.6	0.038093
339.7	0.037758
339.8	0.03783
339.9	0.037755
340	0.037877
340.1	0.037374
340.2	0.036763
340.3	0.036471
340.4	0.036687
340.5	0.036648
340.6	0.036739
340.7	0.037002
340.8	0.036741
340.9	0.03643
341	0.036253
341.1	0.036142
341.2	0.036034
341.3	0.035744
341.4	0.035853
341.5	0.035607
341.6	0.0357
341.7	0.035193
341.8	0.035065
341.9	0.035335
342	0.035051
342.1	0.034947
342.2	0.035018
342.3	0.03496
342.4	0.03498
342.5	0.034843
342.6	0.034673
342.7	0.034348
342.8	0.034683
342.9	0.034414
343	0.034807
343.1	0.034592
343.2	0.034612
343.3	0.03413
343.4	0.034543
343.5	0.034162
343.6	0.034192
343.7	0.034182
343.8	0.034389
343.9	0.033928
344	0.034033
344.1	0.034146
344.2	0.034185
344.3	0.034182
344.4	0.033797
344.5	0.034024
344.6	0.034117
344.7	0.034028
344.8	0.034142
344.9	0.033677
345	0.033807
345.1	0.033845
345.2	0.03392
345.3	0.033836
345.4	0.033784
345.5	0.033595
345.6	0.033858
345.7	0.033874
345.8	0.033632
345.9	0.033717
346	0.033545
346.1	0.033499
346.2	0.033425
346.3	0.033375
346.4	0.033653
346.5	0.03345
346.6	0.033121
346.7	0.03341
346.8	0.033094
346.9	0.03309
347	0.033209
347.1	0.033078
347.2	0.033047
347.3	0.03275
347.4	0.032614
347.5	0.032583
347.6	0.032665
347.7	0.032618
347.8	0.032425
347.9	0.03205
348	0.032225
348.1	0.03207
348.2	0.031952
348.3	0.031932
348.4	0.032276
348.5	0.031665
348.6	0.03171
348.7	0.031566
348.8	0.031288
348.9	0.031341
349	0.031039
349.1	0.030914
349.2	0.031071
349.3	0.030942
349.4	0.03064
349.5	0.030403
349.6	0.030452
349.7	0.030052
349.8	0.029681
349.9	0.029757
350	0.029688
350.1	0.029714
350.2	0.029743
350.3	0.029584
350.4	0.029304
350.5	0.02944
350.6	0.029313
350.7	0.028933
350.8	0.028887
350.9	0.028674
351	0.028877
351.1	0.028634
351.2	0.028477
351.3	0.028665
351.4	0.028375
351.5	0.028047
351.6	0.027639
351.7	0.027749
351.8	0.027798
351.9	0.027769
352	0.027648
352.1	0.027444
352.2	0.027142
352.3	0.027169
352.4	0.026987
352.5	0.026936
352.6	0.026654
352.7	0.026494
352.8	0.02613
352.9	0.026074
353	0.025964
353.1	0.025755
353.2	0.025549
353.3	0.025708
353.4	0.025339
353.5	0.024723
353.6	0.0246
353.7	0.024897
353.8	0.024741
353.9	0.024406
354	0.024214
354.1	0.024053
354.2	0.02399
354.3	0.023889
354.4	0.023545
354.5	0.023466
354.6	0.02331
354.7	0.02298
354.8	0.023099
354.9	0.022831
355	0.022698
355.1	0.02255
355.2	0.022532
355.3	0.022412
355.4	0.022082
355.5	0.021915
355.6	0.021806
355.7	0.021894
355.8	0.021526
355.9	0.021349
356	0.021041
356.1	0.020882
356.2	0.020808
356.3	0.020358
356.4	0.02019
356.5	0.02001
356.6	0.019653
356.7	0.019886
356.8	0.019869
356.9	0.019626
357	0.019341
357.1	0.019134
357.2	0.018998
357.3	0.018972
357.4	0.018674
357.5	0.018443
357.6	0.018325
357.7	0.01831
357.8	0.018178
357.9	0.017814
358	0.017675
358.1	0.017551
358.2	0.017705
358.3	0.017519
358.4	0.017564
358.5	0.017419
358.6	0.01727
358.7	0.016889
358.8	0.016775
358.9	0.016704
359	0.016813
359.1	0.016635
359.2	0.016383
359.3	0.016146
359.4	0.015879
359.5	0.015799
359.6	0.015907
359.7	0.015713
359.8	0.015603
359.9	0.015516
360	0.015471
360.1	0.015256
360.2	0.015078
360.3	0.015007
360.4	0.015047
360.5	0.014866
360.6	0.014814
360.7	0.014571
360.8	0.014359
360.9	0.01435
361	0.014234
361.1	0.014068
361.2	0.013994
361.3	0.013869
361.4	0.013622
361.5	0.013494
361.6	0.013388
361.7	0.013332
361.8	0.013046
361.9	0.012974
362	0.012973
362.1	0.012993
362.2	0.012695
362.3	0.012577
362.4	0.012381
362.5	0.012338
362.6	0.012259
362.7	0.01204
362.8	0.01186
362.9	0.011677
363	0.011629
363.1	0.011461
363.2	0.011387
363.3	0.011286
363.4	0.011046
363.5	0.011069
363.6	0.010974
363.7	0.010921
363.8	0.010963
363.9	0.010784
364	0.010592
364.1	0.010462
364.2	0.010379
364.3	0.010186
364.4	0.010173
364.5	0.010061
364.6	0.0099904
364.7	0.0098548
364.8	0.0099333
364.9	0.0099943
365	0.0098377
365.1	0.0096768
365.2	0.0095463
365.3	0.0094575
365.4	0.009393
365.5	0.0091978
365.6	0.0092196
365.7	0.0091565
365.8	0.0090724
365.9	0.0088619
366	0.0087568
366.1	0.0086796
366.2	0.0085866
366.3	0.008543
366.4	0.0085742
366.5	0.008523
366.6	0.0083877
366.7	0.0083367
366.8	0.0081865
366.9	0.0081041
367	0.0081445
367.1	0.0079159
367.2	0.0079414
367.3	0.0078222
367.4	0.0076799
367.5	0.0078735
367.6	0.0078585
367.7	0.0076601
367.8	0.007707
367.9	0.0078289
368	0.0077781
368.1	0.0078578
368.2	0.007793
368.3	0.0078269
368.4	0.0077312
368.5	0.0078326
368.6	0.0077926
368.7	0.0078689
368.8	0.0076975
368.9	0.0076877
369	0.007644
369.1	0.0075312
369.2	0.0075779
369.3	0.0074615
369.4	0.0073364
369.5	0.007172
369.6	0.0072895
369.7	0.0072168
369.8	0.0069787
369.9	0.0069004
370	0.0068588
370.1	0.0067924
370.2	0.0068886
370.3	0.0067679
370.4	0.0067043
370.5	0.0066483
370.6	0.0067477
370.7	0.0066932
370.8	0.0068258
370.9	0.0067663
371	0.0068794
371.1	0.006839
371.2	0.0069394
371.3	0.0069536
371.4	0.0068495
371.5	0.0068379
371.6	0.0067767
371.7	0.0068312
371.8	0.0067339
371.9	0.0065457
372	0.0064729
372.1	0.0063987
372.2	0.0064422
372.3	0.0064349
372.4	0.0063833
372.5	0.0063003
372.6	0.0062256
372.7	0.006315
372.8	0.006371
372.9	0.0064456
373	0.0063601
373.1	0.0063038
373.2	0.0061685
373.3	0.0061063
373.4	0.0061945
373.5	0.0061364
373.6	0.0060819
373.7	0.0058937
373.8	0.0059431
373.9	0.0058927
374	0.0059229
374.1	0.0058678
374.2	0.0059532
374.3	0.0058967
374.4	0.0060479
374.5	0.006114
374.6	0.0061981
374.7	0.0063342
374.8	0.0065947
374.9	0.0068461
375	0.0070408
375.1	0.0073568
375.2	0.0077643
375.3	0.0081913
375.4	0.0088875
375.5	0.0094443
375.6	0.010136
375.7	0.010908
375.8	0.011697
375.9	0.012666
376	0.013392
376.1	0.014306
376.2	0.015165
376.3	0.015929
376.4	0.016604
376.5	0.017421
376.6	0.018285
376.7	0.019038
376.8	0.019834
376.9	0.020426
377	0.021148
377.1	0.021652
377.2	0.022359
377.3	0.022534
377.4	0.022807
377.5	0.023061
377.6	0.023086
377.7	0.022996
377.8	0.022845
377.9	0.022905
378	0.022882
378.1	0.022396
378.2	0.022494
378.3	0.022204
378.4	0.022334
378.5	0.022056
378.6	0.021837
378.7	0.021845
378.8	0.02186
378.9	0.021654
379	0.021527
379.1	0.021507
379.2	0.021834
379.3	0.022326
379.4	0.022629
379.5	0.022919
379.6	0.023546
379.7	0.024538
379.8	0.025494
379.9	0.026755
380	0.028281
380.1	0.029834
380.2	0.031391
380.3	0.033224
380.4	0.03469
380.5	0.03591
380.6	0.036822
380.7	0.037426
380.8	0.037894
380.9	0.037586
381	0.036976
381.1	0.035821
381.2	0.034516
381.3	0.032679
381.4	0.031111
381.5	0.029522
381.6	0.027688
381.7	0.026744
381.8	0.024966
381.9	0.023368
382	0.022237
382.1	0.021
382.2	0.019935
382.3	0.019069
382.4	0.0183
382.5	0.017581
382.6	0.016785
382.7	0.016448
382.8	0.016019
382.9	0.015743
383	0.015701
383.1	0.015703
383.2	0.015581
383.3	0.015665
383.4	0.015685
383.5	0.016028
383.6	0.016367
383.7	0.016377
383.8	0.016613
383.9	0.016658
384	0.016895
384.1	0.01686
384.2	0.01647
384.3	0.016214
384.4	0.015594
384.5	0.01501
384.6	0.014509
384.7	0.01362
384.8	0.012846
384.9	0.012042
385	0.01142
385.1	0.010755
385.2	0.01009
385.3	0.0094836
385.4	0.008868
385.5	0.0082775
385.6	0.0079487
385.7	0.0076311
385.8	0.0070461
385.9	0.0067635
386	0.0065549
386.1	0.0062089
386.2	0.0060198
386.3	0.0057114
386.4	0.0057154
386.5	0.005309
386.6	0.0050839
386.7	0.0049289
386.8	0.0048784
386.9	0.0045393
387	0.0044697
387.1	0.004347
387.2	0.0042214
387.3	0.0042972
387.4	0.0039904
387.5	0.0039757
387.6	0.0038505
387.7	0.0037697
387.8	0.0037782
387.9	0.0036613
388	0.0035622
388.1	0.003603
388.2	0.0034793
388.3	0.0034204
388.4	0.0034747
388.5	0.0032885
388.6	0.0030842
388.7	0.0029702
388.8	0.0031486
388.9	0.0032828
389	0.0030656
389.1	0.0030251
389.2	0.0029708
389.3	0.0027865
389.4	0.0028248
389.5	0.0026912
389.6	0.002714
389.7	0.0025524
389.8	0.0024641
389.9	0.0025327
390	0.0024848
390.1	0.0023605
390.2	0.0023453
390.3	0.0023063
390.4	0.0022648
390.5	0.0023899
390.6	0.0022531
390.7	0.0021145
390.8	0.002007
390.9	0.0019852
391	0.0020131
391.1	0.002013
391.2	0.0020229
391.3	0.0019319
391.4	0.0019988
391.5	0.0019543
391.6	0.0020478
391.7	0.001914
391.8	0.001866
391.9	0.001857
392	0.0019165
392.1	0.0021341
392.2	0.0019606
392.3	0.0018686
392.4	0.001951
392.5	0.0019378
392.6	0.0020543
392.7	0.0020625
392.8	0.0021227
392.9	0.0020755
393	0.0021552
393.1	0.0021129
393.2	0.0022823
393.3	0.0021331
393.4	0.0021833
393.5	0.00208
393.6	0.0012649
393.7	0.0019754
393.8	0.0019182
393.9	0.0018901
394	0.0019413
394.1	0.0018925
394.2	0.0019165
394.3	0.0018993
394.4	0.0018454
394.5	0.0017697
394.6	0.0017912
394.7	0.0017257
394.8	0.0018952
394.9	0.0017794
395	0.0017856
395.1	0.0016218
395.2	0.0017857
395.3	0.0019495
395.4	0.0017096
395.5	0.0017377
395.6	0.0016836
395.7	0.0017924
395.8	0.0017958
395.9	0.0017483
396	0.0017836
396.1	0.0017484
396.2	0.0017019
396.3	0.0016975
396.4	0.0018174
396.5	0.001876
396.6	0.0018188
396.7	0.0016465
396.8	0.0017093
396.9	0.0018789
397	0.0017484
397.1	0.0017099
397.2	0.0017203
397.3	0.0017735
397.4	0.0018339
397.5	0.0017774
397.6	0.0019033
397.7	0.0019505
397.8	0.0021366
397.9	0.0022007
398	0.0024845
398.1	0.0025046
398.2	0.0026273
398.3	0.0026586
398.4	0.0027951
398.5	0.0030519
398.6	0.002779
398.7	0.002872
398.8	0.002864
398.9	0.0028919
399	0.003025
399.1	0.0027968
399.2	0.0028027
399.3	0.0027721
399.4	0.0029405
399.5	0.0029257
399.6	0.0029473
399.7	0.0028895
399.8	0.0030471
399.9	0.0030011
400	0.0029589
400.1	0.0031251
400.2	0.0029711
400.3	0.0028478
400.4	0.0028749
400.5	0.0029407
400.6	0.0031782
400.7	0.0030358
400.8	0.0031907
400.9	0.0031583
401	0.0033389
401.1	0.0034577
401.2	0.0038722
401.3	0.0039407
401.4	0.0042405
401.5	0.0043575
401.6	0.0045126
401.7	0.0050295
401.8	0.0049211
401.9	0.0049788
402	0.0051204
402.1	0.0050454
402.2	0.0048353
402.3	0.0044038
402.4	0.0041648
402.5	0.003808
402.6	0.0035053
402.7	0.0032585
402.8	0.0028489
402.9	0.0025512
403	0.0023373
403.1	0.002137
403.2	0.0019587
403.3	0.0021283
403.4	0.0018889
403.5	0.0018849
403.6	0.001935
403.7	0.0019411
403.8	0.0020722
403.9	0.0019615
404	0.0021969
404.1	0.0021312
404.2	0.0022037
404.3	0.0022777
404.4	0.0025942
404.5	0.0025421
404.6	0.0025789
404.7	0.0024536
404.8	0.0025291
404.9	0.0027196
405	0.0024067
405.1	0.002178
405.2	0.0021733
405.3	0.0022452
405.4	0.0023001
405.5	0.0020534
405.6	0.0019939
405.7	0.0020184
405.8	0.0019972
405.9	0.0021841
406	0.0022587
406.1	0.0020855
406.2	0.0022634
406.3	0.0022134
406.4	0.0022257
406.5	0.0025536
406.6	0.0025574
406.7	0.0024605
406.8	0.0026258
406.9	0.0027958
407	0.0029874
407.1	0.0031299
407.2	0.0032243
407.3	0.0031993
407.4	0.0034111
407.5	0.0035823
407.6	0.0040535
407.7	0.003822
407.8	0.0040629
407.9	0.0043406
408	0.0045833
408.1	0.0049039
408.2	0.0051144
408.3	0.0053187
408.4	0.0054924
408.5	0.0058466
408.6	0.0060491
408.7	0.0059727
408.8	0.0064212
408.9	0.0066282
409	0.0068768
409.1	0.0073993
409.2	0.0080709
409.3	0.0082022
409.4	0.0085182
409.5	0.0088594
409.6	0.0090363
409.7	0.0093071
409.8	0.0093113
409.9	0.0095345
410	0.0096231
410.1	0.0096877
410.2	0.0097787
410.3	0.0097153
410.4	0.010145
410.5	0.010342
410.6	0.010779
410.7	0.011039
410.8	0.011493
410.9	0.011494
411	0.011648
411.1	0.012255
411.2	0.012781
411.3	0.013021
411.4	0.013626
411.5	0.014082
411.6	0.014961
411.7	0.015801
411.8	0.013858
411.9	0.017311
412	0.019205
412.1	0.019945
412.2	0.02079
412.3	0.021656
412.4	0.022644
412.5	0.022901
412.6	0.023396
412.7	0.023745
412.8	0.023264
412.9	0.023313
413	0.023192
413.1	0.022876
413.2	0.022421
413.3	0.021791
413.4	0.021457
413.5	0.020873
413.6	0.020137
413.7	0.019226
413.8	0.017924
413.9	0.016588
414	0.014995
414.1	0.013479
414.2	0.012477
414.3	0.011072
414.4	0.010155
414.5	0.0093775
414.6	0.0085664
414.7	0.0079084
414.8	0.0077672
414.9	0.007912
415	0.0081618
415.1	0.0083278
415.2	0.0090914
415.3	0.0096007
415.4	0.010451
415.5	0.011384
415.6	0.012584
415.7	0.013323
415.8	0.014322
415.9	0.015253
416	0.015593
416.1	0.016207
416.2	0.016703
416.3	0.016728
416.4	0.016575
416.5	0.016551
416.6	0.01632
416.7	0.015939
416.8	0.015172
416.9	0.014968
417	0.014318
417.1	0.013714
417.2	0.013428
417.3	0.013394
417.4	0.012945
417.5	0.012626
417.6	0.012451
417.7	0.012386
417.8	0.011572
417.9	0.010944
418	0.0099915
418.1	0.0094063
418.2	0.0088277
418.3	0.0078814
418.4	0.0075039
418.5	0.0067236
418.6	0.0063278
418.7	0.0058671
418.8	0.0057317
418.9	0.0054429
419	0.005021
419.1	0.0047417
419.2	0.0046735
419.3	0.0046352
419.4	0.0041777
419.5	0.0039539
419.6	0.0038686
419.7	0.0037617
419.8	0.0036617
419.9	0.0035078
420	0.0032697
420.1	0.0032574
420.2	0.0030802
420.3	0.0029447
420.4	0.0031419
420.5	0.0028675
420.6	0.0027192
420.7	0.0026044
420.8	0.0027183
420.9	0.0029776
421	0.0027193
421.1	0.0027128
421.2	0.0026626
421.3	0.0025922
421.4	0.0026756
421.5	0.0026744
421.6	0.0027085
421.7	0.0026061
421.8	0.002642
421.9	0.0026023
422	0.0027573
422.1	0.0026837
422.2	0.0026048
422.3	0.0025655
422.4	0.002613
422.5	0.0028571
422.6	0.0026836
422.7	0.0027782
422.8	0.002773
422.9	0.00286
423	0.0030009
423.1	0.0029357
423.2	0.0029406
423.3	0.0027973
423.4	0.0028003
423.5	0.0026278
423.6	0.0030106
423.7	0.0029064
423.8	0.0029501
423.9	0.0030512
424	0.0031684
424.1	0.0032861
424.2	0.0033115
424.3	0.0032492
424.4	0.0033999
424.5	0.0032788
424.6	0.0035454
424.7	0.0035728
424.8	0.0037153
424.9	0.0035054
425	0.0034873
425.1	0.0034453
425.2	0.0036352
425.3	0.0032658
425.4	0.0030342
425.5	0.0030305
425.6	0.0028142
425.7	0.0031172
425.8	0.0027325
425.9	0.0023439
426	0.0023445
426.1	0.0022209
426.2	0.0024574
426.3	0.002289
426.4	0.0023402
426.5	0.0023593
426.6	0.0026155
426.7	0.0027486
426.8	0.0028676
426.9	0.0030767
427	0.0033587
427.1	0.0034745
427.2	0.0038931
427.3	0.0041942
427.4	0.0041539
427.5	0.0043088
427.6	0.0043035
427.7	0.0044701
427.8	0.0043847
427.9	0.0042826
428	0.004149
428.1	0.0036774
428.2	0.0038351
428.3	0.0036866
428.4	0.0037063
428.5	0.0034653
428.6	0.0036198
428.7	0.0033792
428.8	0.0035969
428.9	0.0037763
429	0.003635
429.1	0.0036625
429.2	0.0035664
429.3	0.0039369
429.4	0.0042056
429.5	0.0039611
429.6	0.0043737
429.7	0.0045417
429.8	0.004814
429.9	0.0052302
430	0.0056243
430.1	0.0058713
430.2	0.006212
430.3	0.0063076
430.4	0.00667
430.5	0.0069219
430.6	0.0066491
430.7	0.006579
430.8	0.0065364
430.9	0.0063423
431	0.0063307
431.1	0.0057328
431.2	0.0057282
431.3	0.0053236
431.4	0.0050767
431.5	0.0049501
431.6	0.0050619
431.7	0.0047652
431.8	0.0047668
431.9	0.004468
432	0.0046312
432.1	0.0048664
432.2	0.004833
432.3	0.0046575
432.4	0.0046393
432.5	0.0045742
432.6	0.004819
432.7	0.0048921
432.8	0.0049191
432.9	0.0048933
433	0.0051819
433.1	0.0053762
433.2	0.0058801
433.3	0.0061602
433.4	0.0065732
433.5	0.0070294
433.6	0.0082318
433.7	0.00949
433.8	0.010454
433.9	0.01159
434	0.013185
434.1	0.014843
434.2	0.016118
434.3	0.017486
434.4	0.01942
434.5	0.020553
434.6	0.02166
434.7	0.022301
434.8	0.022825
434.9	0.022274
435	0.021527
435.1	0.021876
435.2	0.020646
435.3	0.019943
435.4	0.018295
435.5	0.016834
435.6	0.015564
435.7	0.014607
435.8	0.013505
435.9	0.012421
436	0.011477
436.1	0.01006
436.2	0.0091902
436.3	0.0085502
436.4	0.0081433
436.5	0.0075883
436.6	0.0076461
436.7	0.0075975
436.8	0.0079113
436.9	0.0086236
437	0.0090406
437.1	0.009671
437.2	0.010218
437.3	0.010824
437.4	0.011577
437.5	0.011657
437.6	0.011919
437.7	0.011783
437.8	0.012093
437.9	0.011889
438	0.011684
438.1	0.011195
438.2	0.011177
438.3	0.011122
438.4	0.010907
438.5	0.011086
438.6	0.010798
438.7	0.010801
438.8	0.010626
438.9	0.010787
439	0.011004
439.1	0.010802
439.2	0.010854
439.3	0.010683
439.4	0.010506
439.5	0.01039
439.6	0.010336
439.7	0.0096968
439.8	0.0091239
439.9	0.0084916
440	0.0079331
440.1	0.0072517
440.2	0.0065984
440.3	0.0062469
440.4	0.0055015
440.5	0.0051211
440.6	0.0048564
440.7	0.0044456
440.8	0.0046618
440.9	0.0041648
441	0.0041271
441.1	0.0040621
441.2	0.0040476
441.3	0.0040776
441.4	0.004063
441.5	0.0039876
441.6	0.00406
441.7	0.0043319
441.8	0.0043578
441.9	0.004387
442	0.0046906
442.1	0.0051805
442.2	0.0056314
442.3	0.0058821
442.4	0.0064272
442.5	0.0065174
442.6	0.0067655
442.7	0.0070823
442.8	0.0073092
442.9	0.0070419
443	0.0070238
443.1	0.0067378
443.2	0.0064128
443.3	0.0062342
443.4	0.0057758
443.5	0.0052793
443.6	0.0050261
443.7	0.0045905
443.8	0.0045285
443.9	0.0043793
444	0.0044686
444.1	0.0043808
444.2	0.0044187
444.3	0.0042676
444.4	0.0045168
444.5	0.0043692
444.6	0.0043659
444.7	0.0042005
444.8	0.0041435
444.9	0.004358
445	0.0041225
445.1	0.0037787
445.2	0.0038551
445.3	0.0038048
445.4	0.0037308
445.5	0.0035336
445.6	0.0034077
445.7	0.0033245
445.8	0.0034089
445.9	0.0034351
446	0.0035156
446.1	0.0032558
446.2	0.0033169
446.3	0.003199
446.4	0.003016
446.5	0.0034716
446.6	0.0033055
446.7	0.0031982
446.8	0.0027772
446.9	0.0029447
447	0.0030795
447.1	0.0028444
447.2	0.0028806
447.3	0.002677
447.4	0.0027432
447.5	0.0027777
447.6	0.0030332
447.7	0.0027596
447.8	0.0029303
447.9	0.0029818
448	0.0029386
448.1	0.0030903
448.2	0.0027652
448.3	0.0027993
448.4	0.0027656
448.5	0.0027525
448.6	0.0029305
448.7	0.0028438
448.8	0.0029354
448.9	0.0026975
449	0.0029223
449.1	0.0026744
449.2	0.0028772
449.3	0.0027168
449.4	0.0028069
449.5	0.0027572
449.6	0.0026775
449.7	0.0029082
449.8	0.0027922
449.9	0.002794
450	0.0027536
450.1	0.0028484
450.2	0.0030014
450.3	0.0029548
450.4	0.0028997
450.5	0.0028279
450.6	0.002977
450.7	0.0028829
450.8	0.0030679
450.9	0.0030482
451	0.0030695
451.1	0.0029767
451.2	0.0028794
451.3	0.003279
451.4	0.0030043
451.5	0.0030464
451.6	0.0029866
451.7	0.0028764
451.8	0.0030225
451.9	0.0029808
452	0.0028735
452.1	0.0028257
452.2	0.002943
452.3	0.0028157
452.4	0.0030995
452.5	0.0030736
452.6	0.0031123
452.7	0.0029336
452.8	0.0031053
452.9	0.0034592
453	0.0031775
453.1	0.0032191
453.2	0.003238
453.3	0.0032906
453.4	0.0033869
453.5	0.0032738
453.6	0.0036435
453.7	0.0036968
453.8	0.0036
453.9	0.0038097
454	0.0040504
454.1	0.0039054
454.2	0.0042138
454.3	0.0042584
454.4	0.0043752
454.5	0.0045199
454.6	0.0041429
454.7	0.0041993
454.8	0.004296
454.9	0.0044336
455	0.0044805
455.1	0.0043612
455.2	0.0043127
455.3	0.0042026
455.4	0.0044249
455.5	0.0040977
455.6	0.0042923
455.7	0.0041506
455.8	0.0042552
455.9	0.0040432
456	0.0037963
456.1	0.0039376
456.2	0.003473
456.3	0.0034206
456.4	0.0033875
456.5	0.0032637
456.6	0.0034749
456.7	0.0032606
456.8	0.0032738
456.9	0.0033984
457	0.0037022
457.1	0.0038295
457.2	0.0042093
457.3	0.0042704
457.4	0.0044717
457.5	0.0046318
457.6	0.0049697
457.7	0.0052362
457.8	0.0052434
457.9	0.0052114
458	0.0050751
458.1	0.0052479
458.2	0.0054206
458.3	0.0052452
458.4	0.0053298
458.5	0.0049511
458.6	0.0049624
458.7	0.0048038
458.8	0.0050122
458.9	0.0046557
459	0.0046453
459.1	0.005775
459.2	0.0050318
459.3	0.0045251
459.4	0.0041811
459.5	0.003808
459.6	0.0037161
459.7	0.003717
459.8	0.0039876
459.9	0.0037878
460	0.0038184
460.1	0.0038567
460.2	0.0040115
460.3	0.0039439
460.4	0.0041301
460.5	0.0037703
460.6	0.0035652
460.7	0.0036201
460.8	0.0033218
460.9	0.0034155
461	0.0031126
461.1	0.0029513
461.2	0.0029579
461.3	0.0030124
461.4	0.00322
461.5	0.002908
461.6	0.0028698
461.7	0.0028472
461.8	0.0030014
461.9	0.0030004
462	0.0030583
462.1	0.0029757
462.2	0.0030102
462.3	0.0029955
462.4	0.003138
462.5	0.003453
462.6	0.0034121
462.7	0.0035819
462.8	0.0036021
462.9	0.0037682
463	0.0041056
463.1	0.004267
463.2	0.0046987
463.3	0.0048843
463.4	0.0052119
463.5	0.005569
463.6	0.0060181
463.7	0.0060752
463.8	0.0061394
463.9	0.0062189
464	0.0064355
464.1	0.0067583
464.2	0.0064784
464.3	0.0064791
464.4	0.006486
464.5	0.0063676
464.6	0.0061124
464.7	0.0056644
464.8	0.0054501
464.9	0.0052676
465	0.0049731
465.1	0.0048715
465.2	0.0048311
465.3	0.0044882
465.4	0.0043719
465.5	0.0044855
465.6	0.0046097
465.7	0.0047975
465.8	0.0046643
465.9	0.0048902
466	0.0045161
466.1	0.0045398
466.2	0.0046733
466.3	0.0047425
466.4	0.0046776
466.5	0.0046987
466.6	0.0048069
466.7	0.0047564
466.8	0.0052074
466.9	0.0053008
467	0.0055571
467.1	0.0057671
467.2	0.0061184
467.3	0.0066416
467.4	0.0068321
467.5	0.0072808
467.6	0
467.7	0
467.8	0
467.9	0
468	0
468.1	0
468.2	0
468.3	0
468.4	0.011182
468.5	0.010793
468.6	0.010761
468.7	0.010724
468.8	0.010711
468.9	0.010952
469	0.010579
469.1	0.010708
469.2	0.010726
469.3	0.010931
469.4	0.010893
469.5	0.010728
469.6	0.010603
469.7	0.010226
469.8	0.0099155
469.9	0.009473
470	0.009236
470.1	0.0086199
470.2	0.0082953
470.3	0.0077349
470.4	0.0072148
470.5	0.0071083
470.6	0.0067444
470.7	0.00646
470.8	0.0062578
470.9	0.0063161
471	0.0065143
471.1	0.0063817
471.2	0.0064447
471.3	0.0064157
471.4	0.0067091
471.5	0.0069344
471.6	0.0073443
471.7	0.0072477
471.8	0.0074234
471.9	0.0078813
472	0.0080795
472.1	0.0085003
472.2	0.0087415
472.3	0.009091
472.4	0.0093983
472.5	0.010166
472.6	0.010857
472.7	0.011527
472.8	0.012454
472.9	0.013373
473	0.014796
473.1	0.016424
473.2	0.018019
473.3	0.019264
473.4	0.020488
473.5	0.021412
473.6	0.022491
473.7	0.023412
473.8	0.023598
473.9	0.023631
474	0.023724
474.1	0.023466
474.2	0.023736
474.3	0.023036
474.4	0.022527
474.5	0.021969
474.6	0.021514
474.7	0.021105
474.8	0.021288
474.9	0.020564
475	0.020508
475.1	0.020103
475.2	0.019878
475.3	0.019781
475.4	0.019344
475.5	0.018706
475.6	0.018744
475.7	0.01866
475.8	0.019043
475.9	0.018702
476	0.018822
476.1	0.018689
476.2	0.018706
476.3	0.018714
476.4	0.019021
476.5	0.019086
476.6	0.019691
476.7	0.020446
476.8	0.020421
476.9	0.020798
477	0.02099
477.1	0.021845
477.2	0.022269
477.3	0.022994
477.4	0.023752
477.5	0.025281
477.6	0.027091
477.7	0.029112
477.8	0.03188
477.9	0.035204
478	0.038201
478.1	0.040359
478.2	0.042974
478.3	0.044565
478.4	0.045342
478.5	0.04579
478.6	0.044436
478.7	0.042566
478.8	0.040051
478.9	0.037217
479	0.034171
479.1	0.031093
479.2	0.02798
479.3	0.025262
479.4	0.022995
479.5	0.021369
479.6	0.019991
479.7	0.018794
479.8	0.017656
479.9	0.016641
480	0.016148
480.1	0.015767
480.2	0.015074
480.3	0.014514
480.4	0.014213
480.5	0.01395
480.6	0.013684
480.7	0.013602
480.8	0.013403
480.9	0.013223
481	0.013255
481.1	0.013338
481.2	0.013528
481.3	0.013303
481.4	0.013303
481.5	0.013363
481.6	0.01347
481.7	0.01397
481.8	0.013703
481.9	0.013823
482	0.013917
482.1	0.014182
482.2	0.01419
482.3	0.014405
482.4	0.014428
482.5	0.014863
482.6	0.014842
482.7	0.014885
482.8	0.015253
482.9	0.01558
483	0.015838
483.1	0.016149
483.2	0.0167
483.3	0.017488
483.4	0.017519
483.5	0.017698
483.6	0.018222
483.7	0.018918
483.8	0.019554
483.9	0.019625
484	0.020261
484.1	0.020545
484.2	0.020999
484.3	0.021553
484.4	0.022198
484.5	0.02272
484.6	0.02313
484.7	0.023712
484.8	0.0244
484.9	0.025113
485	0.0258
485.1	0.026387
485.2	0.026889
485.3	0.031267
485.4	0.029284
485.5	0.028989
485.6	0.029264
485.7	0.029763
485.8	0.030373
485.9	0.031085
486	0.031347
486.1	0.031251
486.2	0.03131
486.3	0.031257
486.4	0.031487
486.5	0.03165
486.6	0.031581
486.7	0.031317
486.8	0.031476
486.9	0.031931
487	0.032073
487.1	0.031958
487.2	0.032452
487.3	0.032842
487.4	0.032553
487.5	0.032617
487.6	0.032014
487.7	0.030847
487.8	0.02992
487.9	0.028912
488	0.028019
488.1	0.026889
488.2	0.025071
488.3	0.023571
488.4	0.022337
488.5	0.021261
488.6	0.019983
488.7	0.018623
488.8	0.017384
488.9	0.016534
489	0.015522
489.1	0.014899
489.2	0.014256
489.3	0.013418
489.4	0.012718
489.5	0.011992
489.6	0.011641
489.7	0.011395
489.8	0.010849
489.9	0.010421
490	0.010163
490.1	0.0097391
490.2	0.0096488
490.3	0.0092295
490.4	0.0088543
490.5	0.0085971
490.6	0.0084185
490.7	0.0083558
490.8	0.0082846
490.9	0.0079403
491	0.0080184
491.1	0.0075453
491.2	0.0072878
491.3	0.007304
491.4	0.0070883
491.5	0.0070917
491.6	0.0068992
491.7	0.0066421
491.8	0.006616
491.9	0.0065316
492	0.0063991
492.1	0.0061707
492.2	0.0059988
492.3	0.0059269
492.4	0.0060034
492.5	0.0058373
492.6	0.005956
492.7	0.0057021
492.8	0.0056612
492.9	0.0056782
493	0.0054075
493.1	0.0053379
493.2	0.0053167
493.3	0.0052115
493.4	0.0053237
493.5	0.0051478
493.6	0.0050825
493.7	0.0050656
493.8	0.0051539
493.9	0.0051346
494	0.0051816
494.1	0.0049721
494.2	0.0049869
494.3	0.0050247
494.4	0.0048864
494.5	0.0050455
494.6	0.0049249
494.7	0.0047308
494.8	0.0047006
494.9	0.0047171
495	0.0047144
495.1	0.0046497
495.2	0.0045796
495.3	0.0045835
495.4	0.0044819
495.5	0.0044162
495.6	0.0044936
495.7	0.0043634
495.8	0.0044128
495.9	0.004267
496	0.0043773
496.1	0.0045733
496.2	0.0042415
496.3	0.0042544
496.4	0.0042603
496.5	0.0043844
496.6	0.0044334
496.7	0.0042572
496.8	0.0041706
496.9	0.0041652
497	0.0040477
497.1	0.0040153
497.2	0.0041213
497.3	0.0039774
497.4	0.0039074
497.5	0.0039342
497.6	0.0039604
497.7	0.004107
497.8	0.0040694
497.9	0.0040492
498	0.0038959
498.1	0.0039307
498.2	0.0039868
498.3	0.004031
498.4	0.0039673
498.5	0.0039681
498.6	0.0040789
498.7	0.0039802
498.8	0.0041869
498.9	0.0039141
499	0.0039489
499.1	0.0039672
499.2	0.0040245
