# Optical emission spectrum of Ce:GdLiF4 (Ce:GdLiF4)
# assuming unity concentration per meter.  This data was part of the NASA 
# Laser Spectra Database found on the web until December of 2005 which
# was created by Pat Cross working at NASA Langley Research Center, Internal
# Operations Group, Aerospace Electronics Systems Division, Remote Sensing.
#
# The spectra was collected by GA on 15 August 1994 and was 
# annotated on  6 April 1995.  The sample name was "" was a 9.990
# long piece of :.  
# The incident light was unpolarized.
#
# Spectra were recorded from 260nm to 499.2nm
# every 0.1nm at room temperature.  The
# excitation wavelength was unknown.
#
# SLIT WIDTH IS 1500 MICRONS, SAMPLE SHAPE IS CYLINDRICAL, C-AXIS PERP. TO LONG CYLINDER AXIS, PUMP IS ALONG A(=B AXIS & LONG AXIS) OF CRYSTAL. POLARIZER IS PLACED AFTER SAMPLE PARALLEL TO THE C-AX (Pi-POL). INTENSITY MISSING FOR 9 DATA POINTS. INSERTED 0.0 FOR ALL POINTS. FORMAT(1X,G15.8).
#
##Wavelength (nm)	Absorbance (/meter) 
260	0.0012846
260.1	0.00045962
260.2	0.00054219
260.3	0.00065679
260.4	0.00094486
260.5	0.00076379
260.6	0.00091452
260.7	0.0007493
260.8	0.00074826
260.9	0.0016326
261	0.00077582
261.1	0.00068061
261.2	0.00076083
261.3	0.00087434
261.4	0.00079737
261.5	0.00025613
261.6	0.00084989
261.7	0.0009961
261.8	0.0008819
261.9	0.00074078
262	0.0013005
262.1	0.00097708
262.2	0.00052341
262.3	0.00018916
262.4	0.00055237
262.5	0
262.6	0
262.7	0.00053182
262.8	0.0004969
262.9	0.0010625
263	0.0019271
263.1	0.0010518
263.2	0.00182
263.3	0.0011685
263.4	0.0013678
263.5	0.0010952
263.6	0.0021323
263.7	0.00058104
263.8	0.0014482
263.9	0.00079865
264	0.00086997
264.1	0.0019396
264.2	0.0016565
264.3	0.00086158
264.4	0.00092111
264.5	0.0013786
264.6	0.0011096
264.7	0.00032732
264.8	0.00077097
264.9	0.00087734
265	0.0010048
265.1	0.0010933
265.2	0.0018431
265.3	0.0014316
265.4	0.001389
265.5	0.00084491
265.6	0.00086673
265.7	0.0021639
265.8	0.0018687
265.9	0.0011217
266	0.0016504
266.1	0.0016691
266.2	0.0014581
266.3	0.00080536
266.4	0.0010561
266.5	0.00041231
266.6	0.0011347
266.7	0.0007697
266.8	0.0013436
266.9	0.0011984
267	0.0014436
267.1	0.0013159
267.2	0.0013805
267.3	0.0017079
267.4	0.0015598
267.5	0.0015711
267.6	0.00081193
267.7	0.0010783
267.8	0.0014466
267.9	0.0009685
268	0.0011938
268.1	0.0010641
268.2	0.0011387
268.3	0.0013707
268.4	0.001533
268.5	0.00091731
268.6	0.0011229
268.7	0.000951
268.8	0.0011816
268.9	0.0017103
269	0.0011461
269.1	0.00081065
269.2	0.00090016
269.3	0.0011133
269.4	0.0013035
269.5	0.00092431
269.6	0.0015767
269.7	0.0011622
269.8	0.00081808
269.9	0.0011481
270	0.0017294
270.1	0.0004512
270.2	0.00099794
270.3	0.00058873
270.4	0.00061326
270.5	0.0011261
270.6	0.00026003
270.7	0
270.8	0
270.9	0
271	0.0002646
271.1	0.0003372
271.2	0.00014342
271.3	0
271.4	0
271.5	8.0401e-05
271.6	0.0014133
271.7	0
271.8	0
271.9	0
272	0
272.1	0.00017087
272.2	0
272.3	0
272.4	0
272.5	0
272.6	0
272.7	0
272.8	0
272.9	0
273	0
273.1	0
273.2	0
273.3	0
273.4	0
273.5	0
273.6	2.2228e-05
273.7	0.00058768
273.8	0
273.9	0
274	0
274.1	0
274.2	0
274.3	0
274.4	0
274.5	0
274.6	0
274.7	0
274.8	0
274.9	0
275	0
275.1	0
275.2	0
275.3	0
275.4	0
275.5	0
275.6	0
275.7	0
275.8	0
275.9	0
276	0
276.1	0
276.2	0
276.3	0
276.4	0
276.5	0
276.6	0
276.7	0
276.8	0
276.9	0
277	0
277.1	0
277.2	0
277.3	0
277.4	5.1331e-05
277.5	0
277.6	0
277.7	0
277.8	0
277.9	0.0003321
278	0.00063457
278.1	0
278.2	0
278.3	0
278.4	0
278.5	0
278.6	0
278.7	0
278.8	0
278.9	0
279	0
279.1	0
279.2	0
279.3	0
279.4	0
279.5	0
279.6	0.00079565
279.7	0
279.8	0
279.9	0
280	0
280.1	0.00030607
280.2	0
280.3	0
280.4	0
280.5	0
280.6	0.00065463
280.7	0
280.8	9.8743e-06
280.9	0
281	0
281.1	0
281.2	0.00078334
281.3	0
281.4	0
281.5	0
281.6	0.00039674
281.7	0.00059733
281.8	2.9997e-05
281.9	0
282	3.6105e-05
282.1	0
282.2	0
282.3	0
282.4	0
282.5	0
282.6	0
282.7	0
282.8	0.00026773
282.9	0
283	0
283.1	0
283.2	0
283.3	0
283.4	0
283.5	0
283.6	0
283.7	0
283.8	0
283.9	1.0279e-05
284	0
284.1	0
284.2	0
284.3	0
284.4	0.00065027
284.5	0
284.6	0
284.7	0
284.8	0
284.9	0.0010644
285	0
285.1	0
285.2	0
285.3	0
285.4	0.00024204
285.5	0
285.6	0
285.7	0
285.8	0
285.9	0
286	0.00020703
286.1	0
286.2	0
286.3	0
286.4	0
286.5	0
286.6	0
286.7	0
286.8	0
286.9	0
287	0.0002872
287.1	0
287.2	0
287.3	0
287.4	0
287.5	0
287.6	0.00087069
287.7	0
287.8	0
287.9	0
288	0
288.1	0
288.2	0
288.3	0
288.4	0
288.5	0
288.6	0
288.7	0
288.8	0
288.9	0
289	0
289.1	0
289.2	0.00034384
289.3	0
289.4	0
289.5	0
289.6	0
289.7	0.00041242
289.8	0
289.9	0
290	0
290.1	0
290.2	0
290.3	0
290.4	0
290.5	0
290.6	0
290.7	0
290.8	0
290.9	0
291	0
291.1	0
291.2	0
291.3	0
291.4	0
291.5	0
291.6	0
291.7	0
291.8	0
291.9	0
292	0
292.1	0
292.2	0
292.3	0
292.4	0
292.5	0
292.6	0
292.7	0
292.8	0.00069093
292.9	0.00088789
293	0
293.1	0
293.2	0
293.3	3.5418e-05
293.4	0
293.5	0
293.6	0
293.7	0
293.8	0.00032015
293.9	0
294	0.0003385
294.1	0
294.2	0
294.3	0
294.4	0
294.5	0.00070482
294.6	0.00011153
294.7	0
294.8	0
294.9	0
295	0
295.1	0
295.2	2.6652e-05
295.3	0
295.4	0
295.5	0
295.6	0
295.7	0.0002365
295.8	0
295.9	0
296	0.00039471
296.1	0.0010641
296.2	0
296.3	0
296.4	0
296.5	0
296.6	0
296.7	0
296.8	0.00059538
296.9	0
297	4.6993e-05
297.1	0
297.2	0.00057032
297.3	8.7809e-05
297.4	0
297.5	0
297.6	0
297.7	0.0010961
297.8	0.00010105
297.9	0.00028674
298	0.00043537
298.1	0
298.2	0.001075
298.3	0.00034194
298.4	0.00077995
298.5	0.00030764
298.6	0.0010892
298.7	0.00090788
298.8	0.0026511
298.9	0.0013602
299	0
299.1	0.00073085
299.2	0.0014392
299.3	0.0017356
299.4	0.0010636
299.5	0.001056
299.6	0.0014378
299.7	0.0010654
299.8	0.0017708
299.9	0.0015546
300	0.002293
300.1	0.0021833
300.2	0.0031701
300.3	0.0036621
300.4	0.003906
300.5	0.0033509
300.6	0.0034926
300.7	0.0028408
300.8	0.0043127
300.9	0.0054235
301	0.0050245
301.1	0.0059521
301.2	0.0074928
301.3	0.0076461
301.4	0.01018
301.5	0.00947
301.6	0.010286
301.7	0.011782
301.8	0.012751
301.9	0.014311
302	0.016204
302.1	0.01676
302.2	0.019015
302.3	0.020246
302.4	0.022058
302.5	0.025733
302.6	0.026203
302.7	0.028723
302.8	0.032508
302.9	0.034812
303	0.037654
303.1	0.039812
303.2	0.043439
303.3	0.04436
303.4	0.050024
303.5	0.053476
303.6	0.05564
303.7	0.059892
303.8	0.064377
303.9	0.067768
304	0.070729
304.1	0.074936
304.2	0.079362
304.3	0.084982
304.4	0.089742
304.5	0.09415
304.6	0.076238
304.7	0.095017
304.8	0.1081
304.9	0.10889
305	0.11186
305.1	0.11504
305.2	0.1209
305.3	0.12202
305.4	0.12911
305.5	0.137
305.6	0.14941
305.7	0.14684
305.8	0.15066
305.9	0.15561
306	0.1595
306.1	0.16663
306.2	0.1702
306.3	0.17623
306.4	0.18139
306.5	0.18297
306.6	0.1836
306.7	0.18958
306.8	0.19423
306.9	0.19932
307	0.20378
307.1	0.21129
307.2	0.21588
307.3	0.2157
307.4	0.22641
307.5	0.22969
307.6	0.23537
307.7	0.2385
307.8	0.23983
307.9	0.24595
308	0.24134
308.1	0.24744
308.2	0.25133
308.3	0.25353
308.4	0.25037
308.5	0.25072
308.6	0.24529
308.7	0.24949
308.8	0.2489
308.9	0.25304
309	0.2548
309.1	0.25966
309.2	0.2664
309.3	0.27397
309.4	0.28154
309.5	0.28853
309.6	0.30024
309.7	0.31453
309.8	0.3308
309.9	0.35702
310	0.39263
310.1	0.44249
310.2	0.49259
310.3	0.55625
310.4	0.62858
310.5	0.69035
310.6	0.77797
310.7	0.85617
310.8	0.90811
310.9	0.96041
311	0.98231
311.1	1
311.2	0.9882
311.3	0.98081
311.4	0.92338
311.5	0.86629
311.6	0.79832
311.7	0.72247
311.8	0.6499
311.9	0.57802
312	0.52031
312.1	0.47063
312.2	0.42458
312.3	0.38166
312.4	0.35289
312.5	0.33143
312.6	0.31531
312.7	0.30148
312.8	0.29854
312.9	0.29847
313	0.29738
313.1	0.30058
313.2	0.3063
313.3	0.31741
313.4	0.3286
313.5	0.34292
313.6	0.36162
313.7	0.37733
313.8	0.39596
313.9	0.40737
314	0.41468
314.1	0.41712
314.2	0.4179
314.3	0.41196
314.4	0.39938
314.5	0.38672
314.6	0.36972
314.7	0.3533
314.8	0.32816
314.9	0.31205
315	0.29114
315.1	0.27498
315.2	0.25629
315.3	0.24207
315.4	0.22614
315.5	0.22002
315.6	0.2063
315.7	0.19869
315.8	0.18966
315.9	0.18452
316	0.17742
316.1	0.17342
316.2	0.16684
316.3	0.15954
316.4	0.15605
316.5	0.15454
316.6	0.15002
316.7	0.14924
316.8	0.14693
316.9	0.14628
317	0.14325
317.1	0.14063
317.2	0.14105
317.3	0.13969
317.4	0.13886
317.5	0.14045
317.6	0.13899
317.7	0.14078
317.8	0.13924
317.9	0.14061
318	0.13986
318.1	0.14067
318.2	0.14017
318.3	0.1403
318.4	0.1407
318.5	0.13975
318.6	0.14048
318.7	0.14279
318.8	0.14361
318.9	0.14391
319	0.14506
319.1	0.147
319.2	0.14505
319.3	0.14504
319.4	0.14578
319.5	0.14281
319.6	0.14298
319.7	0.14495
319.8	0.14741
319.9	0.14669
320	0.14648
320.1	0.14585
320.2	0.14691
320.3	0.14498
320.4	0.14718
320.5	0.14792
320.6	0.14707
320.7	0.1484
320.8	0.14806
320.9	0.15158
321	0.15053
321.1	0.151
321.2	0.15021
321.3	0.15087
321.4	0.153
321.5	0.15148
321.6	0.15253
321.7	0.15285
321.8	0.15204
321.9	0.15171
322	0.15304
322.1	0.15222
322.2	0.15325
322.3	0.15331
322.4	0.15322
322.5	0.15342
322.6	0.15304
322.7	0.15319
322.8	0.15387
322.9	0.15353
323	0.15447
323.1	0.15274
323.2	0.15347
323.3	0.15442
323.4	0.15334
323.5	0.15426
323.6	0.15416
323.7	0.15448
323.8	0.15474
323.9	0.15546
324	0.15234
324.1	0.15097
324.2	0.15303
324.3	0.1518
324.4	0.15127
324.5	0.15159
324.6	0.15145
324.7	0.15242
324.8	0.15304
324.9	0.15046
325	0.15096
325.1	0.15179
325.2	0.15098
325.3	0.14915
325.4	0.14942
325.5	0.14818
325.6	0.14552
325.7	0.14651
325.8	0.14566
325.9	0.14558
326	0.14431
326.1	0.14529
326.2	0.14492
326.3	0.14327
326.4	0.1426
326.5	0.14289
326.6	0.14175
326.7	0.14157
326.8	0.14039
326.9	0.14025
327	0.13895
327.1	0.13806
327.2	0.13684
327.3	0.13749
327.4	0.13979
327.5	0.13751
327.6	0.13694
327.7	0.13558
327.8	0.13492
327.9	0.13364
328	0.13441
328.1	0.1336
328.2	0.13182
328.3	0.13011
328.4	0.13001
328.5	0.12934
328.6	0.12857
328.7	0.12731
328.8	0.12554
328.9	0.12411
329	0.12458
329.1	0.12323
329.2	0.12152
329.3	0.12178
329.4	0.12112
329.5	0.11963
329.6	0.11824
329.7	0.11758
329.8	0.11768
329.9	0.11742
330	0.11692
330.1	0.11578
330.2	0.11489
330.3	0.11299
330.4	0.11126
330.5	0.11097
330.6	0.11118
330.7	0.11049
330.8	0.10869
330.9	0.10718
331	0.10727
331.1	0.10633
331.2	0.10493
331.3	0.10494
331.4	0.10466
331.5	0.10338
331.6	0.10191
331.7	0.10132
331.8	0.098812
331.9	0.098636
332	0.098942
332.1	0.097719
332.2	0.096382
332.3	0.095506
332.4	0.093774
332.5	0.093553
332.6	0.092826
332.7	0.092134
332.8	0.090815
332.9	0.09008
333	0.087928
333.1	0.086647
333.2	0.086522
333.3	0.08586
333.4	0.084859
333.5	0.084717
333.6	0.084377
333.7	0.083336
333.8	0.081937
333.9	0.08031
334	0.080133
334.1	0.079939
334.2	0.080095
334.3	0.078877
334.4	0.078237
334.5	0.077292
334.6	0.076382
334.7	0.074885
334.8	0.074471
334.9	0.073732
335	0.072166
335.1	0.072365
335.2	0.071485
335.3	0.070736
335.4	0.06958
335.5	0.068842
335.6	0.068288
335.7	0.06709
335.8	0.066391
335.9	0.066389
336	0.064956
336.1	0.064506
336.2	0.063979
336.3	0.063163
336.4	0.063095
336.5	0.062081
336.6	0.061353
336.7	0.06174
336.8	0.060683
336.9	0.058811
337	0.058802
337.1	0.058343
337.2	0.057781
337.3	0.057434
337.4	0.056255
337.5	0.056398
337.6	0.055565
337.7	0.054922
337.8	0.054443
337.9	0.05417
338	0.054012
338.1	0.053254
338.2	0.052217
338.3	0.051501
338.4	0.051208
338.5	0.064785
338.6	0.053664
338.7	0.050881
338.8	0.049453
338.9	0.048818
339	0.048697
339.1	0.04804
339.2	0.046844
339.3	0
339.4	0
339.5	0
339.6	0
339.7	0
339.8	0
339.9	0
340	0
340.1	0
340.2	0.042805
340.3	0.043007
340.4	0.043028
340.5	0.042297
340.6	0.041973
340.7	0.041729
340.8	0.041142
340.9	0.041074
341	0.041384
341.1	0.041015
341.2	0.040218
341.3	0.039319
341.4	0.039565
341.5	0.039064
341.6	0.03881
341.7	0.038844
341.8	0.038855
341.9	0.037797
342	0.037724
342.1	0.037601
342.2	0.038045
342.3	0.03741
342.4	0.037407
342.5	0.036814
342.6	0.036761
342.7	0.035966
342.8	0.035673
342.9	0.035642
343	0.035818
343.1	0.035476
343.2	0.035459
343.3	0.035218
343.4	0.034257
343.5	0.034567
343.6	0.034084
343.7	0.033922
343.8	0.033868
343.9	0.034449
344	0.034026
344.1	0.034046
344.2	0.033531
344.3	0.03284
344.4	0.032892
344.5	0.032855
344.6	0.032815
344.7	0.032712
344.8	0.032696
344.9	0.032286
345	0.031734
345.1	0.032
345.2	0.032218
345.3	0.031877
345.4	0.032332
345.5	0.031836
345.6	0.0314
345.7	0.032244
345.8	0.031703
345.9	0.031494
346	0.0313
346.1	0.030899
346.2	0.031227
346.3	0.030657
346.4	0.03041
346.5	0.0303
346.6	0.030295
346.7	0.03032
346.8	0.030134
346.9	0.029769
347	0.030085
347.1	0.03037
347.2	0.030117
347.3	0.030394
347.4	0.029728
347.5	0.029646
347.6	0.029249
347.7	0.028893
347.8	0.029332
347.9	0.028964
348	0.028881
348.1	0.029002
348.2	0.028731
348.3	0.028146
348.4	0.028376
348.5	0.028474
348.6	0.027973
348.7	0.02808
348.8	0.027749
348.9	0.027979
349	0.027895
349.1	0.027603
349.2	0.0274
349.3	0.027292
349.4	0.027113
349.5	0.027134
349.6	0.027085
349.7	0.02707
349.8	0.026909
349.9	0.026978
350	0.026756
350.1	0.026374
350.2	0.026676
350.3	0.026407
350.4	0.026364
350.5	0.026326
350.6	0.025921
350.7	0.025693
350.8	0.025943
350.9	0.026278
351	0.025593
351.1	0.025483
351.2	0.026145
351.3	0.026037
351.4	0.025889
351.5	0.025577
351.6	0.025092
351.7	0.024833
351.8	0.024979
351.9	0.025221
352	0.024931
352.1	0.024773
352.2	0.02467
352.3	0.024578
352.4	0.024897
352.5	0.024662
352.6	0.024617
352.7	0.024473
352.8	0.023991
352.9	0.024719
353	0.02419
353.1	0.023991
353.2	0.023305
353.3	0.023617
353.4	0.023293
353.5	0.023588
353.6	0.023629
353.7	0.022681
353.8	0.022945
353.9	0.023012
354	0.022766
354.1	0.022802
354.2	0.022728
354.3	0.022297
354.4	0.022008
354.5	0.022366
354.6	0.02225
354.7	0.022448
354.8	0.021795
354.9	0.021677
355	0.021842
355.1	0.02159
355.2	0.021205
355.3	0.021046
355.4	0.021006
355.5	0.020885
355.6	0.020763
355.7	0.020457
355.8	0.020345
355.9	0.020499
356	0.020296
356.1	0.019915
356.2	0.019809
356.3	0.019696
356.4	0.020005
356.5	0.019973
356.6	0.019541
356.7	0.01942
356.8	0.019319
356.9	0.019302
357	0.01935
357.1	0.018931
357.2	0.018874
357.3	0.018858
357.4	0.018906
357.5	0.018879
357.6	0.018342
357.7	0.018306
357.8	0.018128
357.9	0.018324
358	0.018223
358.1	0.017759
358.2	0.01766
358.3	0.017455
358.4	0.017604
358.5	0.01764
358.6	0.017334
358.7	0.017148
358.8	0.016792
358.9	0.01649
359	0.016606
359.1	0.016285
359.2	0.016248
359.3	0.016376
359.4	0.016409
359.5	0.016388
359.6	0.01621
359.7	0.016241
359.8	0.016029
359.9	0.015777
360	0.015446
360.1	0.01566
360.2	0.015156
360.3	0.015116
360.4	0.01512
360.5	0.01517
360.6	0.014838
360.7	0.014958
360.8	0.014324
360.9	0.014672
361	0.014403
361.1	0.014444
361.2	0.014528
361.3	0.014168
361.4	0.014224
361.5	0.014223
361.6	0.013851
361.7	0.013887
361.8	0.014081
361.9	0.0139
362	0.013698
362.1	0.013563
362.2	0.013498
362.3	0.013448
362.4	0.013265
362.5	0.012861
362.6	0.013127
362.7	0.012883
362.8	0.012857
362.9	0.012572
363	0.012626
363.1	0.012144
363.2	0.011969
363.3	0.012054
363.4	0.011855
363.5	0.011738
363.6	0.011871
363.7	0.012116
363.8	0.011971
363.9	0.011612
364	0.01186
364.1	0.011665
364.2	0.011329
364.3	0.011488
364.4	0.011507
364.5	0.011559
364.6	0.011002
364.7	0.011105
364.8	0.011252
364.9	0.011236
365	0.010982
365.1	0.01106
365.2	0.01107
365.3	0.011067
365.4	0.010653
365.5	0.010666
365.6	0.010648
365.7	0.010511
365.8	0.010228
365.9	0.010365
366	0.010327
366.1	0.010414
366.2	0.010202
366.3	0.0098988
366.4	0.010203
366.5	0.0099464
366.6	0.0099242
366.7	0.0098541
366.8	0.0097402
366.9	0.0092644
367	0.0091327
367.1	0.0092827
367.2	0.0091114
367.3	0.0094162
367.4	0.0092068
367.5	0.0094479
367.6	0.0094474
367.7	0.0092844
367.8	0.00914
367.9	0.0092256
368	0.0093021
368.1	0.0091208
368.2	0.0091355
368.3	0.009287
368.4	0.0093495
368.5	0.0096735
368.6	0.0098708
368.7	0.0098704
368.8	0.010026
368.9	0.010509
369	0.010224
369.1	0.010475
369.2	0.010462
369.3	0.010515
369.4	0.010924
369.5	0.010916
369.6	0.011245
369.7	0.011461
369.8	0.011227
369.9	0.011207
370	0.011039
370.1	0.010652
370.2	0.010649
370.3	0.010284
370.4	0.010266
370.5	0.010145
370.6	0.009939
370.7	0.010106
370.8	0.010418
370.9	0.010163
371	0.010045
371.1	0.010186
371.2	0.009848
371.3	0.010104
371.4	0.009763
371.5	0.0096475
371.6	0.0093576
371.7	0.0092821
371.8	0.0090229
371.9	0.0088987
372	0.0088187
372.1	0.0085221
372.2	0.0089625
372.3	0.009336
372.4	0.0091828
372.5	0.0091772
372.6	0.008957
372.7	0.0088599
372.8	0.009097
372.9	0.0091689
373	0.0089405
373.1	0.0086382
373.2	0.0085393
373.3	0.0088281
373.4	0.0086714
373.5	0.0086469
373.6	0.0085253
373.7	0.008335
373.8	0.0085625
373.9	0.008625
374	0.0083917
374.1	0.0085897
374.2	0.0088905
374.3	0.009004
374.4	0.0092596
374.5	0.0094345
374.6	0.010035
374.7	0.01066
374.8	0.011342
374.9	0.012349
375	0.013382
375.1	0.014928
375.2	0.017138
375.3	0.019578
375.4	0.022174
375.5	0.024479
375.6	0.02664
375.7	0.029905
375.8	0.031836
375.9	0.034462
376	0.03578
376.1	0.037457
376.2	0.038797
376.3	0.03958
376.4	0.040007
376.5	0.040208
376.6	0.040269
376.7	0.040206
376.8	0.039448
376.9	0.038826
377	0.038203
377.1	0.037967
377.2	0.066345
377.3	0.12068
377.4	0.13817
377.5	0.13004
377.6	0.096535
377.7	0.05622
377.8	0.035505
377.9	0.03047
378	0.029515
378.1	0.029061
378.2	0.028154
378.3	0.027594
378.4	0.027238
378.5	0.026936
378.6	0.027346
378.7	0.0281
378.8	0.028819
378.9	0.029613
379	0.030403
379.1	0.03203
379.2	0.033038
379.3	0.034573
379.4	0.036499
379.5	0.037781
379.6	0.039454
379.7	0.0421
379.8	0.044709
379.9	0.047298
380	0.050539
380.1	0.054952
380.2	0.058608
380.3	0.062936
380.4	0.066605
380.5	0.071952
380.6	0.075068
380.7	0.077898
380.8	0.080188
380.9	0.081366
381	0.081062
381.1	0.079718
381.2	0.077783
381.3	0.074034
381.4	0.070808
381.5	0.067307
381.6	0.063227
381.7	0.05925
381.8	0.055074
381.9	0.051249
382	0.04719
382.1	0.044983
382.2	0.042168
382.3	0.039538
382.4	0.037802
382.5	0.035705
382.6	0.033948
382.7	0.033025
382.8	0.031813
382.9	0.030436
383	0.029706
383.1	0.029205
383.2	0.029197
383.3	0.029153
383.4	0.029139
383.5	0.029686
383.6	0.030488
383.7	0.030311
383.8	0.030605
383.9	0.030989
384	0.030479
384.1	0.029742
384.2	0.029854
384.3	0.029018
384.4	0.028422
384.5	0.027661
384.6	0.025838
384.7	0.024526
384.8	0.02302
384.9	0.021163
385	0.019374
385.1	0.018295
385.2	0.017245
385.3	0.015762
385.4	0.015405
385.5	0.014174
385.6	0.013151
385.7	0.0124
385.8	0.011668
385.9	0.011064
386	0.010423
386.1	0.010119
386.2	0.0094741
386.3	0.0091682
386.4	0.0087666
386.5	0.0084485
386.6	0.0078681
386.7	0.0077123
386.8	0.0077771
386.9	0.0070544
387	0.0071629
387.1	0.0065848
387.2	0.0067047
387.3	0.0065551
387.4	0.0060973
387.5	0.0058309
387.6	0.0056737
387.7	0.0056767
387.8	0.0057168
387.9	0.0056866
388	0.0058435
388.1	0.0054153
388.2	0.0053848
388.3	0.0051939
388.4	0.0051821
388.5	0.0050161
388.6	0.0049161
388.7	0.0046161
388.8	0.0050234
388.9	0.004903
389	0.0046611
389.1	0.0046597
389.2	0.0042546
389.3	0.0041447
389.4	0.0042295
389.5	0.0038126
389.6	0.0039757
389.7	0.0036653
389.8	0.003448
389.9	0.0035446
390	0.0034746
390.1	0.0033782
390.2	0.0033349
390.3	0.002846
390.4	0.0030988
390.5	0.0031217
390.6	0.0029164
390.7	0.0028807
390.8	0.0028169
390.9	0.0028212
391	0.003006
391.1	0.002935
391.2	0.0028168
391.3	0.0023979
391.4	0.0025171
391.5	0.002354
391.6	0.0025703
391.7	0.0024691
391.8	0.0025058
391.9	0.0024729
392	0.0025808
392.1	0.0026212
392.2	0.0024524
392.3	0.0024728
392.4	0.0024172
392.5	0.0024769
392.6	0.0026766
392.7	0.0027303
392.8	0.0027469
392.9	0.0029178
393	0.0030651
393.1	0.0029065
393.2	0.0031042
393.3	0.0030724
393.4	0.0030149
393.5	0.002871
393.6	0.0027325
393.7	0.0028616
393.8	0.0025872
393.9	0.0026082
394	0.0026398
394.1	0.00243
394.2	0.0024265
394.3	0.0022667
394.4	0.0023589
394.5	0.0022821
394.6	0.0022779
394.7	0.0021782
394.8	0.0021885
394.9	0.0020044
395	0.0022064
395.1	0.0020596
395.2	0.0022627
395.3	0.0022117
395.4	0.002055
395.5	0.0021107
395.6	0.0020631
395.7	0.0021639
395.8	0.0020527
395.9	0.0019983
396	0.0021751
396.1	0.0021873
396.2	0.0022246
396.3	0.0019598
396.4	0.0019509
396.5	0.0020572
396.6	0.0019267
396.7	0.0018354
396.8	0.001865
396.9	0.0021115
397	0.0019007
397.1	0.0019143
397.2	0.0018901
397.3	0.0020266
397.4	0.0022829
397.5	0.0022773
397.6	0.0025751
397.7	0.0026303
397.8	0.002888
397.9	0.0033385
398	0.0035739
398.1	0.0034576
398.2	0.0035587
398.3	0.0042234
398.4	0.0041991
398.5	0.004366
398.6	0.0044019
398.7	0.0046365
398.8	0.0045634
398.9	0.0048466
399	0.0048439
399.1	0.0046945
399.2	0.0045054
399.3	0.0040607
399.4	0.0040484
399.5	0.0039349
399.6	0.0038106
399.7	0.0033351
399.8	0.0032808
399.9	0.0032828
400	0.0029554
400.1	0.0031609
400.2	0.003167
400.3	0.0034459
400.4	0.0040628
400.5	0.0049842
400.6	0.0058459
400.7	0.0064764
400.8	0.007338
400.9	0.0081595
401	0.0090006
401.1	0.0096881
401.2	0.010475
401.3	0.01041
401.4	0.010466
401.5	0.010392
401.6	0.010191
401.7	0.010137
401.8	0.0095451
401.9	0.0091616
402	0.0084206
402.1	0.0076013
402.2	0.0067976
402.3	0.0060069
402.4	0.0058573
402.5	0.0051511
402.6	0.0047378
402.7	0.0041443
402.8	0.0036254
402.9	0.0032051
403	0.0029761
403.1	0.0027452
403.2	0.0027675
403.3	0.0027429
403.4	0.0027751
403.5	0.0026931
403.6	0.0024886
403.7	0.0024984
403.8	0.0027239
403.9	0.0027894
404	0.0029372
404.1	0.0029837
404.2	0.0031519
404.3	0.003325
404.4	0.0036523
404.5	0.0036112
404.6	0.0035626
404.7	0.0036237
404.8	0.0037695
404.9	0.0037602
405	0.0032812
405.1	0.0031466
405.2	0.0029952
405.3	0.0030909
405.4	0.0029628
405.5	0.0027248
405.6	0.002838
405.7	0.0027545
405.8	0.0027888
405.9	0.0029256
406	0.0031364
406.1	0.0029443
406.2	0.0031619
406.3	0.0030989
406.4	0.0031636
406.5	0.0034512
406.6	0.0035182
406.7	0.0036268
406.8	0.0034458
406.9	0.003558
407	0.0037545
407.1	0.0040523
407.2	0.0042964
407.3	0.0046698
407.4	0.0047297
407.5	0.0050102
407.6	0.0055136
407.7	0.0057062
407.8	0.0062927
407.9	0.0070129
408	0.0075656
408.1	0.0080678
408.2	0.0086594
408.3	0.0090998
408.4	0.0095516
408.5	0.01014
408.6	0.010738
408.7	0.011124
408.8	0.011961
408.9	0.012477
409	0.013011
409.1	0.014092
409.2	0.015132
409.3	0.015791
409.4	0.017175
409.5	0.018168
409.6	0.018695
409.7	0.019374
409.8	0.019933
409.9	0.020389
410	0.020612
410.1	0.02071
410.2	0.020308
410.3	0.019943
410.4	0.019852
410.5	0.01991
410.6	0.019631
410.7	0.020147
410.8	0.021187
410.9	0.022612
411	0.025377
411.1	0.028389
411.2	0.032105
411.3	0.035314
411.4	0.038548
411.5	0.041398
411.6	0.043788
411.7	0.046172
411.8	0.047609
411.9	0.048291
412	0.047908
412.1	0.047144
412.2	0.044602
412.3	0.042472
412.4	0.040225
412.5	0.03856
412.6	0.036359
412.7	0.035776
412.8	0.035184
412.9	0.03427
413	0.034746
413.1	0.035441
413.2	0.036819
413.3	0.037434
413.4	0.038758
413.5	0.038624
413.6	0.03811
413.7	0.036723
413.8	0.035156
413.9	0.033666
414	0.032175
414.1	0.029573
414.2	0.026903
414.3	0.025487
414.4	0.023365
414.5	0.022577
414.6	0.021778
414.7	0.021297
414.8	0.021078
414.9	0.020972
415	0.021827
415.1	0.022895
415.2	0.024482
415.3	0.02616
415.4	0.028632
415.5	0.0308
415.6	0.033803
415.7	0.036015
415.8	0.037739
415.9	0.038685
416	0.040411
416.1	0.040809
416.2	0.040743
416.3	0.040425
416.4	0.039945
416.5	0.039907
416.6	0.040358
416.7	0.041229
416.8	0.042261
416.9	0.043008
417	0.044598
417.1	0.047299
417.2	0.048333
417.3	0.049402
417.4	0.050176
417.5	0.049764
417.6	0.049247
417.7	0.047832
417.8	0.04522
417.9	0.041812
418	0.038363
418.1	0.03424
418.2	0.030727
418.3	0.02685
418.4	0.02436
418.5	0.022141
418.6	0.020163
418.7	0.018055
418.8	0.017284
418.9	0.015626
419	0.014438
419.1	0.013802
419.2	0.012987
419.3	0.012086
419.4	0.01134
419.5	0.010675
419.6	0.0097558
419.7	0.0085972
419.8	0.0082495
419.9	0.0078215
420	0.0074687
420.1	0.0067127
420.2	0.0065056
420.3	0.0059108
420.4	0.0057643
420.5	0.0055575
420.6	0.0052816
420.7	0.0053755
420.8	0.0049558
420.9	0.004903
421	0.0049494
421.1	0.0047532
421.2	0.0049069
421.3	0.0045847
421.4	0.0045833
421.5	0.004489
421.6	0.0043489
421.7	0.0041573
421.8	0.0044749
421.9	0.0044232
422	0.0043459
422.1	0.0040358
422.2	0.0041676
422.3	0.0041936
422.4	0.0045221
422.5	0.013399
422.6	0.022854
422.7	0.025856
422.8	0.025542
422.9	0.023086
423	0.01962
423.1	0.013579
423.2	0.0083533
423.3	0.0056475
423.4	0.0045398
423.5	0.004637
423.6	0.0050136
423.7	0.0053481
423.8	0.005619
423.9	0.0058575
424	0.00641
424.1	0.0065439
424.2	0.0065024
424.3	0.0067555
424.4	0.0071479
424.5	0.0071563
424.6	0.0069703
424.7	0.0068346
424.8	0.0068216
424.9	0.0065345
425	0.0062239
425.1	0.006399
425.2	0.0060855
425.3	0.0055268
425.4	0.0050685
425.5	0.0048265
425.6	0.0043265
425.7	0.0039958
425.8	0.0039435
425.9	0.0037656
426	0.0033939
426.1	0.0033424
426.2	0.0035065
426.3	0.0033251
426.4	0.0034102
426.5	0.0031556
426.6	0.0030955
426.7	0.0034811
426.8	0.0035626
426.9	0.0036246
427	0.0041974
427.1	0.0042648
427.2	0.0044289
427.3	0.0053363
427.4	0.0058227
427.5	0.0061211
427.6	0.006194
427.7	0.0064249
427.8	0.0064429
427.9	0.0062768
428	0.0061909
428.1	0.0062858
428.2	0.006348
428.3	0.0056498
428.4	0.005585
428.5	0.0052197
428.6	0.0050856
428.7	0.0052135
428.8	0.0053372
428.9	0.0057307
429	0.0061583
429.1	0.0066394
429.2	0.0069966
429.3	0.0074019
429.4	0.0083624
429.5	0.0087808
429.6	0.0094888
429.7	0.010704
429.8	0.011629
429.9	0.012798
430	0.013723
430.1	0.014302
430.2	0.015517
430.3	0.015749
430.4	0.016517
430.5	0.016578
430.6	0.015974
430.7	0.015906
430.8	0.015118
430.9	0.014066
431	0.013186
431.1	0.01271
431.2	0.011468
431.3	0.010873
431.4	0.010394
431.5	0.010098
431.6	0.01045
431.7	0.010889
431.8	0.011068
431.9	0.011315
432	0.011284
432.1	0.011691
432.2	0.011204
432.3	0.011002
432.4	0.010748
432.5	0.010791
432.6	0.01037
432.7	0.0097776
432.8	0.0094508
432.9	0.0086775
433	0.0088071
433.1	0.0083886
433.2	0.0088553
433.3	0.0091337
433.4	0.0097304
433.5	0.010446
433.6	0.011498
433.7	0.013082
433.8	0.013796
433.9	0.015057
434	0.016652
434.1	0.018059
434.2	0.018609
434.3	0.019418
434.4	0.020263
434.5	0.020667
434.6	0.02088
434.7	0.020267
434.8	0.019851
434.9	0.019423
435	0.019226
435.1	0.018678
435.2	0.018496
435.3	0.017903
435.4	0.01762
435.5	0.01705
435.6	0.016479
435.7	0.016267
435.8	0.016151
435.9	0.015525
436	0.01465
436.1	0.014122
436.2	0.012844
436.3	0.011978
436.4	0.011679
436.5	0.010512
436.6	0.010122
436.7	0.010246
436.8	0.0099398
436.9	0.010666
437	0.010909
437.1	0.011526
437.2	0.012889
437.3	0.014257
437.4	0.015709
437.5	0.017011
437.6	0.018419
437.7	0.021056
437.8	0.023482
437.9	0.025907
438	0.026864
438.1	0.027766
438.2	0.02896
438.3	0.028401
438.4	0.028086
438.5	0.0273
438.6	0.02598
438.7	0.024146
438.8	0.022501
438.9	0.020997
439	0.020225
439.1	0.018986
439.2	0.017991
439.3	0.017088
439.4	0.016832
439.5	0.016774
439.6	0.016093
439.7	0.015699
439.8	0.014897
439.9	0.013983
440	0.012729
440.1	0.011706
440.2	0.010728
440.3	0.00954
440.4	0.0081377
440.5	0.0077234
440.6	0.0071839
440.7	0.0067979
440.8	0.0065597
440.9	0.0062369
441	0.0062733
441.1	0.0060046
441.2	0.0060836
441.3	0.0056419
441.4	0.0059453
441.5	0.005965
441.6	0.0058954
441.7	0.0060808
441.8	0.0062275
441.9	0.0063069
442	0.0067402
442.1	0.0069541
442.2	0.0076511
442.3	0.0083481
442.4	0.0087551
442.5	0.0088956
442.6	0.0092761
442.7	0.0098281
442.8	0.010123
442.9	0.01031
443	0.010477
443.1	0.010544
443.2	0.01051
443.3	0.010176
443.4	0.0098357
443.5	0.0097728
443.6	0.0095518
443.7	0.008837
443.8	0.0082317
443.9	0.0079311
444	0.007692
444.1	0.007289
444.2	0.006993
444.3	0.0069445
444.4	0.0069854
444.5	0.0064584
444.6	0.0067735
444.7	0.0068466
444.8	0.0065511
444.9	0.0064068
445	0.006161
445.1	0.006136
445.2	0.0057665
445.3	0.0056422
445.4	0.0053243
445.5	0.0046248
445.6	0.0044159
445.7	0.0042214
445.8	0.0040139
445.9	0.0037877
446	0.0040601
446.1	0.0037882
446.2	0.0038963
446.3	0.0037219
446.4	0.0037543
446.5	0.0040648
446.6	0.003714
446.7	0.0037361
446.8	0.0036876
446.9	0.0037319
447	0.0038004
447.1	0.0038012
447.2	0.0038834
447.3	0.0037302
447.4	0.00388
447.5	0.0039581
447.6	0.0040694
447.7	0.0037677
447.8	0.0039488
447.9	0.0036758
448	0.0035394
448.1	0.0038136
448.2	0.0036637
448.3	0.0038197
448.4	0.0037272
448.5	0.0039378
448.6	0.0038888
448.7	0.0037334
448.8	0.003888
448.9	0.0038184
449	0.0041587
449.1	0.004242
449.2	0.0044392
449.3	0.0044682
449.4	0.0046533
449.5	0.004721
449.6	0.0050981
449.7	0.0048726
449.8	0.0046524
449.9	0.0048621
450	0.0048964
450.1	0.0050737
450.2	0.0048918
450.3	0.00471
450.4	0.0048697
450.5	0.004686
450.6	0.0047108
450.7	0.0046451
450.8	0.004437
450.9	0.0046189
451	0.0046631
451.1	0.0045145
451.2	0.0045674
451.3	0.0046343
451.4	0.0046477
451.5	0.0044664
451.6	0.0047172
451.7	0.0046479
451.8	0.0046451
451.9	0.00447
452	0.0045249
452.1	0.0044118
452.2	0.00431
452.3	0.0042922
452.4	0.0044548
452.5	0.0047142
452.6	0.0046493
452.7	0.0044302
452.8	0.0044895
452.9	0.0049477
453	0.0046485
453.1	0.004907
453.2	0.0048409
453.3	0.0047797
453.4	0.0048851
453.5	0.0047702
453.6	0.0047848
453.7	0.0049991
453.8	0.0053096
453.9	0.0054001
454	0.005526
454.1	0.0057439
454.2	0.0056696
454.3	0.0058488
454.4	0.0060041
454.5	0.0062495
454.6	0.006141
454.7	0.0063445
454.8	0.0067042
454.9	0.007186
455	0.0074558
455.1	0.0072685
455.2	0.0074012
455.3	0.007581
455.4	0.0077024
455.5	0.0076727
455.6	0.0079992
455.7	0.0073954
455.8	0.0074079
455.9	0.0069577
456	0.0067705
456.1	0.0069052
456.2	0.006169
456.3	0.0058398
456.4	0.0055438
456.5	0.0051189
456.6	0.0054869
456.7	0.0051902
456.8	0.0049273
456.9	0.0047192
457	0.005033
457.1	0.0052661
457.2	0.0056198
457.3	0.0056744
457.4	0.0057251
457.5	0.0054589
457.6	0.0060754
457.7	0.0064974
457.8	0.0063848
457.9	0.0062922
458	0.006664
458.1	0.0063468
458.2	0.0064607
458.3	0.0062665
458.4	0.0062231
458.5	0.0059844
458.6	0.005978
458.7	0.0058629
458.8	0.0057676
458.9	0.0059054
459	0.0058255
459.1	0.0054459
459.2	0.0051093
459.3	0.0052569
459.4	0.0045802
459.5	0.0047216
459.6	0.0046547
459.7	0.0044704
459.8	0.0046348
459.9	0.0044373
460	0.0042248
460.1	0.004443
460.2	0.0042856
460.3	0.0041454
460.4	0.0042227
460.5	0.0039528
460.6	0.0039525
460.7	0.0037378
460.8	0.004002
460.9	0.0041902
461	0.0036027
461.1	0.0037095
461.2	0.0037937
461.3	0.0038093
461.4	0.0040443
461.5	0.0038539
461.6	0.0040543
461.7	0.0038701
461.8	0.0037629
461.9	0.0039209
462	0.0040299
462.1	0.0041183
462.2	0.0041079
462.3	0.004308
462.4	0.0042813
462.5	0.0046423
462.6	0.0046677
462.7	0.0048337
462.8	0.0050483
462.9	0.0053662
463	0.0056872
463.1	0.0058291
463.2	0.0062158
463.3	0.0066369
463.4	0.0073966
463.5	0.0077442
463.6	0.008652
463.7	0.0086001
463.8	0.0093206
463.9	0.0091708
464	0.0094072
464.1	0.0098059
464.2	0.0097082
464.3	0.0091512
464.4	0.0086455
464.5	0.00832
464.6	0.0079898
464.7	0.0080731
464.8	0.0079897
464.9	0.0074699
465	0.0072296
465.1	0.0069474
465.2	0.0071681
465.3	0.0069488
465.4	0.0069543
465.5	0.0069965
465.6	0.0068765
465.7	0.0069228
465.8	0.0067606
465.9	0.0068446
466	0.0066505
466.1	0.0064331
466.2	0.0067331
466.3	0.0069015
466.4	0.0070134
466.5	0.0069664
466.6	0.0073184
466.7	0.00747
466.8	0.0078993
466.9	0.0077174
467	0.0085152
467.1	0.0092663
467.2	0.0099124
467.3	0.010395
467.4	0.010746
467.5	0.011935
467.6	0.012473
467.7	0.012954
467.8	0.014133
467.9	0.01535
468	0.016145
468.1	0.016726
468.2	0.017092
468.3	0.018066
468.4	0.019428
468.5	0.019913
468.6	0.021182
468.7	0.022404
468.8	0.02372
468.9	0.025456
469	0.02664
469.1	0.027409
469.2	0.029208
469.3	0.030309
469.4	0.030404
469.5	0.029963
469.6	0.030214
469.7	0.028876
469.8	0.026585
469.9	0.02491
470	0.023087
470.1	0.020478
470.2	0.018087
470.3	0.016392
470.4	0.014575
470.5	0.013491
470.6	0.012591
470.7	0.011864
470.8	0.012075
470.9	0.012206
471	0.011998
471.1	0.012288
471.2	0.012797
471.3	0.013532
471.4	0.014339
471.5	0.014622
471.6	0.015373
471.7	0.015331
471.8	0.01626
471.9	0.016894
472	0.016983
472.1	0.0171
472.2	0.017084
472.3	0.016935
472.4	0.016749
472.5	0.016512
472.6	0.016441
472.7	0.016402
472.8	0.016737
472.9	0.017252
473	0.017901
473.1	0.018889
473.2	0.020144
473.3	0.020864
473.4	0.022241
473.5	0.023137
473.6	0.025344
473.7	0.02732
473.8	0.028687
473.9	0.030589
474	0.032253
474.1	0.034583
474.2	0.03694
474.3	0.03834
474.4	0.04059
474.5	0.042907
474.6	0.044775
474.7	0.045589
474.8	0.046878
474.9	0.047043
475	0.04616
475.1	0.045383
475.2	0.04465
475.3	0.043258
475.4	0.0408
475.5	0.039209
475.6	0.036559
475.7	0.034774
475.8	0.033127
475.9	0.032271
476	0.031542
476.1	0.030849
476.2	0.031518
476.3	0.032346
476.4	0.033772
476.5	0.035099
476.6	0.037407
476.7	0.04066
476.8	0.043352
476.9	0.045993
477	0.048473
477.1	0.050645
477.2	0.052477
477.3	0.053922
477.4	0.05597
477.5	0.056569
477.6	0.057501
477.7	0.058958
477.8	0.060062
477.9	0.061937
478	0.063459
478.1	0.063377
478.2	0.064389
478.3	0.065005
478.4	0.064489
478.5	0.062993
478.6	0.060957
478.7	0.057828
478.8	0.05478
478.9	0.050354
479	0.046883
479.1	0.043016
479.2	0.039687
479.3	0.036525
479.4	0.033417
479.5	0.031108
479.6	0.02951
479.7	0.027992
479.8	0.02701
479.9	0.026514
480	0.025834
480.1	0.026127
480.2	0.025889
480.3	0.025526
480.4	0.025499
480.5	0.025452
480.6	0.025511
480.7	0.026265
480.8	0.026245
480.9	0.026277
481	0.026174
481.1	0.026503
481.2	0.026501
481.3	0.02665
481.4	0.02665
481.5	0.026194
481.6	0.026314
481.7	0.026422
481.8	0.026467
481.9	0.026642
482	0.026924
482.1	0.027196
482.2	0.028068
482.3	0.028157
482.4	0.029405
482.5	0.030092
482.6	0.030803
482.7	0.032426
482.8	0.033805
482.9	0.034479
483	0.03642
483.1	0.03818
483.2	0.039843
483.3	0.042159
483.4	0.043338
483.5	0.045401
483.6	0.047245
483.7	0.048966
483.8	0.049994
483.9	0.051592
484	0.054062
484.1	0.055121
484.2	0.055867
484.3	0.057217
484.4	0.058457
484.5	0.060769
484.6	0.062615
484.7	0.064096
484.8	0.065617
484.9	0.067665
485	0.068792
485.1	0.071539
485.2	0.073449
485.3	0.075147
485.4	0.076581
485.5	0.077996
485.6	0.079678
485.7	0.080986
485.8	0.081962
485.9	0.082717
486	0.083514
486.1	0.08408
486.2	0.0848
486.3	0.086335
486.4	0.087287
486.5	0.088814
486.6	0.089734
486.7	0.09156
486.8	0.093548
486.9	0.095303
487	0.097798
487.1	0.10107
487.2	0.10363
487.3	0.10573
487.4	0.10765
487.5	0.10737
487.6	0.10734
487.7	0.10734
487.8	0.10628
487.9	0.10524
488	0.10119
488.1	0.096985
488.2	0.093262
488.3	0.088796
488.4	0.083456
488.5	0.078834
488.6	0.072898
488.7	0.068372
488.8	0.064614
488.9	0.059868
489	0.055282
489.1	0.051569
489.2	0.046269
489.3	0.042594
489.4	0.041672
489.5	0.039625
489.6	0.037132
489.7	0.03533
489.8	0.033024
489.9	0.031289
490	0.029573
490.1	0.028195
490.2	0.0272
490.3	0.025912
490.4	0.024527
490.5	0.023443
490.6	0.022531
490.7	0.021404
490.8	0.020822
490.9	0.019962
491	0.01939
491.1	0.018558
491.2	0.017494
491.3	0.017223
491.4	0.016308
491.5	0.015698
491.6	0.01482
491.7	0.014597
491.8	0.014395
491.9	0.013903
492	0.013212
492.1	0.012615
492.2	0.012544
492.3	0.011823
492.4	0.011925
492.5	0.011317
492.6	0.011082
492.7	0.010816
492.8	0.010604
492.9	0.010906
493	0.010607
493.1	0.010267
493.2	0.0097149
493.3	0.0097928
493.4	0.0096987
493.5	0.0095809
493.6	0.0094738
493.7	0.0094001
493.8	0.0092701
493.9	0.0090381
494	0.0089182
494.1	0.0088622
494.2	0.0088495
494.3	0.008419
494.4	0.0085055
494.5	0.0084183
494.6	0.0082956
494.7	0.0084162
494.8	0.0083806
494.9	0.0080593
495	0.0079281
495.1	0.0078261
495.2	0.0080288
495.3	0.0077651
495.4	0.0075476
495.5	0.007488
495.6	0.0075881
495.7	0.0072921
495.8	0.0072289
495.9	0.0070156
496	0.0071598
496.1	0.0073713
496.2	0.0070234
496.3	0.0070499
496.4	0.0070442
496.5	0.0067552
496.6	0.0070356
496.7	0.0069559
496.8	0.0064922
496.9	0.0065677
497	0.0065839
497.1	0.0065175
497.2	0.0067312
497.3	0.0064041
497.4	0.0064287
497.5	0.0063864
497.6	0.0064504
497.7	0.0063527
497.8	0.0061226
497.9	0.0060516
498	0.0060945
498.1	0.0059328
498.2	0.005894
498.3	0.0058985
498.4	0.0060035
498.5	0.005846
498.6	0.0059616
498.7	0.0057496
498.8	0.0060477
498.9	0.005906
499	0.0058813
499.1	0.0056493
499.2	0.0058165
