  11102 10  1 CEGDLF.02  CL3495 GA   .000 U  #  81594 00.00   1         
  PROGRAM    EHEAD   VERSION 01.01 DEUTERIUM LAMP                       
  USER PLC DATE & TIME  1995  4  6 00.00 00.00     9.990    295K P      
 EN1 Ce 100     0     0 GdLiF4           .260000 -  .499200 .00010       
 SLIT WIDTH IS 1500 MICRONS, SAMPLE SHAPE IS CYLINDRICAL, C-AXIS         
 PERP. TO LONG CYLINDER AXIS, PUMP IS ALONG A(=B AXIS & LONG AXIS)       
 OF CRYSTAL. POLARIZER IS PLACED AFTER SAMPLE PARALLEL TO THE C-AX       
 (Pi-POL). INTENSITY MISSING FOR 9 DATA POINTS. INSERTED 0.0 FOR         
 ALL POINTS.                                                             
  FORMAT(1X,G15.8)                                                       
  EOH                                                                    
  2393.           
   .12846000E-02  
   .45962000E-03  
   .54219000E-03  
   .65679000E-03  
   .94486000E-03  
   .76379000E-03  
   .91452000E-03  
   .74930000E-03  
   .74826000E-03  
   .16326000E-02  
   .77582000E-03  
   .68061000E-03  
   .76083000E-03  
   .87434000E-03  
   .79737000E-03  
   .25613000E-03  
   .84989000E-03  
   .99610000E-03  
   .88190000E-03  
   .74078000E-03  
   .13005000E-02  
   .97708000E-03  
   .52341000E-03  
   .18916000E-03  
   .55237000E-03  
   .00000000      
   .00000000      
   .53182000E-03  
   .49690000E-03  
   .10625000E-02  
   .19271000E-02  
   .10518000E-02  
   .18200000E-02  
   .11685000E-02  
   .13678000E-02  
   .10952000E-02  
   .21323000E-02  
   .58104000E-03  
   .14482000E-02  
   .79865000E-03  
   .86997000E-03  
   .19396000E-02  
   .16565000E-02  
   .86158000E-03  
   .92111000E-03  
   .13786000E-02  
   .11096000E-02  
   .32732000E-03  
   .77097000E-03  
   .87734000E-03  
   .10048000E-02  
   .10933000E-02  
   .18431000E-02  
   .14316000E-02  
   .13890000E-02  
   .84491000E-03  
   .86673000E-03  
   .21639000E-02  
   .18687000E-02  
   .11217000E-02  
   .16504000E-02  
   .16691000E-02  
   .14581000E-02  
   .80536000E-03  
   .10561000E-02  
   .41231000E-03  
   .11347000E-02  
   .76970000E-03  
   .13436000E-02  
   .11984000E-02  
   .14436000E-02  
   .13159000E-02  
   .13805000E-02  
   .17079000E-02  
   .15598000E-02  
   .15711000E-02  
   .81193000E-03  
   .10783000E-02  
   .14466000E-02  
   .96850000E-03  
   .11938000E-02  
   .10641000E-02  
   .11387000E-02  
   .13707000E-02  
   .15330000E-02  
   .91731000E-03  
   .11229000E-02  
   .95100000E-03  
   .11816000E-02  
   .17103000E-02  
   .11461000E-02  
   .81065000E-03  
   .90016000E-03  
   .11133000E-02  
   .13035000E-02  
   .92431000E-03  
   .15767000E-02  
   .11622000E-02  
   .81808000E-03  
   .11481000E-02  
   .17294000E-02  
   .45120000E-03  
   .99794000E-03  
   .58873000E-03  
   .61326000E-03  
   .11261000E-02  
   .26003000E-03  
   .00000000      
   .00000000      
   .00000000      
   .26460000E-03  
   .33720000E-03  
   .14342000E-03  
   .00000000      
   .00000000      
   .80401000E-04  
   .14133000E-02  
   .00000000      
   .00000000      
   .00000000      
   .00000000      
   .17087000E-03  
   .00000000      
   .00000000      
   .00000000      
   .00000000      
   .00000000      
   .00000000      
   .00000000      
   .00000000      
   .00000000      
   .00000000      
   .00000000      
   .00000000      
   .00000000      
   .00000000      
   .22228000E-04  
   .58768000E-03  
   .00000000      
   .00000000      
   .00000000      
   .00000000      
   .00000000      
   .00000000      
   .00000000      
   .00000000      
   .00000000      
   .00000000      
   .00000000      
   .00000000      
   .00000000      
   .00000000      
   .00000000      
   .00000000      
   .00000000      
   .00000000      
   .00000000      
   .00000000      
   .00000000      
   .00000000      
   .00000000      
   .00000000      
   .00000000      
   .00000000      
   .00000000      
   .00000000      
   .00000000      
   .00000000      
   .00000000      
   .00000000      
   .00000000      
   .00000000      
   .00000000      
   .00000000      
   .51331000E-04  
   .00000000      
   .00000000      
   .00000000      
   .00000000      
   .33210000E-03  
   .63457000E-03  
   .00000000      
   .00000000      
   .00000000      
   .00000000      
   .00000000      
   .00000000      
   .00000000      
   .00000000      
   .00000000      
   .00000000      
   .00000000      
   .00000000      
   .00000000      
   .00000000      
   .00000000      
   .79565000E-03  
   .00000000      
   .00000000      
   .00000000      
   .00000000      
   .30607000E-03  
   .00000000      
   .00000000      
   .00000000      
   .00000000      
   .65463000E-03  
   .00000000      
   .98743000E-05  
   .00000000      
   .00000000      
   .00000000      
   .78334000E-03  
   .00000000      
   .00000000      
   .00000000      
   .39674000E-03  
   .59733000E-03  
   .29997000E-04  
   .00000000      
   .36105000E-04  
   .00000000      
   .00000000      
   .00000000      
   .00000000      
   .00000000      
   .00000000      
   .00000000      
   .26773000E-03  
   .00000000      
   .00000000      
   .00000000      
   .00000000      
   .00000000      
   .00000000      
   .00000000      
   .00000000      
   .00000000      
   .00000000      
   .10279000E-04  
   .00000000      
   .00000000      
   .00000000      
   .00000000      
   .65027000E-03  
   .00000000      
   .00000000      
   .00000000      
   .00000000      
   .10644000E-02  
   .00000000      
   .00000000      
   .00000000      
   .00000000      
   .24204000E-03  
   .00000000      
   .00000000      
   .00000000      
   .00000000      
   .00000000      
   .20703000E-03  
   .00000000      
   .00000000      
   .00000000      
   .00000000      
   .00000000      
   .00000000      
   .00000000      
   .00000000      
   .00000000      
   .28720000E-03  
   .00000000      
   .00000000      
   .00000000      
   .00000000      
   .00000000      
   .87069000E-03  
   .00000000      
   .00000000      
   .00000000      
   .00000000      
   .00000000      
   .00000000      
   .00000000      
   .00000000      
   .00000000      
   .00000000      
   .00000000      
   .00000000      
   .00000000      
   .00000000      
   .00000000      
   .34384000E-03  
   .00000000      
   .00000000      
   .00000000      
   .00000000      
   .41242000E-03  
   .00000000      
   .00000000      
   .00000000      
   .00000000      
   .00000000      
   .00000000      
   .00000000      
   .00000000      
   .00000000      
   .00000000      
   .00000000      
   .00000000      
   .00000000      
   .00000000      
   .00000000      
   .00000000      
   .00000000      
   .00000000      
   .00000000      
   .00000000      
   .00000000      
   .00000000      
   .00000000      
   .00000000      
   .00000000      
   .00000000      
   .00000000      
   .00000000      
   .00000000      
   .00000000      
   .69093000E-03  
   .88789000E-03  
   .00000000      
   .00000000      
   .00000000      
   .35418000E-04  
   .00000000      
   .00000000      
   .00000000      
   .00000000      
   .32015000E-03  
   .00000000      
   .33850000E-03  
   .00000000      
   .00000000      
   .00000000      
   .00000000      
   .70482000E-03  
   .11153000E-03  
   .00000000      
   .00000000      
   .00000000      
   .00000000      
   .00000000      
   .26652000E-04  
   .00000000      
   .00000000      
   .00000000      
   .00000000      
   .23650000E-03  
   .00000000      
   .00000000      
   .39471000E-03  
   .10641000E-02  
   .00000000      
   .00000000      
   .00000000      
   .00000000      
   .00000000      
   .00000000      
   .59538000E-03  
   .00000000      
   .46993000E-04  
   .00000000      
   .57032000E-03  
   .87809000E-04  
   .00000000      
   .00000000      
   .00000000      
   .10961000E-02  
   .10105000E-03  
   .28674000E-03  
   .43537000E-03  
   .00000000      
   .10750000E-02  
   .34194000E-03  
   .77995000E-03  
   .30764000E-03  
   .10892000E-02  
   .90788000E-03  
   .26511000E-02  
   .13602000E-02  
   .00000000      
   .73085000E-03  
   .14392000E-02  
   .17356000E-02  
   .10636000E-02  
   .10560000E-02  
   .14378000E-02  
   .10654000E-02  
   .17708000E-02  
   .15546000E-02  
   .22930000E-02  
   .21833000E-02  
   .31701000E-02  
   .36621000E-02  
   .39060000E-02  
   .33509000E-02  
   .34926000E-02  
   .28408000E-02  
   .43127000E-02  
   .54235000E-02  
   .50245000E-02  
   .59521000E-02  
   .74928000E-02  
   .76461000E-02  
   .10180000E-01  
   .94700000E-02  
   .10286000E-01  
   .11782000E-01  
   .12751000E-01  
   .14311000E-01  
   .16204000E-01  
   .16760000E-01  
   .19015000E-01  
   .20246000E-01  
   .22058000E-01  
   .25733000E-01  
   .26203000E-01  
   .28723000E-01  
   .32508000E-01  
   .34812000E-01  
   .37654000E-01  
   .39812000E-01  
   .43439000E-01  
   .44360000E-01  
   .50024000E-01  
   .53476000E-01  
   .55640000E-01  
   .59892000E-01  
   .64377000E-01  
   .67768000E-01  
   .70729000E-01  
   .74936000E-01  
   .79362000E-01  
   .84982000E-01  
   .89742000E-01  
   .94150000E-01  
   .76238000E-01  
   .95017000E-01  
   .10810000      
   .10889000      
   .11186000      
   .11504000      
   .12090000      
   .12202000      
   .12911000      
   .13700000      
   .14941000      
   .14684000      
   .15066000      
   .15561000      
   .15950000      
   .16663000      
   .17020000      
   .17623000      
   .18139000      
   .18297000      
   .18360000      
   .18958000      
   .19423000      
   .19932000      
   .20378000      
   .21129000      
   .21588000      
   .21570000      
   .22641000      
   .22969000      
   .23537000      
   .23850000      
   .23983000      
   .24595000      
   .24134000      
   .24744000      
   .25133000      
   .25353000      
   .25037000      
   .25072000      
   .24529000      
   .24949000      
   .24890000      
   .25304000      
   .25480000      
   .25966000      
   .26640000      
   .27397000      
   .28154000      
   .28853000      
   .30024000      
   .31453000      
   .33080000      
   .35702000      
   .39263000      
   .44249000      
   .49259000      
   .55625000      
   .62858000      
   .69035000      
   .77797000      
   .85617000      
   .90811000      
   .96041000      
   .98231000      
   1.0000000      
   .98820000      
   .98081000      
   .92338000      
   .86629000      
   .79832000      
   .72247000      
   .64990000      
   .57802000      
   .52031000      
   .47063000      
   .42458000      
   .38166000      
   .35289000      
   .33143000      
   .31531000      
   .30148000      
   .29854000      
   .29847000      
   .29738000      
   .30058000      
   .30630000      
   .31741000      
   .32860000      
   .34292000      
   .36162000      
   .37733000      
   .39596000      
   .40737000      
   .41468000      
   .41712000      
   .41790000      
   .41196000      
   .39938000      
   .38672000      
   .36972000      
   .35330000      
   .32816000      
   .31205000      
   .29114000      
   .27498000      
   .25629000      
   .24207000      
   .22614000      
   .22002000      
   .20630000      
   .19869000      
   .18966000      
   .18452000      
   .17742000      
   .17342000      
   .16684000      
   .15954000      
   .15605000      
   .15454000      
   .15002000      
   .14924000      
   .14693000      
   .14628000      
   .14325000      
   .14063000      
   .14105000      
   .13969000      
   .13886000      
   .14045000      
   .13899000      
   .14078000      
   .13924000      
   .14061000      
   .13986000      
   .14067000      
   .14017000      
   .14030000      
   .14070000      
   .13975000      
   .14048000      
   .14279000      
   .14361000      
   .14391000      
   .14506000      
   .14700000      
   .14505000      
   .14504000      
   .14578000      
   .14281000      
   .14298000      
   .14495000      
   .14741000      
   .14669000      
   .14648000      
   .14585000      
   .14691000      
   .14498000      
   .14718000      
   .14792000      
   .14707000      
   .14840000      
   .14806000      
   .15158000      
   .15053000      
   .15100000      
   .15021000      
   .15087000      
   .15300000      
   .15148000      
   .15253000      
   .15285000      
   .15204000      
   .15171000      
   .15304000      
   .15222000      
   .15325000      
   .15331000      
   .15322000      
   .15342000      
   .15304000      
   .15319000      
   .15387000      
   .15353000      
   .15447000      
   .15274000      
   .15347000      
   .15442000      
   .15334000      
   .15426000      
   .15416000      
   .15448000      
   .15474000      
   .15546000      
   .15234000      
   .15097000      
   .15303000      
   .15180000      
   .15127000      
   .15159000      
   .15145000      
   .15242000      
   .15304000      
   .15046000      
   .15096000      
   .15179000      
   .15098000      
   .14915000      
   .14942000      
   .14818000      
   .14552000      
   .14651000      
   .14566000      
   .14558000      
   .14431000      
   .14529000      
   .14492000      
   .14327000      
   .14260000      
   .14289000      
   .14175000      
   .14157000      
   .14039000      
   .14025000      
   .13895000      
   .13806000      
   .13684000      
   .13749000      
   .13979000      
   .13751000      
   .13694000      
   .13558000      
   .13492000      
   .13364000      
   .13441000      
   .13360000      
   .13182000      
   .13011000      
   .13001000      
   .12934000      
   .12857000      
   .12731000      
   .12554000      
   .12411000      
   .12458000      
   .12323000      
   .12152000      
   .12178000      
   .12112000      
   .11963000      
   .11824000      
   .11758000      
   .11768000      
   .11742000      
   .11692000      
   .11578000      
   .11489000      
   .11299000      
   .11126000      
   .11097000      
   .11118000      
   .11049000      
   .10869000      
   .10718000      
   .10727000      
   .10633000      
   .10493000      
   .10494000      
   .10466000      
   .10338000      
   .10191000      
   .10132000      
   .98812000E-01  
   .98636000E-01  
   .98942000E-01  
   .97719000E-01  
   .96382000E-01  
   .95506000E-01  
   .93774000E-01  
   .93553000E-01  
   .92826000E-01  
   .92134000E-01  
   .90815000E-01  
   .90080000E-01  
   .87928000E-01  
   .86647000E-01  
   .86522000E-01  
   .85860000E-01  
   .84859000E-01  
   .84717000E-01  
   .84377000E-01  
   .83336000E-01  
   .81937000E-01  
   .80310000E-01  
   .80133000E-01  
   .79939000E-01  
   .80095000E-01  
   .78877000E-01  
   .78237000E-01  
   .77292000E-01  
   .76382000E-01  
   .74885000E-01  
   .74471000E-01  
   .73732000E-01  
   .72166000E-01  
   .72365000E-01  
   .71485000E-01  
   .70736000E-01  
   .69580000E-01  
   .68842000E-01  
   .68288000E-01  
   .67090000E-01  
   .66391000E-01  
   .66389000E-01  
   .64956000E-01  
   .64506000E-01  
   .63979000E-01  
   .63163000E-01  
   .63095000E-01  
   .62081000E-01  
   .61353000E-01  
   .61740000E-01  
   .60683000E-01  
   .58811000E-01  
   .58802000E-01  
   .58343000E-01  
   .57781000E-01  
   .57434000E-01  
   .56255000E-01  
   .56398000E-01  
   .55565000E-01  
   .54922000E-01  
   .54443000E-01  
   .54170000E-01  
   .54012000E-01  
   .53254000E-01  
   .52217000E-01  
   .51501000E-01  
   .51208000E-01  
   .64785000E-01  
   .53664000E-01  
   .50881000E-01  
   .49453000E-01  
   .48818000E-01  
   .48697000E-01  
   .48040000E-01  
   .46844000E-01  
   .00000000      
   .00000000      
   .00000000      
   .00000000      
   .00000000      
   .00000000      
   .00000000      
   .00000000      
   .00000000      
   .42805000E-01  
   .43007000E-01  
   .43028000E-01  
   .42297000E-01  
   .41973000E-01  
   .41729000E-01  
   .41142000E-01  
   .41074000E-01  
   .41384000E-01  
   .41015000E-01  
   .40218000E-01  
   .39319000E-01  
   .39565000E-01  
   .39064000E-01  
   .38810000E-01  
   .38844000E-01  
   .38855000E-01  
   .37797000E-01  
   .37724000E-01  
   .37601000E-01  
   .38045000E-01  
   .37410000E-01  
   .37407000E-01  
   .36814000E-01  
   .36761000E-01  
   .35966000E-01  
   .35673000E-01  
   .35642000E-01  
   .35818000E-01  
   .35476000E-01  
   .35459000E-01  
   .35218000E-01  
   .34257000E-01  
   .34567000E-01  
   .34084000E-01  
   .33922000E-01  
   .33868000E-01  
   .34449000E-01  
   .34026000E-01  
   .34046000E-01  
   .33531000E-01  
   .32840000E-01  
   .32892000E-01  
   .32855000E-01  
   .32815000E-01  
   .32712000E-01  
   .32696000E-01  
   .32286000E-01  
   .31734000E-01  
   .32000000E-01  
   .32218000E-01  
   .31877000E-01  
   .32332000E-01  
   .31836000E-01  
   .31400000E-01  
   .32244000E-01  
   .31703000E-01  
   .31494000E-01  
   .31300000E-01  
   .30899000E-01  
   .31227000E-01  
   .30657000E-01  
   .30410000E-01  
   .30300000E-01  
   .30295000E-01  
   .30320000E-01  
   .30134000E-01  
   .29769000E-01  
   .30085000E-01  
   .30370000E-01  
   .30117000E-01  
   .30394000E-01  
   .29728000E-01  
   .29646000E-01  
   .29249000E-01  
   .28893000E-01  
   .29332000E-01  
   .28964000E-01  
   .28881000E-01  
   .29002000E-01  
   .28731000E-01  
   .28146000E-01  
   .28376000E-01  
   .28474000E-01  
   .27973000E-01  
   .28080000E-01  
   .27749000E-01  
   .27979000E-01  
   .27895000E-01  
   .27603000E-01  
   .27400000E-01  
   .27292000E-01  
   .27113000E-01  
   .27134000E-01  
   .27085000E-01  
   .27070000E-01  
   .26909000E-01  
   .26978000E-01  
   .26756000E-01  
   .26374000E-01  
   .26676000E-01  
   .26407000E-01  
   .26364000E-01  
   .26326000E-01  
   .25921000E-01  
   .25693000E-01  
   .25943000E-01  
   .26278000E-01  
   .25593000E-01  
   .25483000E-01  
   .26145000E-01  
   .26037000E-01  
   .25889000E-01  
   .25577000E-01  
   .25092000E-01  
   .24833000E-01  
   .24979000E-01  
   .25221000E-01  
   .24931000E-01  
   .24773000E-01  
   .24670000E-01  
   .24578000E-01  
   .24897000E-01  
   .24662000E-01  
   .24617000E-01  
   .24473000E-01  
   .23991000E-01  
   .24719000E-01  
   .24190000E-01  
   .23991000E-01  
   .23305000E-01  
   .23617000E-01  
   .23293000E-01  
   .23588000E-01  
   .23629000E-01  
   .22681000E-01  
   .22945000E-01  
   .23012000E-01  
   .22766000E-01  
   .22802000E-01  
   .22728000E-01  
   .22297000E-01  
   .22008000E-01  
   .22366000E-01  
   .22250000E-01  
   .22448000E-01  
   .21795000E-01  
   .21677000E-01  
   .21842000E-01  
   .21590000E-01  
   .21205000E-01  
   .21046000E-01  
   .21006000E-01  
   .20885000E-01  
   .20763000E-01  
   .20457000E-01  
   .20345000E-01  
   .20499000E-01  
   .20296000E-01  
   .19915000E-01  
   .19809000E-01  
   .19696000E-01  
   .20005000E-01  
   .19973000E-01  
   .19541000E-01  
   .19420000E-01  
   .19319000E-01  
   .19302000E-01  
   .19350000E-01  
   .18931000E-01  
   .18874000E-01  
   .18858000E-01  
   .18906000E-01  
   .18879000E-01  
   .18342000E-01  
   .18306000E-01  
   .18128000E-01  
   .18324000E-01  
   .18223000E-01  
   .17759000E-01  
   .17660000E-01  
   .17455000E-01  
   .17604000E-01  
   .17640000E-01  
   .17334000E-01  
   .17148000E-01  
   .16792000E-01  
   .16490000E-01  
   .16606000E-01  
   .16285000E-01  
   .16248000E-01  
   .16376000E-01  
   .16409000E-01  
   .16388000E-01  
   .16210000E-01  
   .16241000E-01  
   .16029000E-01  
   .15777000E-01  
   .15446000E-01  
   .15660000E-01  
   .15156000E-01  
   .15116000E-01  
   .15120000E-01  
   .15170000E-01  
   .14838000E-01  
   .14958000E-01  
   .14324000E-01  
   .14672000E-01  
   .14403000E-01  
   .14444000E-01  
   .14528000E-01  
   .14168000E-01  
   .14224000E-01  
   .14223000E-01  
   .13851000E-01  
   .13887000E-01  
   .14081000E-01  
   .13900000E-01  
   .13698000E-01  
   .13563000E-01  
   .13498000E-01  
   .13448000E-01  
   .13265000E-01  
   .12861000E-01  
   .13127000E-01  
   .12883000E-01  
   .12857000E-01  
   .12572000E-01  
   .12626000E-01  
   .12144000E-01  
   .11969000E-01  
   .12054000E-01  
   .11855000E-01  
   .11738000E-01  
   .11871000E-01  
   .12116000E-01  
   .11971000E-01  
   .11612000E-01  
   .11860000E-01  
   .11665000E-01  
   .11329000E-01  
   .11488000E-01  
   .11507000E-01  
   .11559000E-01  
   .11002000E-01  
   .11105000E-01  
   .11252000E-01  
   .11236000E-01  
   .10982000E-01  
   .11060000E-01  
   .11070000E-01  
   .11067000E-01  
   .10653000E-01  
   .10666000E-01  
   .10648000E-01  
   .10511000E-01  
   .10228000E-01  
   .10365000E-01  
   .10327000E-01  
   .10414000E-01  
   .10202000E-01  
   .98988000E-02  
   .10203000E-01  
   .99464000E-02  
   .99242000E-02  
   .98541000E-02  
   .97402000E-02  
   .92644000E-02  
   .91327000E-02  
   .92827000E-02  
   .91114000E-02  
   .94162000E-02  
   .92068000E-02  
   .94479000E-02  
   .94474000E-02  
   .92844000E-02  
   .91400000E-02  
   .92256000E-02  
   .93021000E-02  
   .91208000E-02  
   .91355000E-02  
   .92870000E-02  
   .93495000E-02  
   .96735000E-02  
   .98708000E-02  
   .98704000E-02  
   .10026000E-01  
   .10509000E-01  
   .10224000E-01  
   .10475000E-01  
   .10462000E-01  
   .10515000E-01  
   .10924000E-01  
   .10916000E-01  
   .11245000E-01  
   .11461000E-01  
   .11227000E-01  
   .11207000E-01  
   .11039000E-01  
   .10652000E-01  
   .10649000E-01  
   .10284000E-01  
   .10266000E-01  
   .10145000E-01  
   .99390000E-02  
   .10106000E-01  
   .10418000E-01  
   .10163000E-01  
   .10045000E-01  
   .10186000E-01  
   .98480000E-02  
   .10104000E-01  
   .97630000E-02  
   .96475000E-02  
   .93576000E-02  
   .92821000E-02  
   .90229000E-02  
   .88987000E-02  
   .88187000E-02  
   .85221000E-02  
   .89625000E-02  
   .93360000E-02  
   .91828000E-02  
   .91772000E-02  
   .89570000E-02  
   .88599000E-02  
   .90970000E-02  
   .91689000E-02  
   .89405000E-02  
   .86382000E-02  
   .85393000E-02  
   .88281000E-02  
   .86714000E-02  
   .86469000E-02  
   .85253000E-02  
   .83350000E-02  
   .85625000E-02  
   .86250000E-02  
   .83917000E-02  
   .85897000E-02  
   .88905000E-02  
   .90040000E-02  
   .92596000E-02  
   .94345000E-02  
   .10035000E-01  
   .10660000E-01  
   .11342000E-01  
   .12349000E-01  
   .13382000E-01  
   .14928000E-01  
   .17138000E-01  
   .19578000E-01  
   .22174000E-01  
   .24479000E-01  
   .26640000E-01  
   .29905000E-01  
   .31836000E-01  
   .34462000E-01  
   .35780000E-01  
   .37457000E-01  
   .38797000E-01  
   .39580000E-01  
   .40007000E-01  
   .40208000E-01  
   .40269000E-01  
   .40206000E-01  
   .39448000E-01  
   .38826000E-01  
   .38203000E-01  
   .37967000E-01  
   .66345000E-01  
   .12068000      
   .13817000      
   .13004000      
   .96535000E-01  
   .56220000E-01  
   .35505000E-01  
   .30470000E-01  
   .29515000E-01  
   .29061000E-01  
   .28154000E-01  
   .27594000E-01  
   .27238000E-01  
   .26936000E-01  
   .27346000E-01  
   .28100000E-01  
   .28819000E-01  
   .29613000E-01  
   .30403000E-01  
   .32030000E-01  
   .33038000E-01  
   .34573000E-01  
   .36499000E-01  
   .37781000E-01  
   .39454000E-01  
   .42100000E-01  
   .44709000E-01  
   .47298000E-01  
   .50539000E-01  
   .54952000E-01  
   .58608000E-01  
   .62936000E-01  
   .66605000E-01  
   .71952000E-01  
   .75068000E-01  
   .77898000E-01  
   .80188000E-01  
   .81366000E-01  
   .81062000E-01  
   .79718000E-01  
   .77783000E-01  
   .74034000E-01  
   .70808000E-01  
   .67307000E-01  
   .63227000E-01  
   .59250000E-01  
   .55074000E-01  
   .51249000E-01  
   .47190000E-01  
   .44983000E-01  
   .42168000E-01  
   .39538000E-01  
   .37802000E-01  
   .35705000E-01  
   .33948000E-01  
   .33025000E-01  
   .31813000E-01  
   .30436000E-01  
   .29706000E-01  
   .29205000E-01  
   .29197000E-01  
   .29153000E-01  
   .29139000E-01  
   .29686000E-01  
   .30488000E-01  
   .30311000E-01  
   .30605000E-01  
   .30989000E-01  
   .30479000E-01  
   .29742000E-01  
   .29854000E-01  
   .29018000E-01  
   .28422000E-01  
   .27661000E-01  
   .25838000E-01  
   .24526000E-01  
   .23020000E-01  
   .21163000E-01  
   .19374000E-01  
   .18295000E-01  
   .17245000E-01  
   .15762000E-01  
   .15405000E-01  
   .14174000E-01  
   .13151000E-01  
   .12400000E-01  
   .11668000E-01  
   .11064000E-01  
   .10423000E-01  
   .10119000E-01  
   .94741000E-02  
   .91682000E-02  
   .87666000E-02  
   .84485000E-02  
   .78681000E-02  
   .77123000E-02  
   .77771000E-02  
   .70544000E-02  
   .71629000E-02  
   .65848000E-02  
   .67047000E-02  
   .65551000E-02  
   .60973000E-02  
   .58309000E-02  
   .56737000E-02  
   .56767000E-02  
   .57168000E-02  
   .56866000E-02  
   .58435000E-02  
   .54153000E-02  
   .53848000E-02  
   .51939000E-02  
   .51821000E-02  
   .50161000E-02  
   .49161000E-02  
   .46161000E-02  
   .50234000E-02  
   .49030000E-02  
   .46611000E-02  
   .46597000E-02  
   .42546000E-02  
   .41447000E-02  
   .42295000E-02  
   .38126000E-02  
   .39757000E-02  
   .36653000E-02  
   .34480000E-02  
   .35446000E-02  
   .34746000E-02  
   .33782000E-02  
   .33349000E-02  
   .28460000E-02  
   .30988000E-02  
   .31217000E-02  
   .29164000E-02  
   .28807000E-02  
   .28169000E-02  
   .28212000E-02  
   .30060000E-02  
   .29350000E-02  
   .28168000E-02  
   .23979000E-02  
   .25171000E-02  
   .23540000E-02  
   .25703000E-02  
   .24691000E-02  
   .25058000E-02  
   .24729000E-02  
   .25808000E-02  
   .26212000E-02  
   .24524000E-02  
   .24728000E-02  
   .24172000E-02  
   .24769000E-02  
   .26766000E-02  
   .27303000E-02  
   .27469000E-02  
   .29178000E-02  
   .30651000E-02  
   .29065000E-02  
   .31042000E-02  
   .30724000E-02  
   .30149000E-02  
   .28710000E-02  
   .27325000E-02  
   .28616000E-02  
   .25872000E-02  
   .26082000E-02  
   .26398000E-02  
   .24300000E-02  
   .24265000E-02  
   .22667000E-02  
   .23589000E-02  
   .22821000E-02  
   .22779000E-02  
   .21782000E-02  
   .21885000E-02  
   .20044000E-02  
   .22064000E-02  
   .20596000E-02  
   .22627000E-02  
   .22117000E-02  
   .20550000E-02  
   .21107000E-02  
   .20631000E-02  
   .21639000E-02  
   .20527000E-02  
   .19983000E-02  
   .21751000E-02  
   .21873000E-02  
   .22246000E-02  
   .19598000E-02  
   .19509000E-02  
   .20572000E-02  
   .19267000E-02  
   .18354000E-02  
   .18650000E-02  
   .21115000E-02  
   .19007000E-02  
   .19143000E-02  
   .18901000E-02  
   .20266000E-02  
   .22829000E-02  
   .22773000E-02  
   .25751000E-02  
   .26303000E-02  
   .28880000E-02  
   .33385000E-02  
   .35739000E-02  
   .34576000E-02  
   .35587000E-02  
   .42234000E-02  
   .41991000E-02  
   .43660000E-02  
   .44019000E-02  
   .46365000E-02  
   .45634000E-02  
   .48466000E-02  
   .48439000E-02  
   .46945000E-02  
   .45054000E-02  
   .40607000E-02  
   .40484000E-02  
   .39349000E-02  
   .38106000E-02  
   .33351000E-02  
   .32808000E-02  
   .32828000E-02  
   .29554000E-02  
   .31609000E-02  
   .31670000E-02  
   .34459000E-02  
   .40628000E-02  
   .49842000E-02  
   .58459000E-02  
   .64764000E-02  
   .73380000E-02  
   .81595000E-02  
   .90006000E-02  
   .96881000E-02  
   .10475000E-01  
   .10410000E-01  
   .10466000E-01  
   .10392000E-01  
   .10191000E-01  
   .10137000E-01  
   .95451000E-02  
   .91616000E-02  
   .84206000E-02  
   .76013000E-02  
   .67976000E-02  
   .60069000E-02  
   .58573000E-02  
   .51511000E-02  
   .47378000E-02  
   .41443000E-02  
   .36254000E-02  
   .32051000E-02  
   .29761000E-02  
   .27452000E-02  
   .27675000E-02  
   .27429000E-02  
   .27751000E-02  
   .26931000E-02  
   .24886000E-02  
   .24984000E-02  
   .27239000E-02  
   .27894000E-02  
   .29372000E-02  
   .29837000E-02  
   .31519000E-02  
   .33250000E-02  
   .36523000E-02  
   .36112000E-02  
   .35626000E-02  
   .36237000E-02  
   .37695000E-02  
   .37602000E-02  
   .32812000E-02  
   .31466000E-02  
   .29952000E-02  
   .30909000E-02  
   .29628000E-02  
   .27248000E-02  
   .28380000E-02  
   .27545000E-02  
   .27888000E-02  
   .29256000E-02  
   .31364000E-02  
   .29443000E-02  
   .31619000E-02  
   .30989000E-02  
   .31636000E-02  
   .34512000E-02  
   .35182000E-02  
   .36268000E-02  
   .34458000E-02  
   .35580000E-02  
   .37545000E-02  
   .40523000E-02  
   .42964000E-02  
   .46698000E-02  
   .47297000E-02  
   .50102000E-02  
   .55136000E-02  
   .57062000E-02  
   .62927000E-02  
   .70129000E-02  
   .75656000E-02  
   .80678000E-02  
   .86594000E-02  
   .90998000E-02  
   .95516000E-02  
   .10140000E-01  
   .10738000E-01  
   .11124000E-01  
   .11961000E-01  
   .12477000E-01  
   .13011000E-01  
   .14092000E-01  
   .15132000E-01  
   .15791000E-01  
   .17175000E-01  
   .18168000E-01  
   .18695000E-01  
   .19374000E-01  
   .19933000E-01  
   .20389000E-01  
   .20612000E-01  
   .20710000E-01  
   .20308000E-01  
   .19943000E-01  
   .19852000E-01  
   .19910000E-01  
   .19631000E-01  
   .20147000E-01  
   .21187000E-01  
   .22612000E-01  
   .25377000E-01  
   .28389000E-01  
   .32105000E-01  
   .35314000E-01  
   .38548000E-01  
   .41398000E-01  
   .43788000E-01  
   .46172000E-01  
   .47609000E-01  
   .48291000E-01  
   .47908000E-01  
   .47144000E-01  
   .44602000E-01  
   .42472000E-01  
   .40225000E-01  
   .38560000E-01  
   .36359000E-01  
   .35776000E-01  
   .35184000E-01  
   .34270000E-01  
   .34746000E-01  
   .35441000E-01  
   .36819000E-01  
   .37434000E-01  
   .38758000E-01  
   .38624000E-01  
   .38110000E-01  
   .36723000E-01  
   .35156000E-01  
   .33666000E-01  
   .32175000E-01  
   .29573000E-01  
   .26903000E-01  
   .25487000E-01  
   .23365000E-01  
   .22577000E-01  
   .21778000E-01  
   .21297000E-01  
   .21078000E-01  
   .20972000E-01  
   .21827000E-01  
   .22895000E-01  
   .24482000E-01  
   .26160000E-01  
   .28632000E-01  
   .30800000E-01  
   .33803000E-01  
   .36015000E-01  
   .37739000E-01  
   .38685000E-01  
   .40411000E-01  
   .40809000E-01  
   .40743000E-01  
   .40425000E-01  
   .39945000E-01  
   .39907000E-01  
   .40358000E-01  
   .41229000E-01  
   .42261000E-01  
   .43008000E-01  
   .44598000E-01  
   .47299000E-01  
   .48333000E-01  
   .49402000E-01  
   .50176000E-01  
   .49764000E-01  
   .49247000E-01  
   .47832000E-01  
   .45220000E-01  
   .41812000E-01  
   .38363000E-01  
   .34240000E-01  
   .30727000E-01  
   .26850000E-01  
   .24360000E-01  
   .22141000E-01  
   .20163000E-01  
   .18055000E-01  
   .17284000E-01  
   .15626000E-01  
   .14438000E-01  
   .13802000E-01  
   .12987000E-01  
   .12086000E-01  
   .11340000E-01  
   .10675000E-01  
   .97558000E-02  
   .85972000E-02  
   .82495000E-02  
   .78215000E-02  
   .74687000E-02  
   .67127000E-02  
   .65056000E-02  
   .59108000E-02  
   .57643000E-02  
   .55575000E-02  
   .52816000E-02  
   .53755000E-02  
   .49558000E-02  
   .49030000E-02  
   .49494000E-02  
   .47532000E-02  
   .49069000E-02  
   .45847000E-02  
   .45833000E-02  
   .44890000E-02  
   .43489000E-02  
   .41573000E-02  
   .44749000E-02  
   .44232000E-02  
   .43459000E-02  
   .40358000E-02  
   .41676000E-02  
   .41936000E-02  
   .45221000E-02  
   .13399000E-01  
   .22854000E-01  
   .25856000E-01  
   .25542000E-01  
   .23086000E-01  
   .19620000E-01  
   .13579000E-01  
   .83533000E-02  
   .56475000E-02  
   .45398000E-02  
   .46370000E-02  
   .50136000E-02  
   .53481000E-02  
   .56190000E-02  
   .58575000E-02  
   .64100000E-02  
   .65439000E-02  
   .65024000E-02  
   .67555000E-02  
   .71479000E-02  
   .71563000E-02  
   .69703000E-02  
   .68346000E-02  
   .68216000E-02  
   .65345000E-02  
   .62239000E-02  
   .63990000E-02  
   .60855000E-02  
   .55268000E-02  
   .50685000E-02  
   .48265000E-02  
   .43265000E-02  
   .39958000E-02  
   .39435000E-02  
   .37656000E-02  
   .33939000E-02  
   .33424000E-02  
   .35065000E-02  
   .33251000E-02  
   .34102000E-02  
   .31556000E-02  
   .30955000E-02  
   .34811000E-02  
   .35626000E-02  
   .36246000E-02  
   .41974000E-02  
   .42648000E-02  
   .44289000E-02  
   .53363000E-02  
   .58227000E-02  
   .61211000E-02  
   .61940000E-02  
   .64249000E-02  
   .64429000E-02  
   .62768000E-02  
   .61909000E-02  
   .62858000E-02  
   .63480000E-02  
   .56498000E-02  
   .55850000E-02  
   .52197000E-02  
   .50856000E-02  
   .52135000E-02  
   .53372000E-02  
   .57307000E-02  
   .61583000E-02  
   .66394000E-02  
   .69966000E-02  
   .74019000E-02  
   .83624000E-02  
   .87808000E-02  
   .94888000E-02  
   .10704000E-01  
   .11629000E-01  
   .12798000E-01  
   .13723000E-01  
   .14302000E-01  
   .15517000E-01  
   .15749000E-01  
   .16517000E-01  
   .16578000E-01  
   .15974000E-01  
   .15906000E-01  
   .15118000E-01  
   .14066000E-01  
   .13186000E-01  
   .12710000E-01  
   .11468000E-01  
   .10873000E-01  
   .10394000E-01  
   .10098000E-01  
   .10450000E-01  
   .10889000E-01  
   .11068000E-01  
   .11315000E-01  
   .11284000E-01  
   .11691000E-01  
   .11204000E-01  
   .11002000E-01  
   .10748000E-01  
   .10791000E-01  
   .10370000E-01  
   .97776000E-02  
   .94508000E-02  
   .86775000E-02  
   .88071000E-02  
   .83886000E-02  
   .88553000E-02  
   .91337000E-02  
   .97304000E-02  
   .10446000E-01  
   .11498000E-01  
   .13082000E-01  
   .13796000E-01  
   .15057000E-01  
   .16652000E-01  
   .18059000E-01  
   .18609000E-01  
   .19418000E-01  
   .20263000E-01  
   .20667000E-01  
   .20880000E-01  
   .20267000E-01  
   .19851000E-01  
   .19423000E-01  
   .19226000E-01  
   .18678000E-01  
   .18496000E-01  
   .17903000E-01  
   .17620000E-01  
   .17050000E-01  
   .16479000E-01  
   .16267000E-01  
   .16151000E-01  
   .15525000E-01  
   .14650000E-01  
   .14122000E-01  
   .12844000E-01  
   .11978000E-01  
   .11679000E-01  
   .10512000E-01  
   .10122000E-01  
   .10246000E-01  
   .99398000E-02  
   .10666000E-01  
   .10909000E-01  
   .11526000E-01  
   .12889000E-01  
   .14257000E-01  
   .15709000E-01  
   .17011000E-01  
   .18419000E-01  
   .21056000E-01  
   .23482000E-01  
   .25907000E-01  
   .26864000E-01  
   .27766000E-01  
   .28960000E-01  
   .28401000E-01  
   .28086000E-01  
   .27300000E-01  
   .25980000E-01  
   .24146000E-01  
   .22501000E-01  
   .20997000E-01  
   .20225000E-01  
   .18986000E-01  
   .17991000E-01  
   .17088000E-01  
   .16832000E-01  
   .16774000E-01  
   .16093000E-01  
   .15699000E-01  
   .14897000E-01  
   .13983000E-01  
   .12729000E-01  
   .11706000E-01  
   .10728000E-01  
   .95400000E-02  
   .81377000E-02  
   .77234000E-02  
   .71839000E-02  
   .67979000E-02  
   .65597000E-02  
   .62369000E-02  
   .62733000E-02  
   .60046000E-02  
   .60836000E-02  
   .56419000E-02  
   .59453000E-02  
   .59650000E-02  
   .58954000E-02  
   .60808000E-02  
   .62275000E-02  
   .63069000E-02  
   .67402000E-02  
   .69541000E-02  
   .76511000E-02  
   .83481000E-02  
   .87551000E-02  
   .88956000E-02  
   .92761000E-02  
   .98281000E-02  
   .10123000E-01  
   .10310000E-01  
   .10477000E-01  
   .10544000E-01  
   .10510000E-01  
   .10176000E-01  
   .98357000E-02  
   .97728000E-02  
   .95518000E-02  
   .88370000E-02  
   .82317000E-02  
   .79311000E-02  
   .76920000E-02  
   .72890000E-02  
   .69930000E-02  
   .69445000E-02  
   .69854000E-02  
   .64584000E-02  
   .67735000E-02  
   .68466000E-02  
   .65511000E-02  
   .64068000E-02  
   .61610000E-02  
   .61360000E-02  
   .57665000E-02  
   .56422000E-02  
   .53243000E-02  
   .46248000E-02  
   .44159000E-02  
   .42214000E-02  
   .40139000E-02  
   .37877000E-02  
   .40601000E-02  
   .37882000E-02  
   .38963000E-02  
   .37219000E-02  
   .37543000E-02  
   .40648000E-02  
   .37140000E-02  
   .37361000E-02  
   .36876000E-02  
   .37319000E-02  
   .38004000E-02  
   .38012000E-02  
   .38834000E-02  
   .37302000E-02  
   .38800000E-02  
   .39581000E-02  
   .40694000E-02  
   .37677000E-02  
   .39488000E-02  
   .36758000E-02  
   .35394000E-02  
   .38136000E-02  
   .36637000E-02  
   .38197000E-02  
   .37272000E-02  
   .39378000E-02  
   .38888000E-02  
   .37334000E-02  
   .38880000E-02  
   .38184000E-02  
   .41587000E-02  
   .42420000E-02  
   .44392000E-02  
   .44682000E-02  
   .46533000E-02  
   .47210000E-02  
   .50981000E-02  
   .48726000E-02  
   .46524000E-02  
   .48621000E-02  
   .48964000E-02  
   .50737000E-02  
   .48918000E-02  
   .47100000E-02  
   .48697000E-02  
   .46860000E-02  
   .47108000E-02  
   .46451000E-02  
   .44370000E-02  
   .46189000E-02  
   .46631000E-02  
   .45145000E-02  
   .45674000E-02  
   .46343000E-02  
   .46477000E-02  
   .44664000E-02  
   .47172000E-02  
   .46479000E-02  
   .46451000E-02  
   .44700000E-02  
   .45249000E-02  
   .44118000E-02  
   .43100000E-02  
   .42922000E-02  
   .44548000E-02  
   .47142000E-02  
   .46493000E-02  
   .44302000E-02  
   .44895000E-02  
   .49477000E-02  
   .46485000E-02  
   .49070000E-02  
   .48409000E-02  
   .47797000E-02  
   .48851000E-02  
   .47702000E-02  
   .47848000E-02  
   .49991000E-02  
   .53096000E-02  
   .54001000E-02  
   .55260000E-02  
   .57439000E-02  
   .56696000E-02  
   .58488000E-02  
   .60041000E-02  
   .62495000E-02  
   .61410000E-02  
   .63445000E-02  
   .67042000E-02  
   .71860000E-02  
   .74558000E-02  
   .72685000E-02  
   .74012000E-02  
   .75810000E-02  
   .77024000E-02  
   .76727000E-02  
   .79992000E-02  
   .73954000E-02  
   .74079000E-02  
   .69577000E-02  
   .67705000E-02  
   .69052000E-02  
   .61690000E-02  
   .58398000E-02  
   .55438000E-02  
   .51189000E-02  
   .54869000E-02  
   .51902000E-02  
   .49273000E-02  
   .47192000E-02  
   .50330000E-02  
   .52661000E-02  
   .56198000E-02  
   .56744000E-02  
   .57251000E-02  
   .54589000E-02  
   .60754000E-02  
   .64974000E-02  
   .63848000E-02  
   .62922000E-02  
   .66640000E-02  
   .63468000E-02  
   .64607000E-02  
   .62665000E-02  
   .62231000E-02  
   .59844000E-02  
   .59780000E-02  
   .58629000E-02  
   .57676000E-02  
   .59054000E-02  
   .58255000E-02  
   .54459000E-02  
   .51093000E-02  
   .52569000E-02  
   .45802000E-02  
   .47216000E-02  
   .46547000E-02  
   .44704000E-02  
   .46348000E-02  
   .44373000E-02  
   .42248000E-02  
   .44430000E-02  
   .42856000E-02  
   .41454000E-02  
   .42227000E-02  
   .39528000E-02  
   .39525000E-02  
   .37378000E-02  
   .40020000E-02  
   .41902000E-02  
   .36027000E-02  
   .37095000E-02  
   .37937000E-02  
   .38093000E-02  
   .40443000E-02  
   .38539000E-02  
   .40543000E-02  
   .38701000E-02  
   .37629000E-02  
   .39209000E-02  
   .40299000E-02  
   .41183000E-02  
   .41079000E-02  
   .43080000E-02  
   .42813000E-02  
   .46423000E-02  
   .46677000E-02  
   .48337000E-02  
   .50483000E-02  
   .53662000E-02  
   .56872000E-02  
   .58291000E-02  
   .62158000E-02  
   .66369000E-02  
   .73966000E-02  
   .77442000E-02  
   .86520000E-02  
   .86001000E-02  
   .93206000E-02  
   .91708000E-02  
   .94072000E-02  
   .98059000E-02  
   .97082000E-02  
   .91512000E-02  
   .86455000E-02  
   .83200000E-02  
   .79898000E-02  
   .80731000E-02  
   .79897000E-02  
   .74699000E-02  
   .72296000E-02  
   .69474000E-02  
   .71681000E-02  
   .69488000E-02  
   .69543000E-02  
   .69965000E-02  
   .68765000E-02  
   .69228000E-02  
   .67606000E-02  
   .68446000E-02  
   .66505000E-02  
   .64331000E-02  
   .67331000E-02  
   .69015000E-02  
   .70134000E-02  
   .69664000E-02  
   .73184000E-02  
   .74700000E-02  
   .78993000E-02  
   .77174000E-02  
   .85152000E-02  
   .92663000E-02  
   .99124000E-02  
   .10395000E-01  
   .10746000E-01  
   .11935000E-01  
   .12473000E-01  
   .12954000E-01  
   .14133000E-01  
   .15350000E-01  
   .16145000E-01  
   .16726000E-01  
   .17092000E-01  
   .18066000E-01  
   .19428000E-01  
   .19913000E-01  
   .21182000E-01  
   .22404000E-01  
   .23720000E-01  
   .25456000E-01  
   .26640000E-01  
   .27409000E-01  
   .29208000E-01  
   .30309000E-01  
   .30404000E-01  
   .29963000E-01  
   .30214000E-01  
   .28876000E-01  
   .26585000E-01  
   .24910000E-01  
   .23087000E-01  
   .20478000E-01  
   .18087000E-01  
   .16392000E-01  
   .14575000E-01  
   .13491000E-01  
   .12591000E-01  
   .11864000E-01  
   .12075000E-01  
   .12206000E-01  
   .11998000E-01  
   .12288000E-01  
   .12797000E-01  
   .13532000E-01  
   .14339000E-01  
   .14622000E-01  
   .15373000E-01  
   .15331000E-01  
   .16260000E-01  
   .16894000E-01  
   .16983000E-01  
   .17100000E-01  
   .17084000E-01  
   .16935000E-01  
   .16749000E-01  
   .16512000E-01  
   .16441000E-01  
   .16402000E-01  
   .16737000E-01  
   .17252000E-01  
   .17901000E-01  
   .18889000E-01  
   .20144000E-01  
   .20864000E-01  
   .22241000E-01  
   .23137000E-01  
   .25344000E-01  
   .27320000E-01  
   .28687000E-01  
   .30589000E-01  
   .32253000E-01  
   .34583000E-01  
   .36940000E-01  
   .38340000E-01  
   .40590000E-01  
   .42907000E-01  
   .44775000E-01  
   .45589000E-01  
   .46878000E-01  
   .47043000E-01  
   .46160000E-01  
   .45383000E-01  
   .44650000E-01  
   .43258000E-01  
   .40800000E-01  
   .39209000E-01  
   .36559000E-01  
   .34774000E-01  
   .33127000E-01  
   .32271000E-01  
   .31542000E-01  
   .30849000E-01  
   .31518000E-01  
   .32346000E-01  
   .33772000E-01  
   .35099000E-01  
   .37407000E-01  
   .40660000E-01  
   .43352000E-01  
   .45993000E-01  
   .48473000E-01  
   .50645000E-01  
   .52477000E-01  
   .53922000E-01  
   .55970000E-01  
   .56569000E-01  
   .57501000E-01  
   .58958000E-01  
   .60062000E-01  
   .61937000E-01  
   .63459000E-01  
   .63377000E-01  
   .64389000E-01  
   .65005000E-01  
   .64489000E-01  
   .62993000E-01  
   .60957000E-01  
   .57828000E-01  
   .54780000E-01  
   .50354000E-01  
   .46883000E-01  
   .43016000E-01  
   .39687000E-01  
   .36525000E-01  
   .33417000E-01  
   .31108000E-01  
   .29510000E-01  
   .27992000E-01  
   .27010000E-01  
   .26514000E-01  
   .25834000E-01  
   .26127000E-01  
   .25889000E-01  
   .25526000E-01  
   .25499000E-01  
   .25452000E-01  
   .25511000E-01  
   .26265000E-01  
   .26245000E-01  
   .26277000E-01  
   .26174000E-01  
   .26503000E-01  
   .26501000E-01  
   .26650000E-01  
   .26650000E-01  
   .26194000E-01  
   .26314000E-01  
   .26422000E-01  
   .26467000E-01  
   .26642000E-01  
   .26924000E-01  
   .27196000E-01  
   .28068000E-01  
   .28157000E-01  
   .29405000E-01  
   .30092000E-01  
   .30803000E-01  
   .32426000E-01  
   .33805000E-01  
   .34479000E-01  
   .36420000E-01  
   .38180000E-01  
   .39843000E-01  
   .42159000E-01  
   .43338000E-01  
   .45401000E-01  
   .47245000E-01  
   .48966000E-01  
   .49994000E-01  
   .51592000E-01  
   .54062000E-01  
   .55121000E-01  
   .55867000E-01  
   .57217000E-01  
   .58457000E-01  
   .60769000E-01  
   .62615000E-01  
   .64096000E-01  
   .65617000E-01  
   .67665000E-01  
   .68792000E-01  
   .71539000E-01  
   .73449000E-01  
   .75147000E-01  
   .76581000E-01  
   .77996000E-01  
   .79678000E-01  
   .80986000E-01  
   .81962000E-01  
   .82717000E-01  
   .83514000E-01  
   .84080000E-01  
   .84800000E-01  
   .86335000E-01  
   .87287000E-01  
   .88814000E-01  
   .89734000E-01  
   .91560000E-01  
   .93548000E-01  
   .95303000E-01  
   .97798000E-01  
   .10107000      
   .10363000      
   .10573000      
   .10765000      
   .10737000      
   .10734000      
   .10734000      
   .10628000      
   .10524000      
   .10119000      
   .96985000E-01  
   .93262000E-01  
   .88796000E-01  
   .83456000E-01  
   .78834000E-01  
   .72898000E-01  
   .68372000E-01  
   .64614000E-01  
   .59868000E-01  
   .55282000E-01  
   .51569000E-01  
   .46269000E-01  
   .42594000E-01  
   .41672000E-01  
   .39625000E-01  
   .37132000E-01  
   .35330000E-01  
   .33024000E-01  
   .31289000E-01  
   .29573000E-01  
   .28195000E-01  
   .27200000E-01  
   .25912000E-01  
   .24527000E-01  
   .23443000E-01  
   .22531000E-01  
   .21404000E-01  
   .20822000E-01  
   .19962000E-01  
   .19390000E-01  
   .18558000E-01  
   .17494000E-01  
   .17223000E-01  
   .16308000E-01  
   .15698000E-01  
   .14820000E-01  
   .14597000E-01  
   .14395000E-01  
   .13903000E-01  
   .13212000E-01  
   .12615000E-01  
   .12544000E-01  
   .11823000E-01  
   .11925000E-01  
   .11317000E-01  
   .11082000E-01  
   .10816000E-01  
   .10604000E-01  
   .10906000E-01  
   .10607000E-01  
   .10267000E-01  
   .97149000E-02  
   .97928000E-02  
   .96987000E-02  
   .95809000E-02  
   .94738000E-02  
   .94001000E-02  
   .92701000E-02  
   .90381000E-02  
   .89182000E-02  
   .88622000E-02  
   .88495000E-02  
   .84190000E-02  
   .85055000E-02  
   .84183000E-02  
   .82956000E-02  
   .84162000E-02  
   .83806000E-02  
   .80593000E-02  
   .79281000E-02  
   .78261000E-02  
   .80288000E-02  
   .77651000E-02  
   .75476000E-02  
   .74880000E-02  
   .75881000E-02  
   .72921000E-02  
   .72289000E-02  
   .70156000E-02  
   .71598000E-02  
   .73713000E-02  
   .70234000E-02  
   .70499000E-02  
   .70442000E-02  
   .67552000E-02  
   .70356000E-02  
   .69559000E-02  
   .64922000E-02  
   .65677000E-02  
   .65839000E-02  
   .65175000E-02  
   .67312000E-02  
   .64041000E-02  
   .64287000E-02  
   .63864000E-02  
   .64504000E-02  
   .63527000E-02  
   .61226000E-02  
   .60516000E-02  
   .60945000E-02  
   .59328000E-02  
   .58940000E-02  
   .58985000E-02  
   .60035000E-02  
   .58460000E-02  
   .59616000E-02  
   .57496000E-02  
   .60477000E-02  
   .59060000E-02  
   .58813000E-02  
   .56493000E-02  
   .58165000E-02  