  11102 11  1 CEKYF.01   CL5135 GA   .000 U  #  81594 00.00   1         
  PROGRAM    EHEAD   VERSION 01.01 DEUTERIUM LAMP                       
  USER PLC DATE & TIME  1995  4  6 00.00 00.00     9.990    295K S      
 EC1 Ce  10     0     0 KYF4             .279800 -  .449400 .00010       
 SLIT WIDTH IS 1500 MICRONS, SAMPLE IS RECTANGULAR. C-AXIS IS CUT        
 PERP. TO LONG AXIS OF CRYSTAL. PUMP LIGHT IS ALONG A(=B & LONG          
 AXIS ) OF CRYSTAL. SAMPLE IS PLACED WITH C-AXIS IN THE SAME             
 DIRECTION AS EMISSION OBSERVED. (SIGMA POL.) MANY RECORDS MISSING       
 FROM END OF FILE. FILE TRUNCATED AT MISSING DATA POINTS.                
 CONCENTRATION IS ATOMIC PERCENT.                                        
  FORMAT(1X,G15.8)                                                       
  EOH                                                                    
  1697.           
   .63247000E-24  
   .66087000E-24  
   .86029000E-24  
   .98398000E-24  
   .10918000E-23  
   .11560000E-23  
   .11089000E-23  
   .10601000E-23  
   .10836000E-23  
   .10639000E-23  
   .91713000E-24  
   .75656000E-24  
   .76779000E-24  
   .79030000E-24  
   .87995000E-24  
   .79270000E-24  
   .91405000E-24  
   .10944000E-23  
   .11246000E-23  
   .10324000E-23  
   .11901000E-23  
   .11348000E-23  
   .87037000E-24  
   .87415000E-24  
   .10518000E-23  
   .90839000E-24  
   .10086000E-23  
   .12025000E-23  
   .13522000E-23  
   .12387000E-23  
   .15057000E-23  
   .14846000E-23  
   .14008000E-23  
   .13747000E-23  
   .13444000E-23  
   .12090000E-23  
   .10853000E-23  
   .89242000E-24  
   .77954000E-24  
   .63448000E-24  
   .66333000E-24  
   .62933000E-24  
   .80956000E-24  
   .88197000E-24  
   .10213000E-23  
   .91114000E-24  
   .10043000E-23  
   .99653000E-24  
   .90827000E-24  
   .11684000E-23  
   .13400000E-23  
   .13636000E-23  
   .13611000E-23  
   .13620000E-23  
   .13131000E-23  
   .13483000E-23  
   .15930000E-23  
   .18201000E-23  
   .18450000E-23  
   .17693000E-23  
   .20025000E-23  
   .17692000E-23  
   .16546000E-23  
   .15908000E-23  
   .14567000E-23  
   .13629000E-23  
   .15029000E-23  
   .15959000E-23  
   .16042000E-23  
   .15030000E-23  
   .11529000E-23  
   .10023000E-23  
   .86303000E-24  
   .72782000E-24  
   .88114000E-24  
   .12165000E-23  
   .15223000E-23  
   .18212000E-23  
   .22345000E-23  
   .22473000E-23  
   .21745000E-23  
   .22738000E-23  
   .21387000E-23  
   .19594000E-23  
   .20965000E-23  
   .21623000E-23  
   .20795000E-23  
   .20826000E-23  
   .22392000E-23  
   .20443000E-23  
   .19534000E-23  
   .17846000E-23  
   .17979000E-23  
   .16969000E-23  
   .20973000E-23  
   .23000000E-23  
   .24795000E-23  
   .27099000E-23  
   .28845000E-23  
   .28149000E-23  
   .28205000E-23  
   .29750000E-23  
   .28920000E-23  
   .29016000E-23  
   .29035000E-23  
   .28314000E-23  
   .24528000E-23  
   .23853000E-23  
   .25152000E-23  
   .25778000E-23  
   .27109000E-23  
   .27311000E-23  
   .28231000E-23  
   .29642000E-23  
   .31524000E-23  
   .31722000E-23  
   .35183000E-23  
   .37064000E-23  
   .37389000E-23  
   .37021000E-23  
   .40459000E-23  
   .41677000E-23  
   .42019000E-23  
   .42452000E-23  
   .43207000E-23  
   .41237000E-23  
   .42708000E-23  
   .44296000E-23  
   .45473000E-23  
   .47237000E-23  
   .50643000E-23  
   .52357000E-23  
   .52241000E-23  
   .55039000E-23  
   .56283000E-23  
   .56613000E-23  
   .59727000E-23  
   .60992000E-23  
   .61246000E-23  
   .63195000E-23  
   .66308000E-23  
   .67283000E-23  
   .71387000E-23  
   .73619000E-23  
   .78380000E-23  
   .85227000E-23  
   .88243000E-23  
   .92639000E-23  
   .97595000E-23  
   .10059000E-22  
   .10388000E-22  
   .11127000E-22  
   .11715000E-22  
   .12391000E-22  
   .13188000E-22  
   .13816000E-22  
   .14527000E-22  
   .15142000E-22  
   .15907000E-22  
   .16477000E-22  
   .17079000E-22  
   .18011000E-22  
   .19222000E-22  
   .20263000E-22  
   .21635000E-22  
   .23060000E-22  
   .24320000E-22  
   .25782000E-22  
   .27482000E-22  
   .29032000E-22  
   .30535000E-22  
   .32435000E-22  
   .34287000E-22  
   .36062000E-22  
   .38222000E-22  
   .40599000E-22  
   .42512000E-22  
   .44618000E-22  
   .46984000E-22  
   .49367000E-22  
   .51846000E-22  
   .54679000E-22  
   .57754000E-22  
   .60849000E-22  
   .64140000E-22  
   .66913000E-22  
   .70120000E-22  
   .73238000E-22  
   .77171000E-22  
   .80661000E-22  
   .84653000E-22  
   .88079000E-22  
   .91665000E-22  
   .95150000E-22  
   .98612000E-22  
   .10271000E-21  
   .10727000E-21  
   .11140000E-21  
   .11481000E-21  
   .11922000E-21  
   .12308000E-21  
   .12742000E-21  
   .13222000E-21  
   .13696000E-21  
   .14121000E-21  
   .14614000E-21  
   .15037000E-21  
   .15515000E-21  
   .16013000E-21  
   .16501000E-21  
   .16949000E-21  
   .17457000E-21  
   .17860000E-21  
   .18322000E-21  
   .18881000E-21  
   .19445000E-21  
   .19885000E-21  
   .20476000E-21  
   .21023000E-21  
   .21485000E-21  
   .21923000E-21  
   .22379000E-21  
   .22738000E-21  
   .23225000E-21  
   .23766000E-21  
   .24233000E-21  
   .24780000E-21  
   .25384000E-21  
   .25880000E-21  
   .26345000E-21  
   .26799000E-21  
   .27270000E-21  
   .27731000E-21  
   .28262000E-21  
   .28673000E-21  
   .29253000E-21  
   .29623000E-21  
   .30055000E-21  
   .30461000E-21  
   .30989000E-21  
   .31432000E-21  
   .31963000E-21  
   .32488000E-21  
   .32821000E-21  
   .33184000E-21  
   .33564000E-21  
   .33953000E-21  
   .34341000E-21  
   .34766000E-21  
   .35070000E-21  
   .35401000E-21  
   .35732000E-21  
   .35908000E-21  
   .36213000E-21  
   .36503000E-21  
   .36771000E-21  
   .37049000E-21  
   .37284000E-21  
   .37494000E-21  
   .37726000E-21  
   .37910000E-21  
   .38132000E-21  
   .38375000E-21  
   .38587000E-21  
   .38732000E-21  
   .38877000E-21  
   .39010000E-21  
   .39145000E-21  
   .39152000E-21  
   .39319000E-21  
   .39448000E-21  
   .39523000E-21  
   .39642000E-21  
   .39705000E-21  
   .39744000E-21  
   .39784000E-21  
   .39923000E-21  
   .39987000E-21  
   .40130000E-21  
   .40257000E-21  
   .40310000E-21  
   .40266000E-21  
   .40314000E-21  
   .40394000E-21  
   .40339000E-21  
   .40445000E-21  
   .40491000E-21  
   .40571000E-21  
   .40596000E-21  
   .40636000E-21  
   .40607000E-21  
   .40666000E-21  
   .40703000E-21  
   .40690000E-21  
   .40703000E-21  
   .40675000E-21  
   .40590000E-21  
   .40528000E-21  
   .40536000E-21  
   .40552000E-21  
   .40562000E-21  
   .40650000E-21  
   .40612000E-21  
   .40531000E-21  
   .40468000E-21  
   .40333000E-21  
   .40231000E-21  
   .40159000E-21  
   .40045000E-21  
   .39940000E-21  
   .39908000E-21  
   .39852000E-21  
   .39742000E-21  
   .39774000E-21  
   .39706000E-21  
   .39644000E-21  
   .39492000E-21  
   .39394000E-21  
   .39267000E-21  
   .39239000E-21  
   .39246000E-21  
   .39177000E-21  
   .39160000E-21  
   .39152000E-21  
   .39064000E-21  
   .38986000E-21  
   .38973000E-21  
   .38924000E-21  
   .38787000E-21  
   .38747000E-21  
   .38671000E-21  
   .38618000E-21  
   .38476000E-21  
   .38432000E-21  
   .38342000E-21  
   .38231000E-21  
   .38118000E-21  
   .37954000E-21  
   .37878000E-21  
   .37739000E-21  
   .37658000E-21  
   .37574000E-21  
   .37572000E-21  
   .37448000E-21  
   .37394000E-21  
   .37326000E-21  
   .37210000E-21  
   .37141000E-21  
   .37008000E-21  
   .36909000E-21  
   .36726000E-21  
   .36645000E-21  
   .36505000E-21  
   .36409000E-21  
   .36281000E-21  
   .36205000E-21  
   .36024000E-21  
   .35926000E-21  
   .35803000E-21  
   .35702000E-21  
   .35609000E-21  
   .35580000E-21  
   .35484000E-21  
   .35512000E-21  
   .35404000E-21  
   .35309000E-21  
   .35185000E-21  
   .35105000E-21  
   .34948000E-21  
   .34854000E-21  
   .34733000E-21  
   .34624000E-21  
   .34475000E-21  
   .34338000E-21  
   .34173000E-21  
   .34044000E-21  
   .33921000E-21  
   .33840000E-21  
   .33716000E-21  
   .33652000E-21  
   .33529000E-21  
   .33424000E-21  
   .33257000E-21  
   .33141000E-21  
   .33011000E-21  
   .32875000E-21  
   .32704000E-21  
   .32607000E-21  
   .32508000E-21  
   .32431000E-21  
   .32330000E-21  
   .32257000E-21  
   .32108000E-21  
   .31976000E-21  
   .31843000E-21  
   .31748000E-21  
   .31654000E-21  
   .31552000E-21  
   .31482000E-21  
   .31352000E-21  
   .31266000E-21  
   .31135000E-21  
   .31060000E-21  
   .30895000E-21  
   .30782000E-21  
   .30691000E-21  
   .30610000E-21  
   .30510000E-21  
   .30427000E-21  
   .30360000E-21  
   .30241000E-21  
   .30165000E-21  
   .30037000E-21  
   .29965000E-21  
   .29923000E-21  
   .29863000E-21  
   .29785000E-21  
   .29702000E-21  
   .29603000E-21  
   .29425000E-21  
   .29285000E-21  
   .29161000E-21  
   .29094000E-21  
   .29010000E-21  
   .28922000E-21  
   .28877000E-21  
   .28756000E-21  
   .28641000E-21  
   .28549000E-21  
   .28473000E-21  
   .28346000E-21  
   .28255000E-21  
   .28172000E-21  
   .28086000E-21  
   .27992000E-21  
   .27911000E-21  
   .27811000E-21  
   .27719000E-21  
   .27583000E-21  
   .27497000E-21  
   .27436000E-21  
   .27412000E-21  
   .27348000E-21  
   .27285000E-21  
   .27204000E-21  
   .27098000E-21  
   .26973000E-21  
   .26902000E-21  
   .26858000E-21  
   .26745000E-21  
   .26620000E-21  
   .26501000E-21  
   .26385000E-21  
   .26280000E-21  
   .26232000E-21  
   .26162000E-21  
   .26113000E-21  
   .26027000E-21  
   .25934000E-21  
   .25818000E-21  
   .25764000E-21  
   .25718000E-21  
   .25644000E-21  
   .25565000E-21  
   .25515000E-21  
   .25403000E-21  
   .25296000E-21  
   .25196000E-21  
   .25114000E-21  
   .25033000E-21  
   .24949000E-21  
   .24853000E-21  
   .24790000E-21  
   .24697000E-21  
   .24611000E-21  
   .24563000E-21  
   .24501000E-21  
   .24431000E-21  
   .24370000E-21  
   .24270000E-21  
   .24183000E-21  
   .24101000E-21  
   .24001000E-21  
   .23904000E-21  
   .23850000E-21  
   .23740000E-21  
   .23655000E-21  
   .23591000E-21  
   .23503000E-21  
   .23408000E-21  
   .23364000E-21  
   .23278000E-21  
   .23173000E-21  
   .23116000E-21  
   .23021000E-21  
   .22908000E-21  
   .22856000E-21  
   .22780000E-21  
   .22680000E-21  
   .22627000E-21  
   .22580000E-21  
   .22468000E-21  
   .22384000E-21  
   .22309000E-21  
   .22207000E-21  
   .22109000E-21  
   .22053000E-21  
   .21994000E-21  
   .21905000E-21  
   .21846000E-21  
   .21776000E-21  
   .21702000E-21  
   .21613000E-21  
   .21563000E-21  
   .21474000E-21  
   .21390000E-21  
   .21297000E-21  
   .21230000E-21  
   .21133000E-21  
   .21071000E-21  
   .21000000E-21  
   .20928000E-21  
   .20840000E-21  
   .20765000E-21  
   .20681000E-21  
   .20604000E-21  
   .20509000E-21  
   .20437000E-21  
   .20362000E-21  
   .20283000E-21  
   .20194000E-21  
   .20142000E-21  
   .20061000E-21  
   .19985000E-21  
   .19897000E-21  
   .19818000E-21  
   .19745000E-21  
   .19661000E-21  
   .19580000E-21  
   .19517000E-21  
   .19455000E-21  
   .19357000E-21  
   .19280000E-21  
   .19209000E-21  
   .19134000E-21  
   .19056000E-21  
   .18982000E-21  
   .18934000E-21  
   .18842000E-21  
   .18748000E-21  
   .18658000E-21  
   .18587000E-21  
   .18517000E-21  
   .18467000E-21  
   .18416000E-21  
   .18339000E-21  
   .18262000E-21  
   .18183000E-21  
   .18109000E-21  
   .18028000E-21  
   .17951000E-21  
   .17887000E-21  
   .17806000E-21  
   .17730000E-21  
   .17671000E-21  
   .17626000E-21  
   .17562000E-21  
   .17495000E-21  
   .17421000E-21  
   .17348000E-21  
   .17278000E-21  
   .17191000E-21  
   .17110000E-21  
   .17035000E-21  
   .16956000E-21  
   .16873000E-21  
   .16804000E-21  
   .16748000E-21  
   .16678000E-21  
   .16609000E-21  
   .16555000E-21  
   .16498000E-21  
   .16404000E-21  
   .16343000E-21  
   .16269000E-21  
   .16180000E-21  
   .16120000E-21  
   .16071000E-21  
   .15981000E-21  
   .15906000E-21  
   .15830000E-21  
   .15732000E-21  
   .15661000E-21  
   .15598000E-21  
   .15525000E-21  
   .15468000E-21  
   .15409000E-21  
   .15331000E-21  
   .15263000E-21  
   .15220000E-21  
   .15153000E-21  
   .15104000E-21  
   .15035000E-21  
   .14972000E-21  
   .14884000E-21  
   .14806000E-21  
   .14714000E-21  
   .14657000E-21  
   .14594000E-21  
   .14534000E-21  
   .14483000E-21  
   .14429000E-21  
   .14361000E-21  
   .14288000E-21  
   .14217000E-21  
   .14145000E-21  
   .14077000E-21  
   .13992000E-21  
   .13908000E-21  
   .13841000E-21  
   .13758000E-21  
   .13669000E-21  
   .13609000E-21  
   .13538000E-21  
   .13454000E-21  
   .13387000E-21  
   .13322000E-21  
   .13241000E-21  
   .13192000E-21  
   .13134000E-21  
   .13087000E-21  
   .13035000E-21  
   .12984000E-21  
   .12913000E-21  
   .12854000E-21  
   .12767000E-21  
   .12694000E-21  
   .12619000E-21  
   .12553000E-21  
   .12487000E-21  
   .12443000E-21  
   .12386000E-21  
   .12338000E-21  
   .12283000E-21  
   .12213000E-21  
   .12147000E-21  
   .12092000E-21  
   .12034000E-21  
   .11976000E-21  
   .11935000E-21  
   .11996000E-21  
   .12036000E-21  
   .11999000E-21  
   .11953000E-21  
   .11883000E-21  
   .11697000E-21  
   .11536000E-21  
   .11437000E-21  
   .11349000E-21  
   .11292000E-21  
   .11229000E-21  
   .11148000E-21  
   .11090000E-21  
   .11041000E-21  
   .10978000E-21  
   .10926000E-21  
   .10880000E-21  
   .10835000E-21  
   .10791000E-21  
   .10737000E-21  
   .10687000E-21  
   .10643000E-21  
   .10594000E-21  
   .10536000E-21  
   .10482000E-21  
   .10422000E-21  
   .10358000E-21  
   .10304000E-21  
   .10257000E-21  
   .10213000E-21  
   .10164000E-21  
   .10100000E-21  
   .10034000E-21  
   .99743000E-22  
   .99198000E-22  
   .98688000E-22  
   .98388000E-22  
   .97938000E-22  
   .97387000E-22  
   .96765000E-22  
   .96108000E-22  
   .95502000E-22  
   .94901000E-22  
   .94248000E-22  
   .93685000E-22  
   .93152000E-22  
   .92539000E-22  
   .91854000E-22  
   .91184000E-22  
   .90505000E-22  
   .89799000E-22  
   .89224000E-22  
   .88776000E-22  
   .88368000E-22  
   .87983000E-22  
   .87702000E-22  
   .87247000E-22  
   .86844000E-22  
   .86496000E-22  
   .86243000E-22  
   .85872000E-22  
   .85415000E-22  
   .85033000E-22  
   .84590000E-22  
   .84093000E-22  
   .83617000E-22  
   .83135000E-22  
   .82638000E-22  
   .82235000E-22  
   .81757000E-22  
   .81396000E-22  
   .81164000E-22  
   .80936000E-22  
   .80504000E-22  
   .80002000E-22  
   .79399000E-22  
   .78762000E-22  
   .78222000E-22  
   .77707000E-22  
   .77404000E-22  
   .77233000E-22  
   .77047000E-22  
   .76664000E-22  
   .76283000E-22  
   .75931000E-22  
   .75430000E-22  
   .74909000E-22  
   .74527000E-22  
   .74246000E-22  
   .73713000E-22  
   .73275000E-22  
   .72984000E-22  
   .72523000E-22  
   .72108000E-22  
   .71722000E-22  
   .71428000E-22  
   .71030000E-22  
   .70617000E-22  
   .70024000E-22  
   .69577000E-22  
   .68994000E-22  
   .68555000E-22  
   .68270000E-22  
   .68081000E-22  
   .67791000E-22  
   .67462000E-22  
   .67055000E-22  
   .66654000E-22  
   .66260000E-22  
   .65958000E-22  
   .65655000E-22  
   .65339000E-22  
   .64845000E-22  
   .64426000E-22  
   .63907000E-22  
   .63550000E-22  
   .63143000E-22  
   .62890000E-22  
   .62517000E-22  
   .62160000E-22  
   .61671000E-22  
   .61322000E-22  
   .60869000E-22  
   .60464000E-22  
   .60188000E-22  
   .59890000E-22  
   .59473000E-22  
   .59146000E-22  
   .58983000E-22  
   .58645000E-22  
   .58342000E-22  
   .58096000E-22  
   .57839000E-22  
   .57579000E-22  
   .57425000E-22  
   .57214000E-22  
   .56997000E-22  
   .56896000E-22  
   .56541000E-22  
   .56152000E-22  
   .55839000E-22  
   .55487000E-22  
   .55026000E-22  
   .54786000E-22  
   .54569000E-22  
   .54381000E-22  
   .54235000E-22  
   .54075000E-22  
   .53884000E-22  
   .53641000E-22  
   .53436000E-22  
   .53248000E-22  
   .52958000E-22  
   .52629000E-22  
   .52475000E-22  
   .52251000E-22  
   .51958000E-22  
   .51802000E-22  
   .51668000E-22  
   .51404000E-22  
   .51077000E-22  
   .50828000E-22  
   .50532000E-22  
   .50143000E-22  
   .49817000E-22  
   .49567000E-22  
   .49262000E-22  
   .48925000E-22  
   .48659000E-22  
   .48342000E-22  
   .48043000E-22  
   .47758000E-22  
   .47533000E-22  
   .47300000E-22  
   .47009000E-22  
   .46755000E-22  
   .46473000E-22  
   .46208000E-22  
   .45953000E-22  
   .45751000E-22  
   .45412000E-22  
   .45129000E-22  
   .44759000E-22  
   .44435000E-22  
   .44065000E-22  
   .43866000E-22  
   .43623000E-22  
   .43434000E-22  
   .43176000E-22  
   .42978000E-22  
   .42686000E-22  
   .42425000E-22  
   .42168000E-22  
   .41919000E-22  
   .41652000E-22  
   .41352000E-22  
   .41058000E-22  
   .40775000E-22  
   .40470000E-22  
   .40181000E-22  
   .39960000E-22  
   .39732000E-22  
   .39501000E-22  
   .39298000E-22  
   .39058000E-22  
   .38771000E-22  
   .38475000E-22  
   .38229000E-22  
   .37956000E-22  
   .37719000E-22  
   .37479000E-22  
   .37291000E-22  
   .37069000E-22  
   .36868000E-22  
   .36652000E-22  
   .36430000E-22  
   .36209000E-22  
   .35941000E-22  
   .35731000E-22  
   .35536000E-22  
   .35406000E-22  
   .35180000E-22  
   .34987000E-22  
   .34771000E-22  
   .34575000E-22  
   .34302000E-22  
   .34046000E-22  
   .33805000E-22  
   .33537000E-22  
   .33182000E-22  
   .32935000E-22  
   .32728000E-22  
   .32505000E-22  
   .32317000E-22  
   .32188000E-22  
   .31989000E-22  
   .31788000E-22  
   .31603000E-22  
   .31399000E-22  
   .31228000E-22  
   .31001000E-22  
   .30765000E-22  
   .30531000E-22  
   .30302000E-22  
   .30069000E-22  
   .29876000E-22  
   .29691000E-22  
   .29507000E-22  
   .29305000E-22  
   .29031000E-22  
   .28832000E-22  
   .28586000E-22  
   .28328000E-22  
   .28101000E-22  
   .27957000E-22  
   .27755000E-22  
   .27620000E-22  
   .27488000E-22  
   .27345000E-22  
   .27131000E-22  
   .26981000E-22  
   .26778000E-22  
   .26559000E-22  
   .26427000E-22  
   .26328000E-22  
   .26206000E-22  
   .26025000E-22  
   .25863000E-22  
   .25599000E-22  
   .25377000E-22  
   .25158000E-22  
   .25047000E-22  
   .24913000E-22  
   .24758000E-22  
   .24638000E-22  
   .24505000E-22  
   .24401000E-22  
   .24240000E-22  
   .24141000E-22  
   .23988000E-22  
   .23777000E-22  
   .23535000E-22  
   .23363000E-22  
   .23167000E-22  
   .22990000E-22  
   .22881000E-22  
   .22809000E-22  
   .22689000E-22  
   .22572000E-22  
   .22431000E-22  
   .22294000E-22  
   .22091000E-22  
   .21959000E-22  
   .21824000E-22  
   .21723000E-22  
   .21655000E-22  
   .21608000E-22  
   .21500000E-22  
   .21403000E-22  
   .21275000E-22  
   .21053000E-22  
   .20833000E-22  
   .20681000E-22  
   .20580000E-22  
   .20428000E-22  
   .20344000E-22  
   .20242000E-22  
   .20176000E-22  
   .20000000E-22  
   .19889000E-22  
   .19775000E-22  
   .19711000E-22  
   .19560000E-22  
   .19425000E-22  
   .19267000E-22  
   .19145000E-22  
   .19016000E-22  
   .18895000E-22  
   .18761000E-22  
   .18674000E-22  
   .18560000E-22  
   .18421000E-22  
   .18364000E-22  
   .18318000E-22  
   .18237000E-22  
   .18091000E-22  
   .17924000E-22  
   .17749000E-22  
   .17602000E-22  
   .17466000E-22  
   .17409000E-22  
   .17359000E-22  
   .17263000E-22  
   .17173000E-22  
   .17135000E-22  
   .17004000E-22  
   .16860000E-22  
   .16768000E-22  
   .16662000E-22  
   .16532000E-22  
   .16464000E-22  
   .16448000E-22  
   .16337000E-22  
   .16300000E-22  
   .16226000E-22  
   .16127000E-22  
   .15965000E-22  
   .15862000E-22  
   .15711000E-22  
   .15505000E-22  
   .15291000E-22  
   .15190000E-22  
   .15091000E-22  
   .15006000E-22  
   .14931000E-22  
   .14938000E-22  
   .14827000E-22  
   .14712000E-22  
   .14605000E-22  
   .14585000E-22  
   .14530000E-22  
   .14456000E-22  
   .14369000E-22  
   .14245000E-22  
   .14145000E-22  
   .14041000E-22  
   .14062000E-22  
   .14036000E-22  
   .13982000E-22  
   .13871000E-22  
   .13756000E-22  
   .13590000E-22  
   .13471000E-22  
   .13375000E-22  
   .13362000E-22  
   .13381000E-22  
   .13313000E-22  
   .13248000E-22  
   .13203000E-22  
   .13092000E-22  
   .12967000E-22  
   .12845000E-22  
   .12734000E-22  
   .12626000E-22  
   .12536000E-22  
   .12463000E-22  
   .12444000E-22  
   .12408000E-22  
   .12347000E-22  
   .12258000E-22  
   .12137000E-22  
   .12092000E-22  
   .12018000E-22  
   .11998000E-22  
   .11998000E-22  
   .11955000E-22  
   .11869000E-22  
   .11854000E-22  
   .11777000E-22  
   .11688000E-22  
   .11641000E-22  
   .11550000E-22  
   .11444000E-22  
   .11390000E-22  
   .11361000E-22  
   .11273000E-22  
   .11230000E-22  
   .11205000E-22  
   .11163000E-22  
   .11048000E-22  
   .11029000E-22  
   .11040000E-22  
   .11002000E-22  
   .10948000E-22  
   .10906000E-22  
   .10835000E-22  
   .10776000E-22  
   .10736000E-22  
   .10681000E-22  
   .10604000E-22  
   .10505000E-22  
   .10385000E-22  
   .10290000E-22  
   .10299000E-22  
   .10272000E-22  
   .10224000E-22  
   .10148000E-22  
   .10141000E-22  
   .10034000E-22  
   .10000000E-22  
   .10052000E-22  
   .10034000E-22  
   .99390000E-23  
   .98710000E-23  
   .98403000E-23  
   .97768000E-23  
   .97834000E-23  
   .97242000E-23  
   .96877000E-23  
   .96568000E-23  
   .95929000E-23  
   .94816000E-23  
   .94443000E-23  
   .93458000E-23  
   .92481000E-23  
   .91463000E-23  
   .90786000E-23  
   .89333000E-23  
   .89010000E-23  
   .88522000E-23  
   .88201000E-23  
   .87759000E-23  
   .87925000E-23  
   .87423000E-23  
   .86755000E-23  
   .86279000E-23  
   .85350000E-23  
   .84960000E-23  
   .84817000E-23  
   .84558000E-23  
   .84742000E-23  
   .85103000E-23  
   .84436000E-23  
   .82930000E-23  
   .82575000E-23  
   .81319000E-23  
   .81166000E-23  
   .81313000E-23  
   .81944000E-23  
   .81172000E-23  
   .81147000E-23  
   .81133000E-23  
   .80424000E-23  
   .79766000E-23  
   .80111000E-23  
   .80132000E-23  
   .79702000E-23  
   .80009000E-23  
   .79988000E-23  
   .79071000E-23  
   .78222000E-23  
   .77743000E-23  
   .77594000E-23  
   .77398000E-23  
   .77410000E-23  
   .76844000E-23  
   .76016000E-23  
   .75770000E-23  
   .75601000E-23  
   .75839000E-23  
   .76336000E-23  
   .76096000E-23  
   .75197000E-23  
   .74343000E-23  
   .73297000E-23  
   .72303000E-23  
   .71865000E-23  
   .71247000E-23  
   .71163000E-23  
   .70618000E-23  
   .70372000E-23  
   .70008000E-23  
   .69717000E-23  
   .69602000E-23  
   .69729000E-23  
   .69612000E-23  
   .69337000E-23  
   .69437000E-23  
   .69736000E-23  
   .69515000E-23  
   .69381000E-23  
   .69177000E-23  
   .69295000E-23  
   .68614000E-23  
   .68541000E-23  
   .67833000E-23  
   .67955000E-23  
   .66538000E-23  
   .66187000E-23  
   .66861000E-23  
   .67321000E-23  
   .66909000E-23  
   .67101000E-23  
   .66427000E-23  
   .64728000E-23  
   .64167000E-23  
   .64516000E-23  
   .64385000E-23  
   .64251000E-23  
   .64587000E-23  
   .65397000E-23  
   .65285000E-23  
   .65537000E-23  
   .65206000E-23  
   .64967000E-23  
   .64534000E-23  
   .64068000E-23  
   .63801000E-23  
   .63989000E-23  
   .63879000E-23  
   .63525000E-23  
   .63360000E-23  
   .63138000E-23  
   .62510000E-23  
   .62072000E-23  
   .60775000E-23  
   .59887000E-23  
   .59783000E-23  
   .60069000E-23  
   .59299000E-23  
   .59217000E-23  
   .59482000E-23  
   .58219000E-23  
   .57206000E-23  
   .56324000E-23  
   .55785000E-23  
   .55246000E-23  
   .55067000E-23  
   .54978000E-23  
   .55199000E-23  
   .55407000E-23  
   .55087000E-23  
   .55675000E-23  
   .55731000E-23  
   .56104000E-23  
   .55078000E-23  
   .54504000E-23  
   .54151000E-23  
   .54107000E-23  
   .53440000E-23  
   .53674000E-23  
   .53370000E-23  
   .52896000E-23  
   .52019000E-23  
   .51824000E-23  
   .51626000E-23  
   .51873000E-23  
   .51746000E-23  
   .52443000E-23  
   .53099000E-23  
   .53289000E-23  
   .52497000E-23  
   .52115000E-23  
   .52084000E-23  
   .51583000E-23  
   .51205000E-23  
   .51331000E-23  
   .51431000E-23  
   .51150000E-23  
   .50909000E-23  
   .51077000E-23  
   .51117000E-23  
   .51210000E-23  
   .50779000E-23  
   .51022000E-23  
   .51127000E-23  
   .51424000E-23  
   .51481000E-23  
   .51705000E-23  
   .51833000E-23  
   .51927000E-23  
   .52215000E-23  
   .51792000E-23  
   .51674000E-23  
   .51733000E-23  
   .51481000E-23  
   .50773000E-23  
   .50418000E-23  
   .49932000E-23  
   .49239000E-23  
   .49105000E-23  
   .48802000E-23  
   .48266000E-23  
   .47383000E-23  
   .46501000E-23  
   .46509000E-23  
   .45736000E-23  
   .45902000E-23  
   .46405000E-23  
   .46536000E-23  
   .46221000E-23  
   .43749000E-23  
   .41248000E-23  
   .39685000E-23  
   .38923000E-23  
   .38434000E-23  
   .41543000E-23  
   .43313000E-23  
   .44226000E-23  
   .44488000E-23  
   .43798000E-23  
   .43576000E-23  
   .43989000E-23  
   .43630000E-23  
   .43515000E-23  
   .43529000E-23  
   .43231000E-23  
   .42597000E-23  
   .42949000E-23  
   .42849000E-23  
   .42676000E-23  
   .42085000E-23  
   .42585000E-23  
   .41999000E-23  
   .41838000E-23  
   .41372000E-23  
   .41167000E-23  
   .40885000E-23  
   .41203000E-23  
   .41224000E-23  
   .41025000E-23  
   .40970000E-23  
   .41143000E-23  
   .40774000E-23  
   .40672000E-23  
   .40379000E-23  
   .39718000E-23  
   .38784000E-23  
   .38817000E-23  
   .38909000E-23  
   .39579000E-23  
   .39820000E-23  
   .39689000E-23  
   .40118000E-23  
   .39480000E-23  
   .39106000E-23  
   .39379000E-23  
   .39799000E-23  
   .39531000E-23  
   .39647000E-23  
   .39930000E-23  
   .39795000E-23  
   .39470000E-23  
   .38414000E-23  
   .38489000E-23  
   .38312000E-23  
   .38783000E-23  
   .38680000E-23  
   .39339000E-23  
   .39697000E-23  
   .40052000E-23  
   .40347000E-23  
   .40795000E-23  
   .40731000E-23  
   .41414000E-23  
   .40962000E-23  
   .40583000E-23  
   .40447000E-23  
   .40193000E-23  
   .38877000E-23  
   .38869000E-23  
   .38028000E-23  
   .37142000E-23  
   .36857000E-23  
   .36197000E-23  
   .36539000E-23  
   .36551000E-23  
   .36366000E-23  
   .36048000E-23  
   .35866000E-23  
   .35068000E-23  
   .34971000E-23  
   .35546000E-23  
   .35223000E-23  
   .35862000E-23  
   .35856000E-23  
   .36582000E-23  
   .36233000E-23  
   .36333000E-23  
   .35554000E-23  
   .34686000E-23  
   .34008000E-23  
   .34170000E-23  
   .33727000E-23  
   .33828000E-23  
   .33922000E-23  
   .33760000E-23  
   .33064000E-23  
   .33534000E-23  
   .33058000E-23  
   .33287000E-23  
   .32672000E-23  
   .32731000E-23  
   .32323000E-23  
   .32211000E-23  
   .31856000E-23  
   .32216000E-23  
   .33418000E-23  
   .33788000E-23  
   .33259000E-23  
   .33311000E-23  
   .33482000E-23  
   .32337000E-23  
   .32174000E-23  
   .33448000E-23  
   .32747000E-23  
   .32529000E-23  
   .31442000E-23  
   .30954000E-23  
   .30052000E-23  
   .30280000E-23  
   .29408000E-23  
   .29526000E-23  
   .29985000E-23  
   .29812000E-23  
   .29593000E-23  
   .29279000E-23  
   .30001000E-23  
   .29159000E-23  
   .28927000E-23  
   .29073000E-23  
   .29191000E-23  
   .28810000E-23  
   .29706000E-23  
   .31020000E-23  
   .31538000E-23  
   .31887000E-23  
   .31600000E-23  
   .30730000E-23  
   .30594000E-23  
   .30697000E-23  
   .31349000E-23  
   .31623000E-23  
   .32389000E-23  
   .32867000E-23  
   .33367000E-23  
   .33730000E-23  
   .34741000E-23  
   .35054000E-23  
   .34336000E-23  
   .34352000E-23  
   .33898000E-23  
   .33174000E-23  
   .33134000E-23  
   .32635000E-23  
   .32366000E-23  
   .31972000E-23  
   .32310000E-23  
   .31858000E-23  
   .32193000E-23  
   .32158000E-23  
   .32294000E-23  
   .32339000E-23  
   .32110000E-23  
   .32102000E-23  
   .31267000E-23  
   .31619000E-23  
   .31388000E-23  
   .31807000E-23  
   .31092000E-23  
   .30836000E-23  
   .30613000E-23  
   .29582000E-23  
   .27814000E-23  
   .27052000E-23  
   .26758000E-23  
   .26012000E-23  
   .25996000E-23  
   .27058000E-23  
   .27048000E-23  
   .26419000E-23  
   .25973000E-23  
   .26299000E-23  
   .25743000E-23  
   .26020000E-23  
   .25322000E-23  
   .24532000E-23  
   .24555000E-23  
   .23304000E-23  
   .22642000E-23  
   .23156000E-23  
   .22999000E-23  
   .22466000E-23  
   .23295000E-23  
   .23351000E-23  
   .23054000E-23  
   .23102000E-23  
   .22884000E-23  
   .23580000E-23  
   .24027000E-23  
   .24815000E-23  
   .24732000E-23  
   .24427000E-23  
   .24715000E-23  
   .24724000E-23  
   .24995000E-23  
   .26169000E-23  
   .26043000E-23  
   .25393000E-23  
   .25335000E-23  
   .25099000E-23  
   .24239000E-23  
   .24473000E-23  
   .24107000E-23  
   .23756000E-23  
   .22446000E-23  
   .21624000E-23  
   .20792000E-23  
   .20595000E-23  
   .21256000E-23  
   .22251000E-23  
   .22852000E-23  
   .23402000E-23  
   .23296000E-23  
   .22912000E-23  
   .22286000E-23  
   .22269000E-23  
   .22185000E-23  
   .22601000E-23  
   .22340000E-23  
   .23617000E-23  
   .24581000E-23  
   .24726000E-23  
   .25026000E-23  
   .25599000E-23  
   .26086000E-23  
   .25721000E-23  
   .26122000E-23  
   .25619000E-23  
   .24858000E-23  
   .23734000E-23  
   .23209000E-23  
   .22542000E-23  
   .21613000E-23  
   .21275000E-23  
   .20634000E-23  
   .20653000E-23  
   .19624000E-23  
   .20029000E-23  
   .19419000E-23  
   .18882000E-23  
   .18269000E-23  
   .17974000E-23  
   .17114000E-23  
   .16954000E-23  
   .17354000E-23  
   .17722000E-23  
   .18652000E-23  
   .19516000E-23  
   .19556000E-23  
   .18667000E-23  
   .17653000E-23  
   .17418000E-23  
   .17129000E-23  
   .17839000E-23  
   .18665000E-23  
   .20368000E-23  
   .21903000E-23  
   .22918000E-23  
   .23886000E-23  
   .25278000E-23  
   .25806000E-23  
   .25107000E-23  
   .24611000E-23  
   .23532000E-23  
   .21619000E-23  
   .20032000E-23  
   .19798000E-23  
   .19980000E-23  
   .19449000E-23  
   .20178000E-23  
   .20630000E-23  
   .20558000E-23  
   .21013000E-23  
   .22369000E-23  
   .23600000E-23  
   .25353000E-23  
   .27731000E-23  
   .30067000E-23  
   .32775000E-23  
   .35070000E-23  
   .35106000E-23  
   .34512000E-23  
   .32643000E-23  
   .31345000E-23  
   .28503000E-23  
   .26584000E-23  
   .24612000E-23  
   .22097000E-23  
   .20172000E-23  
   .18756000E-23  
   .18297000E-23  
   .18099000E-23  
   .18611000E-23  
   .18438000E-23  
   .18179000E-23  
   .18518000E-23  
   .17784000E-23  
   .17964000E-23  
   .17302000E-23  
   .17937000E-23  
   .17359000E-23  
   .17845000E-23  
   .17066000E-23  
   .16869000E-23  
   .17795000E-23  
   .17590000E-23  
   .17491000E-23  
   .18043000E-23  
   .17742000E-23  
   .16881000E-23  
   .16680000E-23  
   .16373000E-23  
   .15477000E-23  
   .14841000E-23  
   .13889000E-23  
   .14050000E-23  
   .14064000E-23  
   .14667000E-23  
   .14696000E-23  
   .14694000E-23  
   .15600000E-23  
   .15991000E-23  
   .15364000E-23  
   .15638000E-23  
   .15949000E-23  
   .15611000E-23  
   .15744000E-23  
   .17235000E-23  
   .17845000E-23  
   .18704000E-23  
   .18159000E-23  
   .18729000E-23  
   .18716000E-23  
   .19758000E-23  
   .20105000E-23  
   .21821000E-23  
   .23234000E-23  
   .23624000E-23  
   .23432000E-23  
   .31937000E-23  
   .33815000E-23  
   .33416000E-23  
   .32703000E-23  
   .31739000E-23  
   .22043000E-23  
   .18491000E-23  
   .15797000E-23  
   .15475000E-23  
   .15115000E-23  
   .14835000E-23  
   .14674000E-23  
   .15625000E-23  
   .15892000E-23  
   .16339000E-23  
   .16668000E-23  
   .16250000E-23  
   .15915000E-23  
   .16385000E-23  
   .16410000E-23  
   .17001000E-23  
   .17921000E-23  
   .18322000E-23  
   .16985000E-23  
   .17115000E-23  
   .16447000E-23  
   .16445000E-23  
   .16073000E-23  
   .16494000E-23  
   .17297000E-23  
   .17496000E-23  
   .17039000E-23  
   .18046000E-23  
   .18429000E-23  
   .17795000E-23  
   .17062000E-23  
   .17300000E-23  
   .15809000E-23  
   .15219000E-23  
   .14999000E-23  
   .16238000E-23  
   .15950000E-23  
   .16730000E-23  
   .16738000E-23  
   .16600000E-23  
   .16581000E-23  
   .16385000E-23  
   .15327000E-23  
   .15051000E-23  
   .14874000E-23  
   .14002000E-23  
   .14713000E-23  
   .15494000E-23  
   .15568000E-23  
   .15210000E-23  
   .15170000E-23  
   .14316000E-23  
   .12857000E-23  
   .12729000E-23  
   .11859000E-23  
   .11354000E-23  
   .11413000E-23  
   .11719000E-23  
   .11869000E-23  
   .12850000E-23  
   .13154000E-23  
   .13037000E-23  
   .13284000E-23  
   .13721000E-23  
   .13695000E-23  
   .13557000E-23  
   .13510000E-23  
   .14685000E-23  
   .13840000E-23  
   .14141000E-23  
   .14247000E-23  
   .14558000E-23  