  11102 11  1 CEKYF.02   CL5135 GA   .000 U  #  81594 00.00   1         
  PROGRAM    EHEAD   VERSION 01.01 DEUTERIUM LAMP                       
  USER PLC DATE & TIME  1995  4  6 00.00 00.00     9.990    295K P      
 EC1 Ce  10     0     0 KYF4             .279800 -  .449400 .00010       
 SLIT WIDTH IS 1500 MICRONS, SAMPLE IS RECTANGULAR. C-AXIS IS CUT        
 PERP. TO LONG AXIS OF CRYSTAL. PUMP LIGHT IS ALONG A(=B & LONG          
 AXIS ) OF CRYSTAL. POLARIZER AFTER SAMPLE IS PLACED PARALLEL            
 TO THE C-AXIS (P-POL). 11 RECORDS MISSING FROM MIDDLE OF FILE.          
 INTENSITY SET TO ZERO.                                                  
 CONCENTRATION IS ATOMIC PERCENT.                                        
  FORMAT(1X,G15.8)                                                       
  EOH                                                                    
  1697.           
   .53359000E-24  
   .81210000E-24  
   .74785000E-24  
   .84716000E-24  
   .83313000E-24  
   .91359000E-24  
   .65966000E-24  
   .76723000E-24  
   .10679000E-23  
   .12858000E-23  
   .12875000E-23  
   .15690000E-23  
   .17445000E-23  
   .16011000E-23  
   .16292000E-23  
   .15934000E-23  
   .14656000E-23  
   .16246000E-23  
   .16098000E-23  
   .16275000E-23  
   .14646000E-23  
   .12884000E-23  
   .12084000E-23  
   .91696000E-24  
   .88923000E-24  
   .11076000E-23  
   .13142000E-23  
   .12569000E-23  
   .15784000E-23  
   .16046000E-23  
   .15992000E-23  
   .16188000E-23  
   .15342000E-23  
   .16780000E-23  
   .17216000E-23  
   .17506000E-23  
   .16726000E-23  
   .14497000E-23  
   .12987000E-23  
   .99072000E-24  
   .11046000E-23  
   .10798000E-23  
   .10410000E-23  
   .77440000E-24  
   .12260000E-23  
   .12628000E-23  
   .13235000E-23  
   .15304000E-23  
   .21003000E-23  
   .22821000E-23  
   .20230000E-23  
   .20587000E-23  
   .23135000E-23  
   .19394000E-23  
   .17491000E-23  
   .19141000E-23  
   .19697000E-23  
   .20351000E-23  
   .19217000E-23  
   .15596000E-23  
   .17155000E-23  
   .17039000E-23  
   .14527000E-23  
   .15177000E-23  
   .16861000E-23  
   .16984000E-23  
   .15263000E-23  
   .13874000E-23  
   .14517000E-23  
   .16859000E-23  
   .16179000E-23  
   .16886000E-23  
   .19499000E-23  
   .17015000E-23  
   .14227000E-23  
   .15923000E-23  
   .19157000E-23  
   .19393000E-23  
   .20819000E-23  
   .19751000E-23  
   .19283000E-23  
   .18641000E-23  
   .18163000E-23  
   .17624000E-23  
   .19526000E-23  
   .18368000E-23  
   .18243000E-23  
   .20141000E-23  
   .24618000E-23  
   .26349000E-23  
   .29014000E-23  
   .28908000E-23  
   .31729000E-23  
   .30543000E-23  
   .32633000E-23  
   .31071000E-23  
   .29165000E-23  
   .26493000E-23  
   .25046000E-23  
   .23621000E-23  
   .21712000E-23  
   .25156000E-23  
   .23872000E-23  
   .21944000E-23  
   .20423000E-23  
   .22065000E-23  
   .21243000E-23  
   .21770000E-23  
   .27257000E-23  
   .27474000E-23  
   .26845000E-23  
   .29000000E-23  
   .30022000E-23  
   .32139000E-23  
   .32365000E-23  
   .32296000E-23  
   .29535000E-23  
   .28287000E-23  
   .26725000E-23  
   .29336000E-23  
   .34142000E-23  
   .36699000E-23  
   .38102000E-23  
   .36977000E-23  
   .36809000E-23  
   .33090000E-23  
   .32579000E-23  
   .32085000E-23  
   .30944000E-23  
   .30792000E-23  
   .27889000E-23  
   .27341000E-23  
   .27618000E-23  
   .33379000E-23  
   .33800000E-23  
   .38427000E-23  
   .41011000E-23  
   .43711000E-23  
   .39578000E-23  
   .37523000E-23  
   .37716000E-23  
   .55468000E-23  
   .25740000E-22  
   .30014000E-22  
   .31214000E-22  
   .31429000E-22  
   .29523000E-22  
   .95907000E-23  
   .56737000E-23  
   .48025000E-23  
   .50806000E-23  
   .55538000E-23  
   .57375000E-23  
   .56561000E-23  
   .58600000E-23  
   .58618000E-23  
   .60332000E-23  
   .57237000E-23  
   .62606000E-23  
   .67343000E-23  
   .69918000E-23  
   .70554000E-23  
   .77407000E-23  
   .81487000E-23  
   .85554000E-23  
   .94197000E-23  
   .10398000E-22  
   .11089000E-22  
   .11564000E-22  
   .12243000E-22  
   .12581000E-22  
   .13258000E-22  
   .14412000E-22  
   .16097000E-22  
   .17485000E-22  
   .19112000E-22  
   .20626000E-22  
   .22108000E-22  
   .23180000E-22  
   .24231000E-22  
   .25285000E-22  
   .27104000E-22  
   .29055000E-22  
   .31123000E-22  
   .33687000E-22  
   .36196000E-22  
   .38286000E-22  
   .40615000E-22  
   .43853000E-22  
   .47149000E-22  
   .51434000E-22  
   .55078000E-22  
   .59002000E-22  
   .62558000E-22  
   .66141000E-22  
   .69179000E-22  
   .73684000E-22  
   .77646000E-22  
   .81477000E-22  
   .85605000E-22  
   .90355000E-22  
   .95385000E-22  
   .10057000E-21  
   .10629000E-21  
   .11216000E-21  
   .11861000E-21  
   .12396000E-21  
   .12977000E-21  
   .13628000E-21  
   .14318000E-21  
   .15059000E-21  
   .15867000E-21  
   .16638000E-21  
   .17409000E-21  
   .18202000E-21  
   .18918000E-21  
   .19465000E-21  
   .20183000E-21  
   .20891000E-21  
   .21570000E-21  
   .22205000E-21  
   .23163000E-21  
   .24043000E-21  
   .24830000E-21  
   .25614000E-21  
   .26358000E-21  
   .27169000E-21  
   .28102000E-21  
   .29059000E-21  
   .29998000E-21  
   .31024000E-21  
   .31768000E-21  
   .32509000E-21  
   .33339000E-21  
   .34067000E-21  
   .34947000E-21  
   .35821000E-21  
   .36698000E-21  
   .37448000E-21  
   .38415000E-21  
   .39162000E-21  
   .40013000E-21  
   .40745000E-21  
   .41526000E-21  
   .42388000E-21  
   .43370000E-21  
   .44059000E-21  
   .44979000E-21  
   .45706000E-21  
   .46325000E-21  
   .46802000E-21  
   .47515000E-21  
   .47946000E-21  
   .48682000E-21  
   .49218000E-21  
   .50008000E-21  
   .50834000E-21  
   .51544000E-21  
   .52309000E-21  
   .53036000E-21  
   .53486000E-21  
   .54010000E-21  
   .54500000E-21  
   .54858000E-21  
   .55316000E-21  
   .55793000E-21  
   .55896000E-21  
   .56124000E-21  
   .56139000E-21  
   .56388000E-21  
   .56585000E-21  
   .56951000E-21  
   .57169000E-21  
   .57306000E-21  
   .57496000E-21  
   .57623000E-21  
   .57721000E-21  
   .57848000E-21  
   .57994000E-21  
   .57909000E-21  
   .57858000E-21  
   .58017000E-21  
   .58319000E-21  
   .58685000E-21  
   .58950000E-21  
   .59256000E-21  
   .59180000E-21  
   .59182000E-21  
   .59132000E-21  
   .59175000E-21  
   .59206000E-21  
   .59366000E-21  
   .59326000E-21  
   .59475000E-21  
   .59557000E-21  
   .59674000E-21  
   .59714000E-21  
   .59707000E-21  
   .59671000E-21  
   .59545000E-21  
   .59468000E-21  
   .59687000E-21  
   .59753000E-21  
   .59799000E-21  
   .59863000E-21  
   .59778000E-21  
   .59679000E-21  
   .59764000E-21  
   .59719000E-21  
   .59633000E-21  
   .59525000E-21  
   .59420000E-21  
   .59235000E-21  
   .59274000E-21  
   .59174000E-21  
   .59142000E-21  
   .58943000E-21  
   .58845000E-21  
   .58618000E-21  
   .58548000E-21  
   .58539000E-21  
   .58458000E-21  
   .58482000E-21  
   .58371000E-21  
   .58263000E-21  
   .58169000E-21  
   .57941000E-21  
   .57403000E-21  
   .57224000E-21  
   .57204000E-21  
   .57128000E-21  
   .57155000E-21  
   .57351000E-21  
   .57477000E-21  
   .57469000E-21  
   .57328000E-21  
   .57275000E-21  
   .57142000E-21  
   .57002000E-21  
   .56894000E-21  
   .56788000E-21  
   .56527000E-21  
   .56401000E-21  
   .56132000E-21  
   .55839000E-21  
   .55742000E-21  
   .55720000E-21  
   .55698000E-21  
   .55514000E-21  
   .55416000E-21  
   .55128000E-21  
   .55125000E-21  
   .55001000E-21  
   .54943000E-21  
   .54846000E-21  
   .54944000E-21  
   .54706000E-21  
   .54556000E-21  
   .54409000E-21  
   .54355000E-21  
   .54069000E-21  
   .54008000E-21  
   .53917000E-21  
   .53899000E-21  
   .53663000E-21  
   .53585000E-21  
   .53342000E-21  
   .53196000E-21  
   .52958000E-21  
   .52790000E-21  
   .52528000E-21  
   .52298000E-21  
   .52032000E-21  
   .51910000E-21  
   .51722000E-21  
   .51594000E-21  
   .51455000E-21  
   .51343000E-21  
   .51091000E-21  
   .51062000E-21  
   .50904000E-21  
   .50850000E-21  
   .50672000E-21  
   .50536000E-21  
   .50215000E-21  
   .50029000E-21  
   .49769000E-21  
   .49538000E-21  
   .49430000E-21  
   .49356000E-21  
   .49283000E-21  
   .49326000E-21  
   .49243000E-21  
   .49100000E-21  
   .48958000E-21  
   .48736000E-21  
   .48338000E-21  
   .48170000E-21  
   .47967000E-21  
   .47753000E-21  
   .47610000E-21  
   .47487000E-21  
   .47320000E-21  
   .47172000E-21  
   .47074000E-21  
   .47048000E-21  
   .46976000E-21  
   .46900000E-21  
   .46762000E-21  
   .46685000E-21  
   .46506000E-21  
   .46508000E-21  
   .46447000E-21  
   .46518000E-21  
   .46453000E-21  
   .46353000E-21  
   .46223000E-21  
   .46063000E-21  
   .45829000E-21  
   .45607000E-21  
   .45518000E-21  
   .45349000E-21  
   .45268000E-21  
   .45238000E-21  
   .45129000E-21  
   .44961000E-21  
   .44843000E-21  
   .44679000E-21  
   .44512000E-21  
   .44367000E-21  
   .44243000E-21  
   .44107000E-21  
   .44048000E-21  
   .43915000E-21  
   .43895000E-21  
   .43833000E-21  
   .43768000E-21  
   .43631000E-21  
   .43494000E-21  
   .43354000E-21  
   .43226000E-21  
   .43178000E-21  
   .43111000E-21  
   .43005000E-21  
   .42897000E-21  
   .42782000E-21  
   .42589000E-21  
   .42436000E-21  
   .42405000E-21  
   .42270000E-21  
   .42218000E-21  
   .42080000E-21  
   .41975000E-21  
   .41846000E-21  
   .41816000E-21  
   .41708000E-21  
   .41617000E-21  
   .41596000E-21  
   .41543000E-21  
   .41446000E-21  
   .41347000E-21  
   .41329000E-21  
   .41168000E-21  
   .40993000E-21  
   .40863000E-21  
   .40763000E-21  
   .40657000E-21  
   .40541000E-21  
   .40457000E-21  
   .40374000E-21  
   .40248000E-21  
   .40155000E-21  
   .40106000E-21  
   .39938000E-21  
   .39818000E-21  
   .39773000E-21  
   .39669000E-21  
   .39560000E-21  
   .39551000E-21  
   .39463000E-21  
   .39351000E-21  
   .39283000E-21  
   .39177000E-21  
   .39050000E-21  
   .38967000E-21  
   .38819000E-21  
   .38632000E-21  
   .38521000E-21  
   .38448000E-21  
   .38311000E-21  
   .38221000E-21  
   .38251000E-21  
   .38203000E-21  
   .38139000E-21  
   .38067000E-21  
   .37995000E-21  
   .37810000E-21  
   .37633000E-21  
   .37514000E-21  
   .37489000E-21  
   .37478000E-21  
   .37422000E-21  
   .37396000E-21  
   .37319000E-21  
   .37169000E-21  
   .36974000E-21  
   .36838000E-21  
   .36678000E-21  
   .36574000E-21  
   .36468000E-21  
   .36374000E-21  
   .36294000E-21  
   .36256000E-21  
   .36132000E-21  
   .36037000E-21  
   .36008000E-21  
   .35979000E-21  
   .35964000E-21  
   .35937000E-21  
   .35881000E-21  
   .35753000E-21  
   .35660000E-21  
   .35544000E-21  
   .35396000E-21  
   .35297000E-21  
   .35245000E-21  
   .35160000E-21  
   .35022000E-21  
   .34955000E-21  
   .34870000E-21  
   .34741000E-21  
   .34597000E-21  
   .34536000E-21  
   .34457000E-21  
   .34366000E-21  
   .34261000E-21  
   .34148000E-21  
   .34019000E-21  
   .33915000E-21  
   .33796000E-21  
   .33705000E-21  
   .33580000E-21  
   .33440000E-21  
   .33327000E-21  
   .33248000E-21  
   .33173000E-21  
   .33140000E-21  
   .33116000E-21  
   .33038000E-21  
   .32936000E-21  
   .32776000E-21  
   .32679000E-21  
   .32554000E-21  
   .32451000E-21  
   .32382000E-21  
   .32322000E-21  
   .32162000E-21  
   .32048000E-21  
   .31918000E-21  
   .31812000E-21  
   .31704000E-21  
   .31642000E-21  
   .31539000E-21  
   .31466000E-21  
   .31316000E-21  
   .31210000E-21  
   .31109000E-21  
   .31052000E-21  
   .30985000E-21  
   .30877000E-21  
   .30720000E-21  
   .30541000E-21  
   .30388000E-21  
   .30240000E-21  
   .30134000E-21  
   .30033000E-21  
   .29961000E-21  
   .29832000E-21  
   .29706000E-21  
   .29602000E-21  
   .29494000E-21  
   .29376000E-21  
   .29291000E-21  
   .29201000E-21  
   .29118000E-21  
   .29108000E-21  
   .29089000E-21  
   .29002000E-21  
   .28932000E-21  
   .28860000E-21  
   .28744000E-21  
   .28591000E-21  
   .28502000E-21  
   .28378000E-21  
   .28242000E-21  
   .28115000E-21  
   .28008000E-21  
   .27895000E-21  
   .27825000E-21  
   .27764000E-21  
   .27703000E-21  
   .27648000E-21  
   .27552000E-21  
   .27427000E-21  
   .27308000E-21  
   .27184000E-21  
   .27046000E-21  
   .26975000E-21  
   .26901000E-21  
   .26821000E-21  
   .26717000E-21  
   .26625000E-21  
   .26502000E-21  
   .26376000E-21  
   .26237000E-21  
   .26159000E-21  
   .26068000E-21  
   .25983000E-21  
   .25859000E-21  
   .25768000E-21  
   .25693000E-21  
   .25596000E-21  
   .25471000E-21  
   .25391000E-21  
   .25317000E-21  
   .25165000E-21  
   .25048000E-21  
   .24915000E-21  
   .24771000E-21  
   .24643000E-21  
   .24528000E-21  
   .24454000E-21  
   .24384000E-21  
   .24322000E-21  
   .24234000E-21  
   .24155000E-21  
   .24020000E-21  
   .23918000E-21  
   .23788000E-21  
   .23642000E-21  
   .23491000E-21  
   .23379000E-21  
   .23270000E-21  
   .23172000E-21  
   .23068000E-21  
   .23014000E-21  
   .22969000E-21  
   .22852000E-21  
   .22731000E-21  
   .22603000E-21  
   .22476000E-21  
   .22344000E-21  
   .22278000E-21  
   .22214000E-21  
   .22117000E-21  
   .22006000E-21  
   .21878000E-21  
   .21762000E-21  
   .21636000E-21  
   .21552000E-21  
   .21430000E-21  
   .21363000E-21  
   .21246000E-21  
   .21161000E-21  
   .21069000E-21  
   .20990000E-21  
   .20835000E-21  
   .20716000E-21  
   .20631000E-21  
   .20537000E-21  
   .20431000E-21  
   .20313000E-21  
   .20207000E-21  
   .20086000E-21  
   .19985000E-21  
   .19910000E-21  
   .19841000E-21  
   .19775000E-21  
   .19722000E-21  
   .19646000E-21  
   .19543000E-21  
   .19447000E-21  
   .19329000E-21  
   .19192000E-21  
   .19082000E-21  
   .18997000E-21  
   .18928000E-21  
   .18839000E-21  
   .18747000E-21  
   .18637000E-21  
   .18518000E-21  
   .18427000E-21  
   .18344000E-21  
   .18260000E-21  
   .18197000E-21  
   .18115000E-21  
   .18005000E-21  
   .17915000E-21  
   .17803000E-21  
   .17720000E-21  
   .17629000E-21  
   .17579000E-21  
   .17522000E-21  
   .17442000E-21  
   .17341000E-21  
   .17255000E-21  
   .17179000E-21  
   .17066000E-21  
   .17038000E-21  
   .16981000E-21  
   .16893000E-21  
   .16803000E-21  
   .16772000E-21  
   .16709000E-21  
   .16665000E-21  
   .16640000E-21  
   .16551000E-21  
   .16439000E-21  
   .16328000E-21  
   .16238000E-21  
   .16158000E-21  
   .16089000E-21  
   .16047000E-21  
   .15966000E-21  
   .15878000E-21  
   .15773000E-21  
   .15712000E-21  
   .15625000E-21  
   .15549000E-21  
   .15545000E-21  
   .15562000E-21  
   .15546000E-21  
   .15484000E-21  
   .15452000E-21  
   .15309000E-21  
   .15221000E-21  
   .15091000E-21  
   .14986000E-21  
   .14907000E-21  
   .14803000E-21  
   .14669000E-21  
   .14592000E-21  
   .14539000E-21  
   .14464000E-21  
   .14417000E-21  
   .14377000E-21  
   .14277000E-21  
   .14215000E-21  
   .14091000E-21  
   .14010000E-21  
   .13909000E-21  
   .13893000E-21  
   .13828000E-21  
   .13757000E-21  
   .13683000E-21  
   .13606000E-21  
   .13495000E-21  
   .13413000E-21  
   .13352000E-21  
   .13273000E-21  
   .13171000E-21  
   .13091000E-21  
   .12991000E-21  
   .12900000E-21  
   .12835000E-21  
   .12821000E-21  
   .12787000E-21  
   .12734000E-21  
   .12680000E-21  
   .12624000E-21  
   .12558000E-21  
   .12461000E-21  
   .12376000E-21  
   .12310000E-21  
   .12229000E-21  
   .12151000E-21  
   .12072000E-21  
   .12017000E-21  
   .11958000E-21  
   .11892000E-21  
   .11798000E-21  
   .11745000E-21  
   .11682000E-21  
   .11617000E-21  
   .11545000E-21  
   .11477000E-21  
   .11434000E-21  
   .11378000E-21  
   .11305000E-21  
   .11255000E-21  
   .11221000E-21  
   .11152000E-21  
   .11077000E-21  
   .11039000E-21  
   .10995000E-21  
   .10941000E-21  
   .10865000E-21  
   .10841000E-21  
   .10804000E-21  
   .10750000E-21  
   .10710000E-21  
   .10698000E-21  
   .10638000E-21  
   .10584000E-21  
   .10555000E-21  
   .10476000E-21  
   .10375000E-21  
   .10320000E-21  
   .10248000E-21  
   .10143000E-21  
   .10112000E-21  
   .10105000E-21  
   .10073000E-21  
   .10047000E-21  
   .10043000E-21  
   .99939000E-22  
   .99521000E-22  
   .98998000E-22  
   .98482000E-22  
   .97966000E-22  
   .97454000E-22  
   .96671000E-22  
   .95911000E-22  
   .95458000E-22  
   .95122000E-22  
   .95140000E-22  
   .95037000E-22  
   .94762000E-22  
   .94034000E-22  
   .93440000E-22  
   .92659000E-22  
   .92297000E-22  
   .92121000E-22  
   .92013000E-22  
   .91654000E-22  
   .91099000E-22  
   .90431000E-22  
   .89891000E-22  
   .89521000E-22  
   .89007000E-22  
   .88628000E-22  
   .88382000E-22  
   .87817000E-22  
   .87583000E-22  
   .87352000E-22  
   .87057000E-22  
   .86353000E-22  
   .85983000E-22  
   .85213000E-22  
   .84447000E-22  
   .83700000E-22  
   .83279000E-22  
   .82885000E-22  
   .82484000E-22  
   .82264000E-22  
   .81887000E-22  
   .81428000E-22  
   .80860000E-22  
   .80482000E-22  
   .80047000E-22  
   .79681000E-22  
   .79591000E-22  
   .79409000E-22  
   .78911000E-22  
   .78302000E-22  
   .77851000E-22  
   .77414000E-22  
   .76874000E-22  
   .76446000E-22  
   .76111000E-22  
   .75740000E-22  
   .75312000E-22  
   .74841000E-22  
   .74355000E-22  
   .73803000E-22  
   .73194000E-22  
   .72295000E-22  
   .72073000E-22  
   .71918000E-22  
   .71786000E-22  
   .71513000E-22  
   .71410000E-22  
   .70684000E-22  
   .70051000E-22  
   .69500000E-22  
   .69205000E-22  
   .68706000E-22  
   .68443000E-22  
   .67909000E-22  
   .67407000E-22  
   .66940000E-22  
   .66587000E-22  
   .65979000E-22  
   .65628000E-22  
   .65212000E-22  
   .64831000E-22  
   .64310000E-22  
   .63999000E-22  
   .63703000E-22  
   .63228000E-22  
   .62863000E-22  
   .62454000E-22  
   .62138000E-22  
   .61830000E-22  
   .61733000E-22  
   .61306000E-22  
   .61186000E-22  
   .60852000E-22  
   .60457000E-22  
   .59962000E-22  
   .59605000E-22  
   .59302000E-22  
   .59070000E-22  
   .58520000E-22  
   .58098000E-22  
   .57746000E-22  
   .57233000E-22  
   .56740000E-22  
   .56594000E-22  
   .56245000E-22  
   .55852000E-22  
   .55449000E-22  
   .55082000E-22  
   .54552000E-22  
   .54342000E-22  
   .54181000E-22  
   .53990000E-22  
   .53673000E-22  
   .53403000E-22  
   .53048000E-22  
   .52740000E-22  
   .52345000E-22  
   .52012000E-22  
   .51734000E-22  
   .51466000E-22  
   .51103000E-22  
   .50911000E-22  
   .50779000E-22  
   .50582000E-22  
   .50347000E-22  
   .49964000E-22  
   .49460000E-22  
   .48908000E-22  
   .48530000E-22  
   .48157000E-22  
   .48006000E-22  
   .47873000E-22  
   .47677000E-22  
   .47530000E-22  
   .47414000E-22  
   .46999000E-22  
   .46702000E-22  
   .46660000E-22  
   .46540000E-22  
   .46218000E-22  
   .46124000E-22  
   .46011000E-22  
   .45646000E-22  
   .45100000E-22  
   .44900000E-22  
   .44696000E-22  
   .44280000E-22  
   .43975000E-22  
   .43803000E-22  
   .43324000E-22  
   .42956000E-22  
   .42884000E-22  
   .42842000E-22  
   .42781000E-22  
   .42658000E-22  
   .42413000E-22  
   .42068000E-22  
   .00000000      
   .00000000      
   .00000000      
   .00000000      
   .00000000      
   .00000000      
   .00000000      
   .00000000      
   .00000000      
   .00000000      
   .00000000      
   .39211000E-22  
   .38591000E-22  
   .38339000E-22  
   .38004000E-22  
   .37802000E-22  
   .37713000E-22  
   .37492000E-22  
   .37247000E-22  
   .37103000E-22  
   .36871000E-22  
   .36787000E-22  
   .36763000E-22  
   .36682000E-22  
   .36554000E-22  
   .36383000E-22  
   .36222000E-22  
   .35888000E-22  
   .35559000E-22  
   .35330000E-22  
   .35218000E-22  
   .34861000E-22  
   .34697000E-22  
   .34473000E-22  
   .34355000E-22  
   .33987000E-22  
   .33806000E-22  
   .33575000E-22  
   .33420000E-22  
   .33056000E-22  
   .32890000E-22  
   .32704000E-22  
   .32610000E-22  
   .32600000E-22  
   .32401000E-22  
   .32123000E-22  
   .31994000E-22  
   .31702000E-22  
   .31260000E-22  
   .31147000E-22  
   .31128000E-22  
   .31060000E-22  
   .31098000E-22  
   .30990000E-22  
   .30688000E-22  
   .30493000E-22  
   .30243000E-22  
   .29993000E-22  
   .29929000E-22  
   .29869000E-22  
   .29719000E-22  
   .29535000E-22  
   .29354000E-22  
   .29231000E-22  
   .29178000E-22  
   .29014000E-22  
   .28783000E-22  
   .28583000E-22  
   .28323000E-22  
   .28238000E-22  
   .28171000E-22  
   .28097000E-22  
   .27972000E-22  
   .27707000E-22  
   .27375000E-22  
   .27190000E-22  
   .27132000E-22  
   .27037000E-22  
   .27005000E-22  
   .26870000E-22  
   .26726000E-22  
   .26657000E-22  
   .26462000E-22  
   .26422000E-22  
   .26323000E-22  
   .26225000E-22  
   .25955000E-22  
   .25789000E-22  
   .25662000E-22  
   .25593000E-22  
   .25521000E-22  
   .25380000E-22  
   .25255000E-22  
   .24867000E-22  
   .24654000E-22  
   .24342000E-22  
   .24176000E-22  
   .23885000E-22  
   .23916000E-22  
   .23791000E-22  
   .23955000E-22  
   .23910000E-22  
   .23945000E-22  
   .23917000E-22  
   .23849000E-22  
   .23615000E-22  
   .23536000E-22  
   .23554000E-22  
   .23487000E-22  
   .23487000E-22  
   .23331000E-22  
   .23121000E-22  
   .22815000E-22  
   .22572000E-22  
   .22506000E-22  
   .22430000E-22  
   .22429000E-22  
   .22599000E-22  
   .22578000E-22  
   .22371000E-22  
   .22297000E-22  
   .22214000E-22  
   .21851000E-22  
   .21745000E-22  
   .21686000E-22  
   .21580000E-22  
   .21418000E-22  
   .21403000E-22  
   .21349000E-22  
   .21167000E-22  
   .21038000E-22  
   .20894000E-22  
   .20880000E-22  
   .20747000E-22  
   .20427000E-22  
   .20152000E-22  
   .20074000E-22  
   .19915000E-22  
   .19875000E-22  
   .20073000E-22  
   .20275000E-22  
   .20271000E-22  
   .20104000E-22  
   .19969000E-22  
   .19798000E-22  
   .19528000E-22  
   .19471000E-22  
   .19453000E-22  
   .19351000E-22  
   .19235000E-22  
   .19095000E-22  
   .18837000E-22  
   .18705000E-22  
   .18676000E-22  
   .18735000E-22  
   .18801000E-22  
   .18923000E-22  
   .18990000E-22  
   .18827000E-22  
   .18593000E-22  
   .18523000E-22  
   .18386000E-22  
   .18242000E-22  
   .18293000E-22  
   .18441000E-22  
   .18456000E-22  
   .18440000E-22  
   .18362000E-22  
   .18316000E-22  
   .18091000E-22  
   .17922000E-22  
   .17745000E-22  
   .17752000E-22  
   .17600000E-22  
   .17710000E-22  
   .17828000E-22  
   .17968000E-22  
   .17843000E-22  
   .17757000E-22  
   .17554000E-22  
   .17380000E-22  
   .17209000E-22  
   .17114000E-22  
   .17101000E-22  
   .17052000E-22  
   .17016000E-22  
   .17039000E-22  
   .17015000E-22  
   .16969000E-22  
   .16921000E-22  
   .16868000E-22  
   .16673000E-22  
   .16656000E-22  
   .16677000E-22  
   .16640000E-22  
   .16425000E-22  
   .16421000E-22  
   .16395000E-22  
   .16241000E-22  
   .16145000E-22  
   .16240000E-22  
   .16269000E-22  
   .16381000E-22  
   .16357000E-22  
   .16340000E-22  
   .16251000E-22  
   .16142000E-22  
   .15982000E-22  
   .15933000E-22  
   .15817000E-22  
   .15848000E-22  
   .15714000E-22  
   .15641000E-22  
   .15613000E-22  
   .15671000E-22  
   .15476000E-22  
   .15526000E-22  
   .15482000E-22  
   .15491000E-22  
   .15279000E-22  
   .15283000E-22  
   .15061000E-22  
   .14989000E-22  
   .14908000E-22  
   .14926000E-22  
   .14813000E-22  
   .14808000E-22  
   .14601000E-22  
   .14440000E-22  
   .14426000E-22  
   .14401000E-22  
   .14424000E-22  
   .14555000E-22  
   .14653000E-22  
   .14740000E-22  
   .14811000E-22  
   .14890000E-22  
   .14916000E-22  
   .14855000E-22  
   .14639000E-22  
   .14494000E-22  
   .14309000E-22  
   .14114000E-22  
   .14022000E-22  
   .14039000E-22  
   .13951000E-22  
   .13768000E-22  
   .13710000E-22  
   .13555000E-22  
   .13439000E-22  
   .13423000E-22  
   .13502000E-22  
   .13352000E-22  
   .13219000E-22  
   .13103000E-22  
   .12987000E-22  
   .12941000E-22  
   .12872000E-22  
   .13042000E-22  
   .13061000E-22  
   .13081000E-22  
   .13133000E-22  
   .13321000E-22  
   .13352000E-22  
   .13431000E-22  
   .13369000E-22  
   .13352000E-22  
   .13308000E-22  
   .13176000E-22  
   .13020000E-22  
   .13070000E-22  
   .12944000E-22  
   .13124000E-22  
   .13221000E-22  
   .13403000E-22  
   .13443000E-22  
   .13451000E-22  
   .13337000E-22  
   .13370000E-22  
   .13413000E-22  
   .13378000E-22  
   .13466000E-22  
   .13410000E-22  
   .13322000E-22  
   .13187000E-22  
   .13030000E-22  
   .12804000E-22  
   .12498000E-22  
   .12385000E-22  
   .12230000E-22  
   .12270000E-22  
   .12124000E-22  
   .12220000E-22  
   .12172000E-22  
   .12232000E-22  
   .12252000E-22  
   .12455000E-22  
   .12298000E-22  
   .12158000E-22  
   .11974000E-22  
   .11772000E-22  
   .11714000E-22  
   .11878000E-22  
   .11909000E-22  
   .12028000E-22  
   .12023000E-22  
   .11985000E-22  
   .11818000E-22  
   .11880000E-22  
   .11867000E-22  
   .11854000E-22  
   .11744000E-22  
   .11723000E-22  
   .11470000E-22  
   .11482000E-22  
   .11382000E-22  
   .11411000E-22  
   .11414000E-22  
   .11564000E-22  
   .11424000E-22  
   .11579000E-22  
   .11593000E-22  
   .11681000E-22  
   .11675000E-22  
   .11635000E-22  
   .11672000E-22  
   .11762000E-22  
   .11675000E-22  
   .11575000E-22  
   .11538000E-22  
   .11451000E-22  
   .11391000E-22  
   .11346000E-22  
   .11339000E-22  
   .11357000E-22  
   .11276000E-22  
   .11155000E-22  
   .11060000E-22  
   .10980000E-22  
   .10938000E-22  
   .10937000E-22  
   .11018000E-22  
   .11102000E-22  
   .11120000E-22  
   .11107000E-22  
   .10990000E-22  
   .10722000E-22  
   .10591000E-22  
   .10603000E-22  
   .10701000E-22  
   .10666000E-22  
   .10761000E-22  
   .10972000E-22  
   .11096000E-22  
   .11147000E-22  
   .11360000E-22  
   .11432000E-22  
   .11426000E-22  
   .11317000E-22  
   .11295000E-22  
   .11211000E-22  
   .11078000E-22  
   .10844000E-22  
   .10759000E-22  
   .10587000E-22  
   .10519000E-22  
   .10503000E-22  
   .10459000E-22  
   .10482000E-22  
   .10473000E-22  
   .10488000E-22  
   .10470000E-22  
   .10513000E-22  
   .10562000E-22  
   .10496000E-22  
   .10403000E-22  
   .10332000E-22  
   .10397000E-22  
   .10185000E-22  
   .10268000E-22  
   .10291000E-22  
   .10359000E-22  
   .10259000E-22  
   .10248000E-22  
   .10208000E-22  
   .10189000E-22  
   .10313000E-22  
   .10262000E-22  
   .10232000E-22  
   .10141000E-22  
   .10026000E-22  
   .98942000E-23  
   .10037000E-22  
   .10150000E-22  
   .10123000E-22  
   .10164000E-22  
   .10068000E-22  
   .99060000E-23  
   .96515000E-23  
   .94670000E-23  
   .95529000E-23  
   .95048000E-23  
   .95452000E-23  
   .96817000E-23  
   .98386000E-23  
   .14720000E-22  
   .23964000E-22  
   .25684000E-22  
   .26098000E-22  
   .26244000E-22  
   .21358000E-22  
   .12228000E-22  
   .10457000E-22  
   .99776000E-23  
   .98077000E-23  
   .96186000E-23  
   .96762000E-23  
   .96469000E-23  
   .96821000E-23  
   .97487000E-23  
   .98578000E-23  
   .97934000E-23  
   .98623000E-23  
   .99137000E-23  
   .98606000E-23  
   .97493000E-23  
   .82824000E-23  
   .63913000E-23  
   .46205000E-23  
   .29645000E-23  
   .21648000E-23  
   .33224000E-23  
   .52340000E-23  
   .70796000E-23  
   .86576000E-23  
   .94805000E-23  
   .96720000E-23  
   .95918000E-23  
   .94233000E-23  
   .95369000E-23  
   .96360000E-23  
   .98573000E-23  
   .99742000E-23  
   .10077000E-22  
   .10089000E-22  
   .10107000E-22  
   .10095000E-22  
   .10134000E-22  
   .10124000E-22  
   .10158000E-22  
   .10200000E-22  
   .10027000E-22  
   .10173000E-22  
   .14654000E-22  
   .23482000E-22  
   .34856000E-22  
   .46930000E-22  
   .58101000E-22  
   .61890000E-22  
   .57760000E-22  
   .48426000E-22  
   .36971000E-22  
   .25695000E-22  
   .17487000E-22  
   .12823000E-22  
   .10788000E-22  
   .10238000E-22  
   .10087000E-22  
   .10052000E-22  
   .99623000E-23  
   .98006000E-23  
   .97879000E-23  
   .95876000E-23  
   .94057000E-23  
   .93989000E-23  
   .94261000E-23  
   .92529000E-23  
   .92422000E-23  
   .91516000E-23  
   .88429000E-23  
   .86398000E-23  
   .85928000E-23  
   .87219000E-23  
   .87690000E-23  
   .88405000E-23  
   .88822000E-23  
   .87266000E-23  
   .86052000E-23  
   .86437000E-23  
   .85914000E-23  
   .86286000E-23  
   .87615000E-23  
   .87385000E-23  
   .86539000E-23  
   .86548000E-23  
   .86603000E-23  
   .88209000E-23  
   .89159000E-23  
   .89764000E-23  
   .90520000E-23  
   .90321000E-23  
   .90312000E-23  
   .90994000E-23  
   .93084000E-23  
   .93761000E-23  
   .95486000E-23  
   .96184000E-23  
   .96383000E-23  
   .96070000E-23  
   .95994000E-23  
   .94469000E-23  
   .92900000E-23  
   .90440000E-23  
   .87799000E-23  
   .86876000E-23  
   .84879000E-23  
   .84059000E-23  
   .84447000E-23  
   .84532000E-23  
   .85234000E-23  
   .86666000E-23  
   .85758000E-23  
   .87210000E-23  
   .87783000E-23  
   .87153000E-23  
   .87425000E-23  
   .88778000E-23  
   .88298000E-23  
   .89233000E-23  
   .88112000E-23  
   .85237000E-23  
   .84397000E-23  
   .84398000E-23  
   .83791000E-23  
   .84481000E-23  
   .87812000E-23  
   .89118000E-23  
   .89814000E-23  
   .91043000E-23  
   .90537000E-23  
   .88140000E-23  
   .86055000E-23  
   .83328000E-23  
   .80593000E-23  
   .80612000E-23  
   .81258000E-23  
   .81579000E-23  
   .81826000E-23  
   .81736000E-23  
   .83327000E-23  
   .83725000E-23  
   .82470000E-23  
   .82346000E-23  
   .81670000E-23  
   .79961000E-23  
   .78006000E-23  
   .77765000E-23  
   .77574000E-23  
   .78735000E-23  
   .77379000E-23  
   .78753000E-23  
   .80630000E-23  
   .82449000E-23  
   .84163000E-23  
   .88882000E-23  
   .92766000E-23  
   .95165000E-23  
   .96908000E-23  
   .97714000E-23  
   .96659000E-23  
   .94204000E-23  
   .92300000E-23  
   .89893000E-23  
   .86952000E-23  
   .84751000E-23  
   .83185000E-23  
   .84020000E-23  
   .84240000E-23  
   .86004000E-23  
   .87609000E-23  
   .89211000E-23  
   .91625000E-23  
   .95959000E-23  
   .99314000E-23  
   .10256000E-22  
   .10817000E-22  
   .11052000E-22  
   .11212000E-22  
   .11525000E-22  
   .11550000E-22  
   .11270000E-22  
   .11048000E-22  
   .10867000E-22  
   .10277000E-22  
   .99020000E-23  
   .95991000E-23  
   .91519000E-23  
   .86724000E-23  
   .85303000E-23  
   .84206000E-23  
   .83345000E-23  
   .83323000E-23  
   .82799000E-23  
   .80472000E-23  
   .79947000E-23  
   .78926000E-23  
   .78668000E-23  
   .78467000E-23  
   .80515000E-23  
   .81055000E-23  
   .82190000E-23  
   .81736000E-23  
   .81467000E-23  
   .82115000E-23  
   .82215000E-23  
   .80650000E-23  
   .79937000E-23  
   .79243000E-23  
   .76521000E-23  
   .74926000E-23  
   .76339000E-23  
   .77719000E-23  
   .77059000E-23  
   .76958000E-23  
   .78261000E-23  
   .78615000E-23  
   .78486000E-23  
   .79473000E-23  
   .79434000E-23  
   .78742000E-23  
   .77053000E-23  
   .76928000E-23  
   .76651000E-23  
   .77356000E-23  
   .76099000E-23  
   .76445000E-23  
   .76308000E-23  
   .76652000E-23  
   .77764000E-23  
   .80328000E-23  
   .82153000E-23  
   .83107000E-23  
   .86237000E-23  
   .87809000E-23  
   .88788000E-23  
   .89205000E-23  
   .90162000E-23  
   .89508000E-23  
   .89132000E-23  
   .89254000E-23  
   .87886000E-23  
   .87735000E-23  
   .87964000E-23  
   .87096000E-23  
   .86545000E-23  
   .85828000E-23  
   .85263000E-23  
   .83055000E-23  
   .82066000E-23  
   .81069000E-23  
   .82289000E-23  
   .81560000E-23  
   .97890000E-23  
   .10437000E-22  
   .10397000E-22  
   .10439000E-22  
   .10583000E-22  
   .89575000E-23  
   .83938000E-23  
   .82665000E-23  
   .82001000E-23  
   .81450000E-23  
   .81787000E-23  
   .80836000E-23  
   .82304000E-23  
   .81676000E-23  
   .81305000E-23  
   .82126000E-23  
   .82014000E-23  
   .81773000E-23  
   .82235000E-23  
   .81747000E-23  
   .81248000E-23  
   .82049000E-23  
   .81687000E-23  
   .81365000E-23  
   .80921000E-23  
   .81295000E-23  
   .83702000E-23  
   .83332000E-23  
   .82540000E-23  
   .83393000E-23  
   .83681000E-23  
   .80061000E-23  
   .79356000E-23  
   .80757000E-23  
   .79725000E-23  
   .78764000E-23  
   .80470000E-23  
   .81723000E-23  
   .81522000E-23  
   .81459000E-23  
   .80752000E-23  
   .79633000E-23  
   .80008000E-23  
   .79081000E-23  
   .79623000E-23  
   .80233000E-23  
   .79324000E-23  
   .79493000E-23  
   .78371000E-23  
   .76514000E-23  
   .76875000E-23  
   .78052000E-23  
   .77341000E-23  
   .78890000E-23  
   .80402000E-23  
   .79392000E-23  
   .79221000E-23  
   .78283000E-23  
   .77019000E-23  
   .77036000E-23  
   .78333000E-23  
   .77815000E-23  
   .78146000E-23  