# Optical emission spectrum of Ce:LiSrALF6 (Ce:LiSrAlF6)
# assuming unity concentration per meter.  This data was part of the NASA 
# Laser Spectra Database found on the web until December of 2005 which
# was created by Pat Cross working at NASA Langley Research Center, Internal
# Operations Group, Aerospace Electronics Systems Division, Remote Sensing.
#
# The spectra was collected by GA on 15 August 1994 and was 
# annotated on  6 April 1995.  The sample name was "" was a 9.990
# long piece of :.  
# The incident light was unpolarized.
#
# Spectra were recorded from 260nm to 399.6nm
# every 0.1nm at room temperature.  The
# excitation wavelength was unknown.
#
# SLIT WIDTH IS 1500 MICRONS, SAMPLE IS CYLINDRICAL SHAPE. C-AXIS IS CUT PERP. TO LONG AXIS OF CYLINDER. PUMP LIGHT IS ALONG A(=B & LONG AXIS ) OF CRYSTAL. POLARIZER AFTER CRYSTAL IS PLACED PARALLEL TO THE C-AXIS (P-POL). CONCENTRATION IS ATOMIC PERCENT. TEN (10) INTENSITY VALUES MISSING FROM MIDDLE OF FILE. POINTS SET TO ZERO. FORMAT(1X,G15.8).
#
##Wavelength (nm)	Absorbance (/meter) 
260	0
260.1	0
260.2	0
260.3	0
260.4	0
260.5	0
260.6	0
260.7	0
260.8	0
260.9	0
261	0
261.1	0
261.2	0
261.3	0
261.4	0
261.5	0
261.6	0
261.7	0
261.8	0
261.9	0
262	0
262.1	0
262.2	0
262.3	0
262.4	0
262.5	0
262.6	0
262.7	0
262.8	0
262.9	0
263	0
263.1	0
263.2	0
263.3	0
263.4	0
263.5	0
263.6	0
263.7	0
263.8	0
263.9	0
264	0
264.1	0
264.2	0
264.3	0
264.4	0
264.5	0
264.6	0
264.7	0
264.8	0
264.9	0
265	0
265.1	0
265.2	0
265.3	0
265.4	0.000116994047619048
265.5	0
265.6	0
265.7	0
265.8	0
265.9	0
266	0
266.1	0
266.2	0
266.3	0
266.4	0
266.5	0
266.6	0
266.7	0
266.8	0
266.9	0
267	0
267.1	0
267.2	0
267.3	0
267.4	0
267.5	0
267.6	0
267.7	0
267.8	0
267.9	0
268	0
268.1	0
268.2	0
268.3	0
268.4	0
268.5	0
268.6	0
268.7	0
268.8	0
268.9	0
269	0
269.1	0
269.2	0
269.3	0
269.4	0
269.5	0
269.6	0
269.7	0
269.8	0
269.9	0
270	0
270.1	0
270.2	0
270.3	0
270.4	0
270.5	0
270.6	0
270.7	0
270.8	0
270.9	0.000573164682539682
271	0.00220446428571429
271.1	0.00390406746031746
271.2	0.00449990079365079
271.3	0.00442460317460317
271.4	0.00326210317460317
271.5	0.00130882936507937
271.6	0
271.7	0
271.8	0.000300327380952381
271.9	0.00148105158730159
272	0.00259940476190476
272.1	0.00399394841269841
272.2	0.00431795634920635
272.3	0.00484642857142857
272.4	0.00521547619047619
272.5	0.00584742063492064
272.6	0.00620436507936508
272.7	0.00673402777777778
272.8	0.00708759920634921
272.9	0.00729474206349206
273	0.00776051587301587
273.1	0.00752529761904762
273.2	0.00731160714285714
273.3	0.00694970238095238
273.4	0.00624414682539683
273.5	0.00557410714285714
273.6	0.00479563492063492
273.7	0.00450039682539682
273.8	0.00461845238095238
273.9	0.00525952380952381
274	0.00611031746031746
274.1	0.00702599206349206
274.2	0.00763938492063492
274.3	0.00854603174603175
274.4	0.00962013888888889
274.5	0.00986190476190476
274.6	0.0112589285714286
274.7	0.0121696428571429
274.8	0.0128869047619048
274.9	0.0134503968253968
275	0.0150873015873016
275.1	0.0163134920634921
275.2	0.0180089285714286
275.3	0.0196071428571429
275.4	0.0211289682539683
275.5	0.0220992063492063
275.6	0.022906746031746
275.7	0.0238115079365079
275.8	0.0253472222222222
275.9	0.0275089285714286
276	0.0298938492063492
276.1	0.0308928571428571
276.2	0.0311875
276.3	0.0307301587301587
276.4	0.0299751984126984
276.5	0.0302152777777778
276.6	0.0327986111111111
276.7	0.036796626984127
276.8	0.0405902777777778
276.9	0.0438115079365079
277	0.0464107142857143
277.1	0.0483660714285714
277.2	0.0490744047619048
277.3	0.0512083333333333
277.4	0.0533164682539683
277.5	0.0549950396825397
277.6	0.0561865079365079
277.7	0.0569236111111111
277.8	0.0570347222222222
277.9	0.0581011904761905
278	0.0596835317460317
278.1	0.0624523809523809
278.2	0.0662916666666667
278.3	0.0696666666666667
278.4	0.0729553571428571
278.5	0.0749295634920635
278.6	0.0765496031746032
278.7	0.0792559523809524
278.8	0.0811855158730159
278.9	0.0822787698412698
279	0.0843224206349206
279.1	0.0866200396825397
279.2	0.088718253968254
279.3	0.091953373015873
279.4	0.0966676587301587
279.5	0.103482142857143
279.6	0.109513888888889
279.7	0.113303571428571
279.8	0.115287698412698
279.9	0.116458333333333
280	0.117867063492064
280.1	0.11889880952381
280.2	0.121934523809524
280.3	0.128095238095238
280.4	0.134027777777778
280.5	0.137222222222222
280.6	0.143204365079365
280.7	0.148730158730159
280.8	0.151686507936508
280.9	0.15484126984127
281	0.157837301587302
281.1	0.157152777777778
281.2	0
281.3	0
281.4	0
281.5	0
281.6	0.160238095238095
281.7	0.176547619047619
281.8	0.190109126984127
281.9	0.199355158730159
282	0.209255952380952
282.1	0.218263888888889
282.2	0.225634920634921
282.3	0.232301587301587
282.4	0.23655753968254
282.5	0.241736111111111
282.6	0.246646825396825
282.7	0.253869047619048
282.8	0.262242063492064
282.9	0.273015873015873
283	0.279603174603175
283.1	0.288154761904762
283.2	0.295178571428571
283.3	0.304603174603175
283.4	0.31030753968254
283.5	0.317698412698413
283.6	0.32844246031746
283.7	0.339176587301587
283.8	0.348015873015873
283.9	0.355694444444444
284	0.360912698412698
284.1	0.338660714285714
284.2	0
284.3	0
284.4	0
284.5	0
284.6	0
284.7	0
284.8	0.408759920634921
284.9	0.439950396825397
285	0.458630952380952
285.1	0.471746031746032
285.2	0.486388888888889
285.3	0.500585317460317
285.4	0.510119047619048
285.5	0.523234126984127
285.6	0.537490079365079
285.7	0.546021825396825
285.8	0.550843253968254
285.9	0.557688492063492
286	0.563343253968254
286.1	0.574484126984127
286.2	0.584543650793651
286.3	0.595089285714286
286.4	0.612529761904762
286.5	0.628759920634921
286.6	0.636319444444445
286.7	0.644861111111111
286.8	0.65734126984127
286.9	0.664355158730159
287	0.668978174603175
287.1	0.676200396825397
287.2	0.688779761904762
287.3	0.697311507936508
287.4	0.710059523809524
287.5	0.723501984126984
287.6	0.736676587301587
287.7	0.746418650793651
287.8	0.760704365079365
287.9	0.771934523809524
288	0.785079365079365
288.1	0.798095238095238
288.2	0.81484126984127
288.3	0.831676587301587
288.4	0.841180555555555
288.5	0.84594246031746
288.6	0.851696428571429
288.7	0.854771825396826
288.8	0.859781746031746
288.9	0.868333333333333
289	0.877936507936508
289.1	0.88625
289.2	0.901914682539683
289.3	0.909384920634921
289.4	0.914265873015873
289.5	0.922827380952381
289.6	0.929375
289.7	0.930863095238095
289.8	0.933164682539683
289.9	0.938581349206349
290	0.93875
290.1	0.947331349206349
290.2	0.955059523809524
290.3	0.961537698412698
290.4	0.96140873015873
290.5	0.967351190476191
290.6	0.970853174603175
290.7	0.96827380952381
290.8	0.96702380952381
290.9	0.970952380952381
291	0.977311507936508
291.1	0.979761904761905
291.2	0.986507936507937
291.3	0.991825396825397
291.4	0.99375
291.5	0.990436507936508
291.6	0.989742063492064
291.7	0.983869047619048
291.8	0.990406746031746
291.9	0.994444444444444
292	0.996329365079365
292.1	0.988660714285714
292.2	0.988611111111111
292.3	0.982628968253968
292.4	0.986369047619048
292.5	0.991299603174603
292.6	0.998412698412699
292.7	1
292.8	0.993948412698413
292.9	0.981329365079365
293	0.971577380952381
293.1	0.966507936507937
293.2	0.959027777777778
293.3	0.955704365079365
293.4	0.955357142857143
293.5	0.954980158730159
293.6	0.95030753968254
293.7	0.942748015873016
293.8	0.933392857142857
293.9	0.92655753968254
294	0.919771825396826
294.1	0.913918650793651
294.2	0.911617063492064
294.3	0.909543650793651
294.4	0.903184523809524
294.5	0.896865079365079
294.6	0.89297619047619
294.7	0.890376984126984
294.8	0.887886904761905
294.9	0.882738095238095
295	0.875347222222222
295.1	0.873928571428571
295.2	0.869751984126984
295.3	0.861349206349206
295.4	0.857480158730159
295.5	0.851190476190476
295.6	0.841299603174603
295.7	0.833988095238095
295.8	0.832827380952381
295.9	0.831478174603175
296	0.828134920634921
296.1	0.822331349206349
296.2	0.81828373015873
296.3	0.811121031746032
296.4	0.805188492063492
296.5	0.801577380952381
296.6	0.800555555555556
296.7	0.797222222222222
296.8	0.792420634920635
296.9	0.785922619047619
297	0.77796626984127
297.1	0.769424603174603
297.2	0.763680555555556
297.3	0.756974206349206
297.4	0.746964285714286
297.5	0.738650793650794
297.6	0.729603174603175
297.7	0.719236111111111
297.8	0.714176587301587
297.9	0.711894841269841
298	0.71218253968254
298.1	0.711299603174603
298.2	0.709325396825397
298.3	0.703680555555556
298.4	0.694345238095238
298.5	0.684295634920635
298.6	0.677222222222222
298.7	0.669801587301587
298.8	0.662093253968254
298.9	0.655873015873016
299	0.649652777777778
299.1	0.641388888888889
299.2	0.635446428571429
299.3	0.628978174603175
299.4	0.625456349206349
299.5	0.620089285714286
299.6	0.612460317460317
299.7	0.60468253968254
299.8	0.596914682539683
299.9	0.590535714285714
300	0.584970238095238
300.1	0.581309523809524
300.2	0.575763888888889
300.3	0.572460317460317
300.4	0.566924603174603
300.5	0.564821428571429
300.6	0.560704365079365
300.7	0.556041666666667
300.8	0.551765873015873
300.9	0.549275793650794
301	0.542301587301587
301.1	0.537668650793651
301.2	0.536994047619048
301.3	0.53530753968254
301.4	0.528918650793651
301.5	0.527936507936508
301.6	0.5275
301.7	0.524136904761905
301.8	0.519642857142857
301.9	0.517430555555556
302	0.511180555555556
302.1	0.508105158730159
302.2	0.505962301587302
302.3	0.501319444444445
302.4	0.498869047619048
302.5	0.498105158730159
302.6	0.494910714285714
302.7	0.492767857142857
302.8	0.49280753968254
302.9	0.491855158730159
303	0.491349206349206
303.1	0.491696428571429
303.2	0.487420634920635
303.3	0.484751984126984
303.4	0.48296626984127
303.5	0.483343253968254
303.6	0.483214285714286
303.7	0.487162698412698
303.8	0.49093253968254
303.9	0.491438492063492
304	0.49015873015873
304.1	0.485486111111111
304.2	0.481904761904762
304.3	0.478531746031746
304.4	0.47718253968254
304.5	0.476865079365079
304.6	0.477222222222222
304.7	0.47546626984127
304.8	0.475922619047619
304.9	0.476656746031746
305	0.47110119047619
305.1	0.469107142857143
305.2	0.469900793650794
305.3	0.47031746031746
305.4	0.470585317460317
305.5	0.474444444444445
305.6	0.477440476190476
305.7	0.478968253968254
305.8	0.478759920634921
305.9	0.480069444444444
306	0.482460317460318
306.1	0.483511904761905
306.2	0.48155753968254
306.3	0.47905753968254
306.4	0.476121031746032
306.5	0.47343253968254
306.6	0.47031746031746
306.7	0.470396825396825
306.8	0.469355158730159
306.9	0.467450396825397
307	0.464702380952381
307.1	0.460327380952381
307.2	0.455079365079365
307.3	0.452380952380952
307.4	0.451210317460317
307.5	0.44952380952381
307.6	0.449017857142857
307.7	0.449196428571429
307.8	0.448511904761905
307.9	0.446438492063492
308	0.444444444444444
308.1	0.442460317460317
308.2	0.439037698412698
308.3	0.435892857142857
308.4	0.433005952380952
308.5	0.43172619047619
308.6	0.430952380952381
308.7	0.429394841269841
308.8	0.427519841269841
308.9	0.424761904761905
309	0.421755952380952
309.1	0.418551587301587
309.2	0.416438492063492
309.3	0.413859126984127
309.4	0.411438492063492
309.5	0.409087301587302
309.6	0.407857142857143
309.7	0.406696428571429
309.8	0.404305555555556
309.9	0.403422619047619
310	0.40140873015873
310.1	0.397450396825397
310.2	0.393055555555556
310.3	0.389474206349206
310.4	0.387251984126984
310.5	0.387321428571429
310.6	0.387519841269841
310.7	0.388303571428571
310.8	0.389384920634921
310.9	0.388710317460317
311	0.385486111111111
311.1	0.383660714285714
311.2	0.381021825396825
311.3	0.377251984126984
311.4	0.371359126984127
311.5	0.366934523809524
311.6	0.362996031746032
311.7	0.360515873015873
311.8	0.359474206349206
311.9	0.358779761904762
312	0.358343253968254
312.1	0.356924603174603
312.2	0.35359126984127
312.3	0.350902777777778
312.4	0.349117063492064
312.5	0.34671626984127
312.6	0.343988095238095
312.7	0.342638888888889
312.8	0.339632936507937
312.9	0.338025793650794
313	0.33577380952381
313.1	0.333125
313.2	0.330704365079365
313.3	0.329980158730159
313.4	0.328055555555556
313.5	0.32593253968254
313.6	0.32530753968254
313.7	0.323829365079365
313.8	0.321319444444444
313.9	0.318759920634921
314	0.317390873015873
314.1	0.314970238095238
314.2	0.313005952380952
314.3	0.310595238095238
314.4	0.307996031746032
314.5	0.30547619047619
314.6	0.303144841269841
314.7	0.300486111111111
314.8	0.298690476190476
314.9	0.298660714285714
315	0.297003968253968
315.1	0.295277777777778
315.2	0.293253968253968
315.3	0.291130952380952
315.4	0.286736111111111
315.5	0.28343253968254
315.6	0.280704365079365
315.7	0.279236111111111
315.8	0.277599206349206
315.9	0.275972222222222
316	0.273144841269841
316.1	0.270505952380952
316.2	0.266914682539683
316.3	0.26422619047619
316.4	0.261696428571429
316.5	0.260744047619048
316.6	0.259652777777778
316.7	0.258144841269841
316.8	0.255416666666667
316.9	0.25328373015873
317	0.25030753968254
317.1	0.24703373015873
317.2	0.244236111111111
317.3	0.241994047619048
317.4	0.238938492063492
317.5	0.236468253968254
317.6	0.23389880952381
317.7	0.231577380952381
317.8	0.229513888888889
317.9	0.228055555555556
318	0.226329365079365
318.1	0.224712301587302
318.2	0.222678571428571
318.3	0.220625
318.4	0.218472222222222
318.5	0.216359126984127
318.6	0.21406746031746
318.7	0.212767857142857
318.8	0.210902777777778
318.9	0.209206349206349
319	0.207251984126984
319.1	0.205436507936508
319.2	0.202589285714286
319.3	0.199513888888889
319.4	0.196785714285714
319.5	0.194811507936508
319.6	0.193363095238095
319.7	0.191944444444444
319.8	0.190962301587302
319.9	0.189414682539683
320	0.18765873015873
320.1	0.184811507936508
320.2	0.18265873015873
320.3	0.181190476190476
320.4	0.17952380952381
320.5	0.17734126984127
320.6	0.175238095238095
320.7	0.173115079365079
320.8	0.170744047619048
320.9	0.168700396825397
321	0.16671626984127
321.1	0.165396825396825
321.2	0.164047619047619
321.3	0.162549603174603
321.4	0.160873015873016
321.5	0.158958333333333
321.6	0.157271825396825
321.7	0.155396825396825
321.8	0.15390873015873
321.9	0.152847222222222
322	0.151795634920635
322.1	0.150724206349206
322.2	0.149821428571429
322.3	0.148740079365079
322.4	0.147361111111111
322.5	0.146597222222222
322.6	0.145714285714286
322.7	0.144017857142857
322.8	0.141696428571429
322.9	0.139940476190476
323	0.138045634920635
323.1	0.135664682539683
323.2	0.134126984126984
323.3	0.133174603174603
323.4	0.131378968253968
323.5	0.129642857142857
323.6	0.128630952380952
323.7	0.127797619047619
323.8	0.126537698412698
323.9	0.125535714285714
324	0.124196428571429
324.1	0.122986111111111
324.2	0.121597222222222
324.3	0.120168650793651
324.4	0.118640873015873
324.5	0.117539682539683
324.6	0.116121031746032
324.7	0.11484126984127
324.8	0.114335317460317
324.9	0.113809523809524
325	0.112996031746032
325.1	0.112271825396825
325.2	0.110882936507937
325.3	0.109087301587302
325.4	0.107589285714286
325.5	0.105922619047619
325.6	0.103938492063492
325.7	0.102886904761905
325.8	0.101934523809524
325.9	0.101111111111111
326	0.100456349206349
326.1	0.100099206349206
326.2	0.0995138888888889
326.3	0.0987698412698413
326.4	0.0982172619047619
326.5	0.0979424603174603
326.6	0.0976378968253968
326.7	0.097
326.8	0.0961200396825397
326.9	0.094905753968254
327	0.0934751984126984
327.1	0.0922668650793651
327.2	0.0911468253968254
327.3	0.0902589285714286
327.4	0.0894186507936508
327.5	0.0888164682539682
327.6	0.0885248015873016
327.7	0.0884325396825397
327.8	0.0882311507936508
327.9	0.0879672619047619
328	0.0875654761904762
328.1	0.0865912698412698
328.2	0.0854295634920635
328.3	0.0843948412698413
328.4	0.0834166666666667
328.5	0.0825863095238095
328.6	0.0814246031746032
328.7	0.0801974206349206
328.8	0.0791855158730159
328.9	0.0783005952380952
329	0.0773710317460317
329.1	0.076734126984127
329.2	0.0760386904761905
329.3	0.0754275793650794
329.4	0.0747400793650794
329.5	0.073860119047619
329.6	0.0731865079365079
329.7	0.0729880952380952
329.8	0.0722430555555555
329.9	0.0713571428571429
330	0.0707480158730159
330.1	0.0700654761904762
330.2	0.0687688492063492
330.3	0.0677896825396825
330.4	0.0672142857142857
330.5	0.0668700396825397
330.6	0.0666081349206349
330.7	0.066343253968254
330.8	0.0659484126984127
330.9	0.0654474206349206
331	0.0647609126984127
331.1	0.0637609126984127
331.2	0.0628214285714286
331.3	0.061984126984127
331.4	0.0615327380952381
331.5	0.0609315476190476
331.6	0.0601220238095238
331.7	0.0596537698412698
331.8	0.0595029761904762
331.9	0.0591458333333333
332	0.0588085317460317
332.1	0.0590724206349206
332.2	0.059218253968254
332.3	0.0587847222222222
332.4	0.0578581349206349
332.5	0.0572380952380952
332.6	0.0568005952380952
332.7	0.0562837301587302
332.8	0.0558630952380952
332.9	0.0555704365079365
333	0.0549632936507936
333.1	0.0541934523809524
333.2	0.0535902777777778
333.3	0.0531765873015873
333.4	0.0528085317460317
333.5	0.0526339285714286
333.6	0.0524970238095238
333.7	0.0519880952380952
333.8	0.0512063492063492
333.9	0.0509265873015873
334	0.0506795634920635
334.1	0.0501121031746032
334.2	0.0496041666666667
334.3	0.0492599206349206
334.4	0.0484365079365079
334.5	0.0474335317460317
334.6	0.0467688492063492
334.7	0.0463363095238095
334.8	0.0461329365079365
334.9	0.046172619047619
335	0.0462728174603175
335.1	0.0461259920634921
335.2	0.0460952380952381
335.3	0.045593253968254
335.4	0.0447519841269841
335.5	0.0439712301587302
335.6	0.0436289682539683
335.7	0.0431954365079365
335.8	0.0429771825396825
335.9	0.0431795634920635
336	0.0433005952380952
336.1	0.0429097222222222
336.2	0.0427251984126984
336.3	0.0426468253968254
336.4	0.0422271825396825
336.5	0.0416200396825397
336.6	0.0410436507936508
336.7	0.040485119047619
336.8	0.0400644841269841
336.9	0.0396289682539682
337	0.0394970238095238
337.1	0.039594246031746
337.2	0.0394206349206349
337.3	0.0389206349206349
337.4	0.0385416666666667
337.5	0.0380634920634921
337.6	0.037610119047619
337.7	0.0373799603174603
337.8	0.0374375
337.9	0.0367668650793651
338	0.0328898809523809
338.1	0.0285902777777778
338.2	0.0261319444444444
338.3	0.0250585317460317
338.4	0.0253075396825397
338.5	0.0291855158730159
338.6	0.0333998015873016
338.7	0.0353571428571429
338.8	0.0358918650793651
338.9	0.0359107142857143
339	0.0355704365079365
339.1	0.0351388888888889
339.2	0.0349077380952381
339.3	0.0346041666666667
339.4	0.0341527777777778
339.5	0.0335952380952381
339.6	0.0330674603174603
339.7	0.0326200396825397
339.8	0.0322073412698413
339.9	0.031905753968254
340	0.0317936507936508
340.1	0.0319265873015873
340.2	0.0317440476190476
340.3	0.0313501984126984
340.4	0.0311190476190476
340.5	0.0309831349206349
340.6	0.0306150793650794
340.7	0.0306577380952381
340.8	0.0307857142857143
340.9	0.030985119047619
341	0.0310188492063492
341.1	0.0311984126984127
341.2	0.0310406746031746
341.3	0.0309186507936508
341.4	0.0304940476190476
341.5	0.0298095238095238
341.6	0.0290674603174603
341.7	0.0287271825396825
341.8	0.0285922619047619
341.9	0.0283869047619048
342	0.0280823412698413
342.1	0.0277470238095238
342.2	0.0271904761904762
342.3	0.0261577380952381
342.4	0.0255089285714286
342.5	0.0253244047619048
342.6	0.0252599206349206
342.7	0.0253144841269841
342.8	0.0255982142857143
342.9	0.0255248015873016
343	0.0253482142857143
343.1	0.0251210317460317
343.2	0.0249613095238095
343.3	0.0250496031746032
343.4	0.0252073412698413
343.5	0.0251269841269841
343.6	0.0248164682539683
343.7	0.0244761904761905
343.8	0.024203373015873
343.9	0.0241011904761905
344	0.0242559523809524
344.1	0.0244722222222222
344.2	0.0243402777777778
344.3	0.0238988095238095
344.4	0.0232301587301587
344.5	0.0226676587301587
344.6	0.0222073412698413
344.7	0.0219821428571429
344.8	0.0219117063492063
344.9	0.0218670634920635
345	0.0219156746031746
345.1	0.0220327380952381
345.2	0.0220674603174603
345.3	0.0221130952380952
345.4	0.0220793650793651
345.5	0.0220079365079365
345.6	0.0218382936507936
345.7	0.0217132936507936
345.8	0.0214652777777778
345.9	0.0214097222222222
346	0.0211428571428571
346.1	0.0206180555555556
346.2	0.0201994047619048
346.3	0.0202738095238095
346.4	0.021327380952381
346.5	0.022531746031746
346.6	0.0233769841269841
346.7	0.0236517857142857
346.8	0.0236299603174603
346.9	0.0224474206349206
347	0.0210555555555556
347.1	0.0202946428571429
347.2	0.0200515873015873
347.3	0.0198452380952381
347.4	0.0197480158730159
347.5	0.0196904761904762
347.6	0.0196914682539683
347.7	0.0196170634920635
347.8	0.0194632936507937
347.9	0.0192678571428571
348	0.0188839285714286
348.1	0.0184861111111111
348.2	0.0181746031746032
348.3	0.0179007936507936
348.4	0.0178343253968254
348.5	0.017984126984127
348.6	0.0178888888888889
348.7	0.017781746031746
348.8	0.0175674603174603
348.9	0.0172172619047619
349	0.0168194444444444
349.1	0.0165049603174603
349.2	0.0160734126984127
349.3	0.0156527777777778
349.4	0.0152132936507936
349.5	0.0148412698412698
349.6	0.0146378968253968
349.7	0.0146706349206349
349.8	0.0147896825396825
349.9	0.0151894841269841
350	0.0155625
350.1	0.0156924603174603
350.2	0.0155109126984127
350.3	0.015280753968254
350.4	0.0148571428571429
350.5	0.0143343253968254
350.6	0.0140089285714286
350.7	0.0139345238095238
350.8	0.0138204365079365
350.9	0.0138303571428571
351	0.0140724206349206
351.1	0.0141884920634921
351.2	0.0144365079365079
351.3	0.0146468253968254
351.4	0.0145992063492063
351.5	0.0143571428571429
351.6	0.0141140873015873
351.7	0.0138095238095238
351.8	0.0136011904761905
351.9	0.0134484126984127
352	0.0133918650793651
352.1	0.0135416666666667
352.2	0.0135029761904762
352.3	0.0131954365079365
352.4	0.0130436507936508
352.5	0.0129454365079365
352.6	0.0108621031746032
352.7	0.00761964285714286
352.8	0.00567053571428571
352.9	0.00472718253968254
353	0.00421765873015873
353.1	0.00583690476190476
353.2	0.00868968253968254
353.3	0.0105
353.4	0.0111478174603175
353.5	0.0114702380952381
353.6	0.0116646825396825
353.7	0.0116914682539683
353.8	0.0117718253968254
353.9	0.0118779761904762
354	0.0115912698412698
354.1	0.0112559523809524
354.2	0.0110734126984127
354.3	0.0106180555555556
354.4	0.0102043650793651
354.5	0.00995833333333333
354.6	0.00966805555555556
354.7	0.00961626984126984
354.8	0.00982748015873016
354.9	0.0100367063492063
355	0.0101944444444444
355.1	0.0103303571428571
355.2	0.0102063492063492
355.3	0.00986597222222222
355.4	0.00958511904761905
355.5	0.00961875
355.6	0.00953472222222222
355.7	0.00942847222222222
355.8	0.00924146825396826
355.9	0.00900089285714286
356	0.00864176587301587
356.1	0.00846210317460317
356.2	0.0084968253968254
356.3	0.00884871031746032
356.4	0.00899573412698413
356.5	0.00904742063492063
356.6	0.00902003968253968
356.7	0.00870138888888889
356.8	0.00721984126984127
356.9	0.00487886904761905
357	0.00321646825396825
357.1	0.00226071428571429
357.2	0.00195436507936508
357.3	0.00307103174603175
357.4	0.00533184523809524
357.5	0.00691884920634921
357.6	0.00762232142857143
357.7	0.00779146825396825
357.8	0.00767896825396825
357.9	0.00737777777777778
358	0.00704315476190476
358.1	0.00685873015873016
358.2	0.00658710317460318
358.3	0.00623125
358.4	0.00588333333333333
358.5	0.00537896825396825
358.6	0.00492946428571429
358.7	0.00477321428571429
358.8	0.00462549603174603
358.9	0.00463194444444444
359	0.00465565476190476
359.1	0.00459176587301587
359.2	0.00435406746031746
359.3	0.00419652777777778
359.4	0.00400972222222222
359.5	0.00390079365079365
359.6	0.00368769841269841
359.7	0.00332847222222222
359.8	0.00299404761904762
359.9	0.00247728174603175
360	0.00194761904761905
360.1	0.00154355158730159
360.2	0.0012797619047619
360.3	0.000928273809523809
360.4	0.000763234126984127
360.5	0.000526349206349206
360.6	0.00025531746031746
360.7	4.12579365079365e-05
360.8	0
360.9	0
361	0
361.1	0
361.2	0
361.3	0
361.4	0
361.5	0
361.6	0
361.7	0
361.8	0
361.9	0
362	0
362.1	0
362.2	0
362.3	0
362.4	0
362.5	0
362.6	0
362.7	0
362.8	0
362.9	0
363	0
363.1	0
363.2	0
363.3	0
363.4	0
363.5	0
363.6	0
363.7	0
363.8	0
363.9	0
364	0
364.1	0
364.2	0
364.3	0
364.4	0
364.5	0
364.6	0
364.7	2.31359126984127e-05
364.8	0
364.9	0
365	0
365.1	0
365.2	0
365.3	0
365.4	0
365.5	0
365.6	0
365.7	0
365.8	0
365.9	0
366	5.58144841269841e-05
366.1	6.65843253968254e-06
366.2	4.29652777777778e-05
366.3	0.000177569444444444
366.4	6.06607142857143e-05
366.5	0
366.6	2.37926587301587e-05
366.7	0.000280625
366.8	0.000471170634920635
366.9	0.000671894841269841
367	0.000725694444444444
367.1	0.000838154761904762
367.2	0.000973482142857143
367.3	0.000924920634920635
367.4	0.000818978174603175
367.5	0.000759077380952381
367.6	0.000710555555555555
367.7	0.000595813492063492
367.8	0.00060280753968254
367.9	0.00105674603174603
368	0.00201607142857143
368.1	0.00249414682539683
368.2	0.00268839285714286
368.3	0.00277460317460317
368.4	0.00260952380952381
368.5	0.00217906746031746
368.6	0.00197103174603175
368.7	0.00191914682539683
368.8	0.00189831349206349
368.9	0.0017594246031746
369	0.00131736111111111
369.1	0.00107777777777778
369.2	0.00110555555555556
369.3	0.00139315476190476
369.4	0.00151984126984127
369.5	0.0016703373015873
369.6	0.00181279761904762
369.7	0.00164097222222222
369.8	0.00138125
369.9	0.00137748015873016
370	0.0014827380952381
370.1	0.00143998015873016
370.2	0.00142728174603175
370.3	0.00162738095238095
370.4	0.00194890873015873
370.5	0.00212738095238095
370.6	0.00228621031746032
370.7	0.0025031746031746
370.8	0.00241121031746032
370.9	0.00209107142857143
371	0.00200982142857143
371.1	0.00200337301587302
371.2	0.00214097222222222
371.3	0.00226875
371.4	0.00237361111111111
371.5	0.00240982142857143
371.6	0.00248740079365079
371.7	0.00247509920634921
371.8	0.00267142857142857
371.9	0.00283025793650794
372	0.00283859126984127
372.1	0.00286964285714286
372.2	0.00295327380952381
372.3	0.00302886904761905
372.4	0.00340744047619048
372.5	0.00383878968253968
372.6	0.00393849206349206
372.7	0.00378938492063492
372.8	0.00340208333333333
372.9	0.00338224206349206
373	0.00341994047619048
373.1	0.00360386904761905
373.2	0.00400873015873016
373.3	0.00445704365079365
373.4	0.00421349206349206
373.5	0.00392926587301587
373.6	0.00371577380952381
373.7	0.00349632936507937
373.8	0.00330406746031746
373.9	0.00329285714285714
374	0.00347827380952381
374.1	0.00369206349206349
374.2	0.00386210317460317
374.3	0.00419861111111111
374.4	0.00465952380952381
374.5	0.00515982142857143
374.6	0.00579265873015873
374.7	0.00664365079365079
374.8	0.00724325396825397
374.9	0.00757013888888889
375	0.00743878968253968
375.1	0.0071421626984127
375.2	0.00667162698412698
375.3	0.00644662698412698
375.4	0.00616398809523809
375.5	0.00600009920634921
375.6	0.00601220238095238
375.7	0.0058780753968254
375.8	0.00575486111111111
375.9	0.00584712301587302
376	0.00607073412698413
376.1	0.00633194444444444
376.2	0.00654236111111111
376.3	0.00649285714285714
376.4	0.00646289682539683
376.5	0.00658740079365079
376.6	0.00665416666666667
376.7	0.00713501984126984
376.8	0.0076639880952381
376.9	0.00799930555555555
377	0.00811051587301587
377.1	0.00795634920634921
377.2	0.00749920634920635
377.3	0.00709771825396825
377.4	0.00695347222222222
377.5	0.0069360119047619
377.6	0.00713293650793651
377.7	0.00748541666666667
377.8	0.00792896825396825
377.9	0.00809484126984127
378	0.00809305555555556
378.1	0.00814732142857143
378.2	0.00833859126984127
378.3	0.00845793650793651
378.4	0.00869861111111111
378.5	0.00906011904761905
378.6	0.00931041666666667
378.7	0.00925753968253968
378.8	0.00914761904761905
378.9	0.00938154761904762
379	0.00960952380952381
379.1	0.00961746031746032
379.2	0.00986309523809524
379.3	0.0101448412698413
379.4	0.0100486111111111
379.5	0.00999603174603175
379.6	0.00963720238095238
379.7	0.00663581349206349
379.8	0.00372996031746032
379.9	0.00228184523809524
380	0.00165287698412698
380.1	0.00196765873015873
380.2	0.00468015873015873
380.3	0.00742450396825397
380.4	0.00890555555555556
380.5	0.00947827380952381
380.6	0.00970138888888889
380.7	0.010110119047619
380.8	0.0104315476190476
380.9	0.0107678571428571
381	0.0112718253968254
381.1	0.0113968253968254
381.2	0.0111785714285714
381.3	0.0111111111111111
381.4	0.0108650793650794
381.5	0.0103412698412698
381.6	0.0100208333333333
381.7	0.0100615079365079
381.8	0.0101021825396825
381.9	0.010343253968254
382	0.0108948412698413
382.1	0.011405753968254
382.2	0.0121051587301587
382.3	0.0126954365079365
382.4	0.0128452380952381
382.5	0.0128234126984127
382.6	0.0128363095238095
382.7	0.0124771825396825
382.8	0.0120654761904762
382.9	0.0119722222222222
383	0.0120902777777778
383.1	0.0123462301587302
383.2	0.0126240079365079
383.3	0.0128015873015873
383.4	0.0127281746031746
383.5	0.0125833333333333
383.6	0.0125863095238095
383.7	0.0126498015873016
383.8	0.0126894841269841
383.9	0.0129186507936508
384	0.0131984126984127
384.1	0.0132876984126984
384.2	0.0134156746031746
384.3	0.0136686507936508
384.4	0.0138660714285714
384.5	0.0137172619047619
384.6	0.0135039682539683
384.7	0.0131507936507936
384.8	0.0127013888888889
384.9	0.0124990079365079
385	0.0125912698412698
385.1	0.0125009920634921
385.2	0.0123888888888889
385.3	0.0126617063492063
385.4	0.0130793650793651
385.5	0.0134117063492063
385.6	0.0137073412698413
385.7	0.0139652777777778
385.8	0.0140019841269841
385.9	0.0137926587301587
386	0.0135009920634921
386.1	0.0135525793650794
386.2	0.0138333333333333
386.3	0.014031746031746
386.4	0.0143392857142857
386.5	0.0145238095238095
386.6	0.0146676587301587
386.7	0.0147767857142857
386.8	0.0149355158730159
386.9	0.0148551587301587
387	0.0150714285714286
387.1	0.0159543650793651
387.2	0.0166240079365079
387.3	0.0172688492063492
387.4	0.0178640873015873
387.5	0.0182579365079365
387.6	0.0180992063492063
387.7	0.0180208333333333
387.8	0.0178779761904762
387.9	0.0178333333333333
388	0.0181081349206349
388.1	0.018172619047619
388.2	0.0179404761904762
388.3	0.0178075396825397
388.4	0.017578373015873
388.5	0.0171488095238095
388.6	0.0169543650793651
388.7	0.0169950396825397
388.8	0.0168234126984127
388.9	0.0166875
389	0.0166011904761905
389.1	0.0163839285714286
389.2	0.0161438492063492
389.3	0.0160337301587302
389.4	0.015859126984127
389.5	0.0154960317460317
389.6	0.0149325396825397
389.7	0.0145446428571429
389.8	0.0143323412698413
389.9	0.014281746031746
390	0.0143611111111111
390.1	0.0146646825396825
390.2	0.0149890873015873
390.3	0.0152638888888889
390.4	0.0154206349206349
390.5	0.0155873015873016
390.6	0.0158125
390.7	0.0159265873015873
390.8	0.0161378968253968
390.9	0.0163769841269841
391	0.0164801587301587
391.1	0.0163650793650794
391.2	0.0160644841269841
391.3	0.0157529761904762
391.4	0.0156954365079365
391.5	0.0157777777777778
391.6	0.0159345238095238
391.7	0.0163045634920635
391.8	0.016577380952381
391.9	0.0165972222222222
392	0.0167242063492063
392.1	0.0172331349206349
392.2	0.0180347222222222
392.3	0.0188263888888889
392.4	0.0195079365079365
392.5	0.0200099206349206
392.6	0.0202460317460317
392.7	0.020139880952381
392.8	0.0199355158730159
392.9	0.0199960317460317
393	0.0200982142857143
393.1	0.0200525793650794
393.2	0.0200863095238095
393.3	0.0202490079365079
393.4	0.0203710317460317
393.5	0.0203740079365079
393.6	0.0204821428571429
393.7	0.0206428571428571
393.8	0.0207638888888889
393.9	0.0209632936507937
394	0.0211498015873016
394.1	0.0212440476190476
394.2	0.0213154761904762
394.3	0.0209543650793651
394.4	0.0205029761904762
394.5	0.0202232142857143
394.6	0.0199900793650794
394.7	0.0195257936507937
394.8	0.0194980158730159
394.9	0.0195555555555556
395	0.0195337301587302
395.1	0.0195704365079365
395.2	0.0200694444444444
395.3	0.0202162698412698
395.4	0.0200079365079365
395.5	0.0195912698412698
395.6	0.0188293650793651
395.7	0.0182539682539683
395.8	0.0185615079365079
395.9	0.0189980158730159
396	0.0193978174603175
396.1	0.0199454365079365
396.2	0.0202063492063492
396.3	0.0199513888888889
396.4	0.0196884920634921
396.5	0.0197668650793651
396.6	0.019969246031746
396.7	0.0198621031746032
396.8	0.0199126984126984
396.9	0.0203095238095238
397	0.020593253968254
397.1	0.0209126984126984
397.2	0.0214325396825397
397.3	0.0216041666666667
397.4	0.0212837301587302
397.5	0.021047619047619
397.6	0.0211061507936508
397.7	0.0212946428571429
397.8	0.0214325396825397
397.9	0.0218878968253968
398	0.0227053571428571
398.1	0.0233501984126984
398.2	0.0237063492063492
398.3	0.0242956349206349
398.4	0.0245039682539683
398.5	0.0244196428571429
398.6	0.024375
398.7	0.0243988095238095
398.8	0.0241359126984127
398.9	0.0242539682539682
399	0.0242261904761905
399.1	0.0241170634920635
399.2	0.0237063492063492
399.3	0.0233422619047619
399.4	0.0229107142857143
399.5	0.021360119047619
399.6	0.0213263888888889
