# Optical emission spectrum of Ce:LiYF4 (Ce:LiYF4)
# assuming unity concentration per meter.  This data was part of the NASA 
# Laser Spectra Database found on the web until December of 2005 which
# was created by Pat Cross working at NASA Langley Research Center, Internal
# Operations Group, Aerospace Electronics Systems Division, Remote Sensing.
#
# The spectra was collected by GA on 15 August 1994 and was 
# annotated on  6 April 1995.  The sample name was "" was a 9.990
# long piece of :.  
# The incident light was unpolarized.
#
# Spectra were recorded from 279.8nm to 399.4nm
# every 0.1nm at room temperature.  The
# excitation wavelength was unknown.
#
# SLIT WIDTH IS 1500 MICRONS, SAMPLE IS CYLINDRICAL SHAPE. C-AXIS IS CUT PERP. TO LONG AXIS OF CYLINDER. PUMP LIGHT IS ALONG A(=B & LONG AXIS ) OF CRYSTAL. SAMPLE IS PLACED SO THAT C-AXIS IS IN THE SAME DIRECTION AS EMISSION IS OBSERVED. (S-POLARIZATION) CONCENTRATION IS ATOMIC PERCENT. FORMAT(1X,G15.8).
#
##Wavelength (nm)	Absorbance (/meter) 
279.8	0.00103098031185092
279.9	0.00104405698739139
280	0.000944943392914607
280.1	0.000833308954743586
280.2	0.000997030687768774
280.3	0.00116809525202586
280.4	0.00112656876225024
280.5	0.00100554369130855
280.6	0.00127640932627329
280.7	0.00126053886434778
280.8	0.00120820290787818
280.9	0.000785799959043969
281	0.00102147266184946
281.1	0.000915045490448468
281.2	0.000909121493139865
281.3	0.000663677851563643
281.4	0.000755565632039318
281.5	0.000934031536143697
281.6	0.00120602346195477
281.7	0.00224570693034549
281.8	0.00256838194424129
281.9	0.0026846678173361
282	0.00255229207500804
282.1	0.00221323464880204
282.2	0.00147032150484159
282.3	0.00127260626627271
282.4	0.00120644764941638
282.5	0.000903358394523594
282.6	0.00133895503612907
282.7	0.00104478834508381
282.8	0.00119404382295293
282.9	0.00118456542725916
283	0.0011668373167949
283.1	0.00104051721616008
283.2	0.00122676476611181
283.3	0.00111913816809525
283.4	0.000968946552379838
283.5	0.000819325395664512
283.6	0.000551151157007869
283.7	0.000253839627885206
283.8	0.000453090717608168
283.9	0.000598791797092122
284	0.00076919813942603
284.1	0.000815288301202352
284.2	0.00129798437819969
284.3	0.00122495099903461
284.4	0.00124048503642161
284.5	0.00131841851212591
284.6	0.00131561009858702
284.7	0.00142957025421993
284.8	0.00147778135330427
284.9	0.00149489512330691
285	0.00136028142644004
285.1	0.00136490360705614
285.2	0.00122691103765029
285.3	0.00105365240031595
285.4	0.00127863265365825
285.5	0.00123884679519059
285.6	0.00113594476786707
285.7	0.000844469473129918
285.8	0.00133544451920545
285.9	0.00126219173273264
286	0.0014074393704473
286.1	0.00127788666881198
286.2	0.00128477605827458
286.3	0.00133080771143551
286.4	0.0014166252230641
286.5	0.00137790714682737
286.6	0.00160606149255478
286.7	0.00141286604452506
286.8	0.00109538367024544
286.9	0.000932568820758857
287	0.00140950179913992
287.1	0.00148831290407512
287.2	0.00189684931106105
287.3	0.00170932919872451
287.4	0.00222508264341924
287.5	0.00178582921335167
287.6	0.0017350729894977
287.7	0.00160518386332387
287.8	0.00180703858643185
287.9	0.00209885030570752
288	0.00227115817804172
288.1	0.00239256355498347
288.2	0.00232571746189626
288.3	0.00225097270573092
288.4	0.00178685311412105
288.5	0.00181259690489425
288.6	0.00187373840798058
288.7	0.00181844776643361
288.8	0.00187329959336512
288.9	0.00146315419945587
289	0.00200128718953866
289.1	0.00211406254570986
289.2	0.00214492584032999
289.3	0.00194263230260656
289.4	0.00201635315800252
289.5	0.00201635315800252
289.6	0.00188441623028991
289.7	0.00203609981569786
289.8	0.0020375625310827
289.9	0.00212722698417342
290	0.00188690284644414
290.1	0.00178173361027411
290.2	0.0019761284849194
290.3	0.00197261796799579
290.4	0.00177646783488869
290.5	0.00125487815580844
290.6	0.00172015329257233
290.7	0.00136022291782465
290.8	0.00132880379135828
290.9	0.00119220080156803
291	0.00108318462393587
291.1	0.00119145481672176
291.2	0.0011723078723342
291.3	0.00146188163707106
291.4	0.00164906532486909
291.5	0.00197920018722757
291.6	0.00177705292104262
291.7	0.00192171547260334
291.8	0.00221806160957201
291.9	0.00229207500804493
292	0.00244843928268438
292.1	0.00230655589035485
292.2	0.00289749290583038
292.3	0.00259105403270632
292.4	0.00252069742269549
292.5	0.00215414094725448
292.6	0.00205833308954744
292.7	0.00209504724570693
292.8	0.00205365240031595
292.9	0.00191805868414124
293	0.00174472691103765
293.1	0.00163385308486675
293.2	0.00122125032911096
293.3	0.00132434250943451
293.4	0.00172439516718837
293.5	0.00207076617031858
293.6	0.00224161132726794
293.7	0.0020622824210865
293.8	0.00212386273878829
293.9	0.00204590000877629
294	0.00204619255185326
294.1	0.00171591141795629
294.2	0.00185969634028611
294.3	0.00229646315419946
294.4	0.00222332738495744
294.5	0.00226954919111839
294.6	0.00246321270807126
294.7	0.00248354445192055
294.8	0.00220738378726267
294.9	0.0022850539741977
295	0.00240090103267706
295.1	0.00238934558113682
295.2	0.00235541058420852
295.3	0.00217520404879619
295.4	0.00250021940730773
295.5	0.00230260655881579
295.6	0.0024904192142293
295.7	0.00233186086651259
295.8	0.00238071556036626
295.9	0.00253196033115876
296	0.00281221659889419
296.1	0.00261811426732586
296.2	0.00280095369043092
296.3	0.00287847760582746
296.4	0.00283854547582131
296.5	0.00274083608811397
296.6	0.00309057133662932
296.7	0.00294298335429892
296.8	0.00297136003276482
296.9	0.00268262001579733
297	0.00317950443202762
297.1	0.00315727115817804
297.2	0.00352499780592692
297.3	0.00351870812977211
297.4	0.0036581049059474
297.5	0.00371412690518679
297.6	0.00386186115905567
297.7	0.00394465084983764
297.8	0.00397931720445836
297.9	0.00410306292601586
298	0.00436635169528713
298.1	0.00470935845303221
298.2	0.00487142731767253
298.3	0.00478834508381359
298.4	0.00497908316999678
298.5	0.00474929058303835
298.6	0.00515182985694644
298.7	0.0052447122838838
298.8	0.00582526402012696
298.9	0.0060467191293918
299	0.00626919813942603
299.1	0.00644121346868326
299.2	0.00692200801568031
299.3	0.00729821841266126
299.4	0.00776789632273352
299.5	0.00813986484509844
299.6	0.00839115934821402
299.7	0.00863353128748208
299.8	0.00893631337214405
299.9	0.00916742240294883
300	0.00959936225609221
300.1	0.00989717110844572
300.2	0.0109754848901501
300.3	0.0118068923148934
300.4	0.0127212357019571
300.5	0.013300178451277
300.6	0.013978000760612
300.7	0.0145984846268613
300.8	0.0151712839715648
300.9	0.0156773834947196
301	0.0165462364333148
301.1	0.017277594125735
301.2	0.0178670684258257
301.3	0.0188046689875084
301.4	0.0197715238568879
301.5	0.0210748032647807
301.6	0.022098704034169
301.7	0.0234444021882222
301.8	0.0251733317731036
301.9	0.0265775385425504
302	0.0281953017581839
302.1	0.0302869847585057
302.2	0.0321592604511014
302.3	0.0344410964514525
302.4	0.0370783722903197
302.5	0.0393909253137524
302.6	0.042282713629582
302.7	0.0457230202147266
302.8	0.0490638621537021
302.9	0.0530790158850891
303	0.0580815025012433
303.1	0.0636617616944095
303.2	0.0691498698183308
303.3	0.0753810373577509
303.4	0.0825366410203903
303.5	0.0899058011292163
303.6	0.0978000760612
303.7	0.10737647368575
303.8	0.117682766287336
303.9	0.129233829681421
304	0.141546967791007
304.1	0.154243337331422
304.2	0.168095252025861
304.3	0.18340988210514
304.4	0.199119445338326
304.5	0.216394114033291
304.6	0.235116870959249
304.7	0.254059035192932
304.8	0.273688675657491
304.9	0.293932656583682
305	0.315244419740807
305.1	0.338150542667408
305.2	0.361539361671006
305.3	0.385674165520873
305.4	0.411227803294035
305.5	0.435962320451686
305.6	0.461384313840213
305.7	0.486937951613375
305.8	0.512520843694234
305.9	0.537796565544276
306	0.563686627855952
306.1	0.588845332475207
306.2	0.6131995436328
306.3	0.636456718251763
306.4	0.660211216101571
306.5	0.683483017874382
306.6	0.704209694877571
306.7	0.726837901881052
306.8	0.747549951730392
306.9	0.767413626656525
307	0.785785331890121
307.1	0.802899101892754
307.2	0.818711055202879
307.3	0.83474241582073
307.4	0.850612877746248
307.5	0.865313167363894
307.6	0.87910657344294
307.7	0.891554281367931
307.8	0.902349120908054
307.9	0.909955240909224
308	0.917561360910394
308.1	0.925606295527016
308.2	0.93052101922008
308.3	0.936327999297897
308.4	0.939926279144604
308.5	0.944431442529913
308.6	0.946771787145657
308.7	0.947561653453471
308.8	0.947356873299593
308.9	0.950545592838545
309	0.949477810607612
309.1	0.946025802299389
309.2	0.942690811221952
309.3	0.938507445221309
309.4	0.929760407219963
309.5	0.923090425065091
309.6	0.917151800602639
309.7	0.911959160986455
309.8	0.903548547523623
309.9	0.897756194599655
310	0.889769768598426
310.1	0.881227510750958
310.2	0.872480472749612
310.3	0.863397010209753
310.4	0.854547582131469
310.5	0.845317848053126
310.6	0.836497674282538
310.7	0.82694614281953
310.8	0.817979697510459
310.9	0.806731416201036
311	0.795073574583857
311.1	0.784995465582307
311.2	0.773688675657491
311.3	0.763873855425211
311.4	0.753137524500483
311.5	0.743644501652868
311.6	0.73372729134365
311.7	0.725770119650119
311.8	0.716949945879531
311.9	0.70723751572419
312	0.699031682415236
312.1	0.690153000029254
312.2	0.679343533335284
312.3	0.669879764795366
312.4	0.661703185794108
312.5	0.652853757715824
312.6	0.643872685252903
312.7	0.63702717725185
312.8	0.629113887019864
312.9	0.621654038557177
313	0.612877746248135
313.1	0.605198490477723
313.2	0.59697803001492
313.3	0.589225638475265
313.4	0.582146096012638
313.5	0.574730129011497
313.6	0.568762250241348
313.7	0.562194658163415
313.8	0.557250680162654
313.9	0.551897141854138
314	0.547962437468917
314.1	0.542725916391189
314.2	0.539449433929146
314.3	0.535251440774654
314.4	0.531419126466372
314.5	0.52777696515812
314.6	0.525070941696165
314.7	0.521955357926455
314.8	0.519073808618319
314.9	0.518196179387415
315	0.516572565310242
315.1	0.514905069771524
315.2	0.513252201386654
315.3	0.513135184155867
315.4	0.511248281309423
315.5	0.510999619694
315.6	0.510970365386303
315.7	0.511877248924904
315.8	0.511950384694146
315.9	0.513179065617412
316	0.514612526694556
316.1	0.517362431618056
316.2	0.519819793464588
316.3	0.523067021618933
316.4	0.526358131234824
316.5	0.530497615773923
316.6	0.533700962466723
316.7	0.538191498698183
316.8	0.542550390545008
316.9	0.547640640084252
317	0.552175057777258
317.1	0.557704121931955
317.2	0.562384811163444
317.3	0.568484334318228
317.4	0.574715501857649
317.5	0.581985197320305
317.6	0.589108621244478
317.7	0.59770938770734
317.8	0.605461779246994
317.9	0.61393090132522
318	0.622356141941901
318.1	0.631951554866454
318.2	0.641035017406313
318.3	0.651098499254015
318.4	0.661015709563233
318.5	0.672307872334201
318.6	0.683541526489776
318.7	0.696413421876371
318.8	0.708349179416669
318.9	0.720855395957055
319	0.7318988971126
319.1	0.744580639499166
319.2	0.755755785039347
319.3	0.767047947810315
319.4	0.778149957581254
319.5	0.789895562121522
319.6	0.800558757277009
319.7	0.810549103355469
319.8	0.820817365357049
319.9	0.830237252435421
320	0.840300734283123
320.1	0.847892227130445
320.2	0.856434484977913
320.3	0.86544481174853
320.4	0.873533627826698
320.5	0.880715560366264
320.6	0.888233917444344
320.7	0.895723020214727
320.8	0.902305239446509
320.9	0.909604189216862
321	0.915001608986923
321.1	0.921993388526461
321.2	0.928502471989
321.3	0.934177807682181
321.4	0.939955533452301
321.5	0.945411461837756
321.6	0.950501711377
321.7	0.954568060146857
321.8	0.95948278383992
321.9	0.964412134686833
322	0.969341485533745
322.1	0.973612614457479
322.2	0.976362519380979
322.3	0.979536611766083
322.4	0.981057835766317
322.5	0.983295790305122
322.6	0.985899423690138
322.7	0.989526957844543
322.8	0.991940438229529
322.9	0.994895123306907
323	0.997030687768774
323.1	0.998200860076646
323.2	0.999166252230641
323.3	1
323.4	0.999517303923003
323.5	0.999985372846152
323.6	0.999312523769125
323.7	0.998829827692128
323.8	0.998215487230495
323.9	0.997688909691952
324	0.996504110230231
324.1	0.995655735307024
324.2	0.993973612614457
324.3	0.992437761460375
324.4	0.990711757306263
324.5	0.988649328613638
324.6	0.986031068074774
324.7	0.982345025304976
324.8	0.978337185150513
324.9	0.974007547611386
325	0.96966328291841
325.1	0.965216628148495
325.2	0.961515958224849
325.3	0.957391100839599
325.4	0.953368633531287
325.5	0.948044349530468
325.6	0.943612321914402
325.7	0.93840505514437
325.8	0.933153906912793
325.9	0.92841470906591
326	0.923295205218968
326.1	0.917473597987304
326.2	0.912310212678817
326.3	0.905713366293187
326.4	0.899409062984524
326.5	0.892753707983501
326.6	0.886098352982477
326.7	0.879911066904602
326.8	0.873460492057456
326.9	0.866278559517889
327	0.860193663516953
327.1	0.852821577977357
327.2	0.845142322206945
327.3	0.838530848667466
327.4	0.831568323435626
327.5	0.824430272357605
327.6	0.818023578972004
327.7	0.810461340432379
327.8	0.802972237661996
327.9	0.795761050814733
328	0.787803879121201
328.1	0.779758944504578
328.2	0.773381505426674
328.3	0.765731503963959
328.4	0.757511043501156
328.5	0.750548518269315
328.6	0.742401193575754
328.7	0.733171459497411
328.8	0.725258169265424
328.9	0.716745165725653
329	0.708027382032004
329.1	0.700538279261621
329.2	0.692361700260363
329.3	0.683936459643683
329.4	0.676666764181026
329.5	0.668446303718223
329.6	0.660328233332358
329.7	0.65343884386976
329.8	0.646373928560981
329.9	0.638255858175116
330	0.630591229558553
330.1	0.622692566480414
330.2	0.613974782786765
330.3	0.605695813708569
330.4	0.59835298247667
330.5	0.590512828013925
330.6	0.582263113243425
330.7	0.574671620396103
330.8	0.567197144779569
330.9	0.559152210162946
331	0.551487581546383
331.1	0.544466547699149
331.2	0.536962817774917
331.3	0.529268934850657
331.4	0.521823713541819
331.5	0.514641781002253
331.6	0.507050288154931
331.7	0.499824474153819
331.8	0.492554778691162
331.9	0.485870169382442
332	0.478805254073662
332.1	0.472062136149548
332.2	0.465304391071585
332.3	0.458356492993593
332.4	0.451028288915543
332.5	0.444504578299155
332.6	0.437951613375069
332.7	0.431237749758652
332.8	0.424450750372992
332.9	0.418073311295088
333	0.41163736360179
333.1	0.405201415908493
333.2	0.398911739753679
333.3	0.39294386098353
333.4	0.386946727905684
333.5	0.380700933212415
333.6	0.37470380013457
333.7	0.368882192902905
333.8	0.363002077055847
333.9	0.357165842670333
334	0.351505134131001
334.1	0.345976069976304
334.2	0.340490887283152
334.3	0.335005704590001
334.4	0.329447386127607
334.5	0.323976830588304
334.6	0.318506275049001
334.7	0.313138109586637
334.8	0.307594418278091
334.9	0.302650440277331
335	0.297823479507357
335.1	0.29276248427581
335.2	0.287833133428897
335.3	0.283079308428166
335.4	0.278120703273557
335.5	0.273381505426674
335.6	0.268993359272153
335.7	0.264415060117602
335.8	0.26012930404002
335.9	0.255872802270134
336	0.251338384577129
336.1	0.246877102653366
336.2	0.242796126729661
336.3	0.23886142234444
336.4	0.23501448088231
336.5	0.231269929497118
336.6	0.227554632419624
336.7	0.223619928034403
336.8	0.21961208787994
336.9	0.215589620571629
337	0.211625661878712
337.1	0.207647076031946
337.2	0.203990287569845
337.3	0.200026328876927
337.4	0.196018488722464
337.5	0.192332445952667
337.6	0.18854401310593
337.7	0.184638563028406
337.8	0.181201181874031
337.9	0.177968580873534
338	0.174750607026885
338.1	0.171781294795659
338.2	0.168870491179826
338.3	0.165988941871691
338.4	0.163005002486616
338.5	0.159874791563058
338.6	0.156788462101044
338.7	0.15380452271597
338.8	0.150893719100138
338.9	0.148202322792031
339	0.145448029722377
339.1	0.143040400198929
339.2	0.14051136529854
339.3	0.138244156452038
339.4	0.135912588128602
339.5	0.133709738759032
339.6	0.131347453412515
339.7	0.129024661381388
339.8	0.12662580815025
339.9	0.12419331246526
340	0.121785682941813
340.1	0.119186437702952
340.2	0.116793435333353
340.3	0.11447795687915
340.4	0.112392124740368
340.5	0.110357487640055
340.6	0.108546645993623
340.7	0.106706550039493
340.8	0.104663136646871
340.9	0.102757218500424
341	0.100905420823216
341.1	0.0987771699382734
341.2	0.0967791007225814
341.3	0.0949068250299857
341.4	0.092740543545037
341.5	0.0907658777755024
341.6	0.0890574262060088
341.7	0.0872948541672761
341.8	0.0856244331977884
341.9	0.0840871193283211
342	0.0824269373665272
342.1	0.0807872334201211
342.2	0.0791621566275634
342.3	0.0776204546119416
342.4	0.0761036187578621
342.5	0.0746145744960945
342.6	0.0732791153497352
342.7	0.0718383406956674
342.8	0.0705277477108504
342.9	0.0692464090337302
343	0.067992861948922
343.1	0.0666515519410233
343.2	0.0654667524793026
343.3	0.0640683965713951
343.4	0.0627329374250358
343.5	0.0613535968171313
343.6	0.0601717227861803
343.7	0.0589488927244537
343.8	0.0579206038089109
343.9	0.0569303454933739
344	0.0558976684316766
344.1	0.0548079454699704
344.2	0.0537445513851915
344.3	0.0525860808003979
344.4	0.0515168358540795
344.5	0.0504958605154609
344.6	0.049486586899921
344.7	0.0484977912997689
344.8	0.047653804522716
344.9	0.0467118158148787
345	0.0459234122224498
345.1	0.0450487084223152
345.2	0.0442032589298774
345.3	0.0432042243220314
345.4	0.0423002662142
345.5	0.0414650557294562
345.6	0.0406620249831788
345.7	0.0397931720445836
345.8	0.0391188602521721
345.9	0.038497206213615
346	0.0377117280519556
346.1	0.0369174735979873
346.2	0.0363265365825118
346.3	0.0356405230670216
346.4	0.0348652839130562
346.5	0.0342509434514232
346.6	0.033721440482111
346.7	0.0329666793435333
346.8	0.0323069947049703
346.9	0.0316707135125647
347	0.031008103443232
347.1	0.0304113155662171
347.2	0.0298510955738232
347.3	0.0292411432583448
347.4	0.0286414299505602
347.5	0.0280504929350847
347.6	0.0274814966503818
347.7	0.0269827107041512
347.8	0.0265585232425475
347.9	0.0260743644501653
348	0.0255668022116257
348.1	0.0250548518269315
348.2	0.0246628441037943
348.3	0.0241333411344821
348.4	0.023638943334406
348.5	0.0231664862651025
348.6	0.0226720884650265
348.7	0.0222376619957289
348.8	0.0217886083725829
348.9	0.0213688090571337
349	0.0210016674955387
349.1	0.0206608548108709
349.2	0.0202527572185004
349.3	0.019862212210748
349.4	0.0196179387414797
349.5	0.0192098411491092
349.6	0.0187344586490361
349.7	0.0182722405874265
349.8	0.0179840856566129
349.9	0.0175847643565515
350	0.0172878331334289
350.1	0.0170406342333909
350.2	0.0167627183102712
350.3	0.0165067431179241
350.4	0.0162068864640318
350.5	0.0158748500716731
350.6	0.0155486645408536
350.7	0.0152926893485066
350.8	0.0149694292484568
350.9	0.0146344674253284
351	0.0144680104145335
351.1	0.0142825381037358
351.2	0.014051136529854
351.3	0.0137525963198081
351.4	0.0135625895913173
351.5	0.0132840885820437
351.6	0.0130602931281631
351.7	0.012800368604277
351.8	0.0126053886434778
351.9	0.0124678933973028
352	0.01230509317497
352.1	0.0120984114910921
352.2	0.0119442412895299
352.3	0.0117748588479654
352.4	0.011558376971009
352.5	0.0113217096217418
352.6	0.0110723166486265
352.7	0.0108198519732031
352.8	0.0105795278354738
352.9	0.0103580727262089
353	0.0102589006231168
353.1	0.0101038527923237
353.2	0.00997908316999678
353.3	0.00981160225843255
353.4	0.00960521311763157
353.5	0.00941403621683293
353.6	0.00930550273527777
353.7	0.00917678378141181
353.8	0.00904733346985344
353.9	0.00894640610829945
354	0.0088121288359711
354.1	0.00865708100517801
354.2	0.00850451979053916
354.3	0.0084060790451394
354.4	0.00829257233127578
354.5	0.00812904075125062
354.6	0.00803411052277448
354.7	0.00790436766813913
354.8	0.00779320129889126
354.9	0.0076498551911769
355	0.00747257408653424
355.1	0.00741304157037124
355.2	0.00729295263727584
355.3	0.0071750577772577
355.4	0.00707120498493403
355.5	0.00701152619723254
355.6	0.00686189041336337
355.7	0.00679826229412281
355.8	0.00673170874411257
355.9	0.00664482345025305
356	0.00654843050639207
356.1	0.006379486879443
356.2	0.00630737501097036
356.3	0.00617061112248779
356.4	0.00609250212093731
356.5	0.00600430038323143
356.6	0.0059908434016909
356.7	0.0059523739870696
356.8	0.00591156422783255
356.9	0.00578840359242898
357	0.00574949536319223
357.1	0.00564973817394611
357.2	0.00554749436854577
357.3	0.0054739197846883
357.4	0.00550375917853904
357.5	0.00543501155545154
357.6	0.00536187578620952
357.7	0.00525304976157739
357.8	0.00521794459234122
357.9	0.00506757745077963
358	0.0050266214200041
358.1	0.00495992159845537
358.2	0.00493476289383612
358.3	0.00492159845537255
358.4	0.00494836614691513
358.5	0.00490945791767838
358.6	0.00486235848228652
358.7	0.00472383933534213
358.8	0.00464499897609923
358.9	0.0045765438960887
359	0.00450545592838545
359.1	0.00445747886376269
359.2	0.00450677237223181
359.3	0.00441476757452535
359.4	0.00442208115144955
359.5	0.00438741479682883
359.6	0.00439882397683059
359.7	0.00434704385220724
359.8	0.00432861363835825
359.9	0.00432729719451189
360	0.0043217388760495
360.1	0.00427654097065793
360.2	0.00425255243834655
360.3	0.00421656963987947
360.4	0.00414123979756019
360.5	0.00409384781909136
360.6	0.00410803615832431
360.7	0.00407717286370418
360.8	0.00404075125062165
360.9	0.00398619196676711
361	0.00400754761138578
361.1	0.00395649884445485
361.2	0.0039221250329111
361.3	0.0038772196705965
361.4	0.00384386975982213
361.5	0.00381051984904777
361.6	0.00377716993827341
361.7	0.00371047011672469
361.8	0.00367726647748881
361.9	0.00364991369979229
362	0.00363572536055934
362.1	0.00360164409209256
362.2	0.00363411637363602
362.3	0.00366205423748647
362.4	0.00363660298979025
362.5	0.00354869379516134
362.6	0.00354401310592985
362.7	0.00350510487669309
362.8	0.00346985343591844
362.9	0.00345390983822368
363	0.00345230085130035
363.1	0.00349735248515344
363.2	0.00351563642746394
363.3	0.00354211157592956
363.4	0.00353626071439019
363.5	0.00353684580054413
363.6	0.00346648919053331
363.7	0.00341105227744785
363.8	0.00336336775590206
363.9	0.00332592224205014
364	0.0033061755843548
364.1	0.00330456659743147
364.2	0.00342173009975719
364.3	0.0034628324020712
364.4	0.00353947868823684
364.5	0.0035747301290115
364.6	0.00361305327209432
364.7	0.0036617616944095
364.8	0.00371456571980224
364.9	0.00374908580288447
365	0.00377994909750461
365.1	0.00378901793289062
365.2	0.00373036304595852
365.3	0.00366863645671825
365.4	0.00364362402363748
365.5	0.00361012784132463
365.6	0.00355498347131615
365.7	0.00343226165052804
365.8	0.00341646432437176
365.9	0.00332197291051107
366	0.00322631132434251
366.1	0.00314498434894538
366.2	0.00312026445894158
366.3	0.00313913348740602
366.4	0.00316253693356347
366.5	0.00320144516280022
366.6	0.00323976830588304
366.7	0.00323450253049762
366.8	0.00320612585203171
366.9	0.0031833074920282
367	0.00315683234356259
367.1	0.00310417458970833
367.2	0.00309920135739988
367.3	0.00301333996430974
367.4	0.00303147763508177
367.5	0.0029981277243074
367.6	0.00299783518123044
367.7	0.00296038966737852
367.8	0.00295614779276248
367.9	0.00293157417429716
368	0.00296536289968698
368.1	0.00299139923353714
368.2	0.00302299388584969
368.3	0.00304639733200714
368.4	0.00302869847585057
368.5	0.00300061434046163
368.6	0.00301699675277185
368.7	0.00299227686276804
368.8	0.00297267647661118
368.9	0.00295424626276219
369	0.00303060000585086
369.1	0.00302942983354299
369.2	0.00307492028201153
369.3	0.00305531989585466
369.4	0.00306380364508674
369.5	0.00302899101892754
369.6	0.00301553403738701
369.7	0.00299461720738379
369.8	0.00301992218354153
369.9	0.00300134569815405
370	0.00302401778661908
370.1	0.00300909808969371
370.2	0.00298540210045929
370.3	0.00295190591814645
370.4	0.00294898048737677
370.5	0.00287862387736594
370.6	0.00293040400198929
370.7	0.00294766404353041
370.8	0.00297018986045695
370.9	0.00295380744814674
371	0.00297428546353451
371.1	0.00298730363045958
371.2	0.00300924436123219
371.3	0.00304025392739081
371.4	0.00305897668431677
371.5	0.00304595851739169
371.6	0.00300427112892373
371.7	0.00297121376122634
371.8	0.00296316882660972
371.9	0.00294751777199193
372	0.00296097475353246
372.1	0.00292908755814294
372.2	0.00299622619430711
372.3	0.00296053593891701
372.4	0.00295366117660826
372.5	0.00292455314044993
372.6	0.00294678641429951
372.7	0.00296433899891759
372.8	0.00297999005353538
372.9	0.0030045636720007
373	0.00301436386507913
373.1	0.00299490975046076
373.2	0.00295629406430097
373.3	0.00295848813737823
373.4	0.00295921949507065
373.5	0.00296638680045637
373.6	0.00296858087353363
373.7	0.00292469941198842
373.8	0.00300778164584735
373.9	0.00301509522277155
374	0.00298818125969049
374.1	0.00297004358891847
374.2	0.00297194511891876
374.3	0.00296024339584004
374.4	0.00298730363045958
374.5	0.00302913729046602
374.6	0.00305283327970044
374.7	0.00309495948278384
374.8	0.00307872334201211
374.9	0.00304508088816078
375	0.00306453500277916
375.1	0.00310066407278472
375.2	0.0030788696135506
375.3	0.00301173097738642
375.4	0.00307389638124214
375.5	0.00302036099815698
375.6	0.00297794225199661
375.7	0.00296346136968669
375.8	0.0029972500950765
375.9	0.00303805985431355
376	0.00307711435508879
376.1	0.00309159523739871
376.2	0.00308691454816722
376.3	0.00309086387970629
376.4	0.00306658280431794
376.5	0.00309876254278442
376.6	0.00312567650586549
376.7	0.00313138109586637
376.8	0.0031384021297136
376.9	0.00308515928970541
377	0.00311865547201825
377.1	0.0030898399789369
377.2	0.00307272620893427
377.3	0.00299520229353772
377.4	0.00299198431969107
377.5	0.00298701108738262
377.6	0.00299022906122927
377.7	0.00302884474738905
377.8	0.00309510575432232
377.9	0.00307389638124214
378	0.00300061434046163
378.1	0.00300617265892403
378.2	0.00303308662200509
378.3	0.00299286194892198
378.4	0.00299388584969137
378.5	0.00298613345815171
378.6	0.00305210192200802
378.7	0.00307316502354972
378.8	0.00314527689202235
378.9	0.00312318988971126
379	0.00318096714741246
379.1	0.00320451686510839
379.2	0.00316385337740982
379.3	0.00316297574817892
379.4	0.00320539449433929
379.5	0.00317774917356581
379.6	0.00313942603048299
379.7	0.00311719275663341
379.8	0.00307009332124155
379.9	0.0030393762981599
380	0.00303103882046631
380.1	0.00297033613199544
380.2	0.00302913729046602
380.3	0.00305473480970073
380.4	0.00307126349354943
380.5	0.00301728929584881
380.6	0.00301977591200304
380.7	0.00304464207354533
380.8	0.00305561243893163
380.9	0.00306585144662552
381	0.00312889447971214
381.1	0.00313240499663575
381.2	0.00309086387970629
381.3	0.00306497381739461
381.4	0.0030760904543194
381.5	0.00302884474738905
381.6	0.00301407132200217
381.7	0.00298393938507445
381.8	0.00307857707047363
381.9	0.00307375010970365
382	0.0031310885527894
382.1	0.00311646139894099
382.2	0.00309934762893836
382.3	0.00305970804200919
382.4	0.00304668987508411
382.5	0.00301231606354036
382.6	0.00306058567124009
382.7	0.00306892314893368
382.8	0.00310373577509288
382.9	0.00314600824971477
383	0.00320919755433988
383.1	0.00318462393587456
383.2	0.0031906210689524
383.3	0.00311119562355557
383.4	0.00316516982125618
383.5	0.0031457157066378
383.6	0.0031512740251002
383.7	0.00315741742971653
383.8	0.00319910481818448
383.9	0.00318915835356756
384	0.00319223005587573
384.1	0.00320568703741626
384.2	0.0032200216481877
384.3	0.0031833074920282
384.4	0.00319515548664541
384.5	0.00320480940818536
384.6	0.00323581897434397
384.7	0.00318594037972091
384.8	0.00321665740280256
384.9	0.00315273674048504
385	0.00316838779510283
385.1	0.00310695374893953
385.2	0.00316063540356317
385.3	0.0030870608197057
385.4	0.00306555890354855
385.5	0.00310549103355469
385.6	0.00318945089664453
385.7	0.00319837346049206
385.8	0.00323611151742094
385.9	0.00321490214434075
386	0.00312333616124974
386.1	0.003043033086622
386.2	0.00302314015738818
386.3	0.0029826229412281
386.4	0.00298101395430477
386.5	0.00294839540122283
386.6	0.00304522715969927
386.7	0.00302065354123395
386.8	0.00308749963432115
386.9	0.00312713922125033
387	0.00317028932510312
387.1	0.00314279027586812
387.2	0.0031420589181757
387.3	0.00311748529971038
387.4	0.00310051780124623
387.5	0.00307170230816488
387.6	0.00310285814586198
387.7	0.00314191264663722
387.8	0.00320290787818506
387.9	0.00323450253049762
388	0.00326478073896381
388.1	0.00314834859433052
388.2	0.00319120615510634
388.3	0.00312699294971185
388.4	0.00312450633355762
388.5	0.00314513062048387
388.6	0.00321109908434017
388.7	0.00325644326127022
388.8	0.00328789164204429
388.9	0.0032374279612673
389	0.003203492964339
389.1	0.00314132756048328
389.2	0.00313869467279057
389.3	0.0031594652312553
389.4	0.00322675013895796
389.5	0.00318564783664395
389.6	0.0032236784366498
389.7	0.00314103501740631
389.8	0.00315171283971565
389.9	0.00308164877278179
390	0.00309861627124594
390.1	0.00307799198431969
390.2	0.00308355030278208
390.3	0.00314659333586871
390.4	0.00322631132434251
390.5	0.00325044612819238
390.6	0.00325234765819267
390.7	0.00324898341280754
390.8	0.00321768130357195
390.9	0.00318857326741363
391	0.00321460960126379
391.1	0.00321007518357078
391.2	0.0032200216481877
391.3	0.00308325775970512
391.4	0.0031650235497177
391.5	0.00316268320510195
391.6	0.00320129889126174
391.7	0.00318535529356698
391.8	0.00331100254512477
391.9	0.00335532282128543
392	0.00337126641898019
392.1	0.00338633238744405
392.2	0.00333791650820583
392.3	0.00325395664511599
392.4	0.00322265453588041
392.5	0.00318959716818302
392.6	0.00322397097972676
392.7	0.00322850539741977
392.8	0.00322572623818857
392.9	0.00314878740894597
393	0.00322206944972647
393.1	0.0031667788081795
393.2	0.0032492759558845
393.3	0.00327077787204166
393.4	0.00324298627972969
393.5	0.00329944709358453
393.6	0.00331597577743323
393.7	0.0032767750051195
393.8	0.00328101687973554
393.9	0.00328540502589006
394	0.00327033905742621
394.1	0.00329184097358336
394.2	0.00333133428897405
394.3	0.00334932568820759
394.4	0.00335941842436299
394.5	0.00321651113126408
394.6	0.00325468800280841
394.7	0.00316092794664014
394.8	0.00317160576894948
394.9	0.00317789544510429
395	0.00327794517742738
395.1	0.00337609337975017
395.2	0.00343796624052892
395.3	0.00334420618436065
395.4	0.00330105608050785
395.5	0.00326624345434865
395.6	0.00320700348126262
395.7	0.00322850539741977
395.8	0.00339584003744551
395.9	0.00340022818360004
396	0.00337843372436591
396.1	0.00324693561126876
396.2	0.00337243659128807
396.3	0.00324459526665301
396.4	0.00327428838896528
396.5	0.0032383055904982
396.6	0.00328774537050581
396.7	0.00328555129742855
396.8	0.00338560102975163
396.9	0.00339803411052277
397	0.00350276453207735
397.1	0.00351212591054033
397.2	0.00348711347745956
397.3	0.00347029225053389
397.4	0.00353509054208232
397.5	0.00350422724746219
397.6	0.00358628558055174
397.7	0.00350890793669368
397.8	0.0036544481174853
397.9	0.00363762689055963
398	0.00363528654594389
398.1	0.00349150162361408
398.2	0.00349720621361495
398.3	0.0035307023959278
398.4	0.00355161922593102
398.5	0.00352894713746599
398.6	0.00354386683439136
398.7	0.00354518327823772
398.8	0.00346619664745634
398.9	0.00338443085744376
399	0.00342363162975748
399.1	0.00340373870052365
399.2	0.00338574730129011
399.3	0.00327560483281163
399.4	0.00344410964514525
