  11100 14  1   lisaf2   PLISAF DJR  .000 P I1 101694 03.30   1          
  PROGRAM LAMBDA-9   VERSION 02.31                                       
  USER DJR DATE & TIME  1994 10 16 10.20 42.56    2.1400    295K S   
 AU1 CR 214     0     0 LISAF            .300000 -  .900000 .00100       
 FILE NAME                                ON PC = lisaf2.dx              
 NO_POINTS  =   601.    pts   DATA_INTV =  .001000 µm                    
 MIN_LAMBDA =   .300000 µm     MIN_DATA =    .15920                      
 MAX_LAMBDA =   .900000 µm     MAX_DATA =    .92930                      
 SCANSPEED  = 60.000000 nm/min SLITWIDTH=  1.00000 nm             
  RESP TIME =   .5      sec SENSITIVITY = 2          DATE=94/10/16
 vertical polorization                                                   
 No correction for index since index for LiSAF not in table.
 Following corrections made using the PLOT program: C 1;
 M(900.nM,0.9293) R; M(350.nM,0.8009 L; S M; T1; U; W 
  EOH     (1X,F11.4) 
   601.           
   4571.2023      
   3862.9804      
   3496.3281      
   2983.3090      
   2615.8943      
   2218.0463      
   1908.7711      
   1565.4014      
   1359.3261      
   1042.1348      
    755.3524      
    608.1338      
    450.7269      
    490.9568      
    298.1756      
    134.8902      
      8.6926      
      0.0000      
      0.0000      
    414.2520      
    988.7564      
    943.4364      
    869.6146      
    767.6041      
    739.8881      
    695.2062      
    644.9855      
    583.6305      
    578.7614      
    548.5663      
    526.8564      
    516.4061      
    466.7340      
    414.4110      
    429.1824      
    390.9247      
    375.0237      
    328.5629      
    362.7470      
    316.3430      
    331.0510      
    329.1044      
    299.4379      
    316.8981      
    303.8786      
    310.2509      
    261.3054      
    270.4364      
    251.9535      
    263.8381      
    275.7222      
    224.1813      
    280.1615      
    289.2790      
    276.3218      
    296.4687      
    311.1007      
    289.8627      
    304.4837      
    321.8653      
    405.6130      
    442.4393      
    476.5295      
    482.8685      
    572.6660      
    640.4089      
    694.3123      
    678.2452      
    847.4888      
    955.5505      
   1018.6009      
   1093.1893      
   1271.1116      
   1427.2508      
   1561.1470      
   1704.5683      
   1969.9273      
   2235.3978      
   2455.5087      
   2631.9381      
   2892.8510      
   3213.0360      
   3540.9733      
   3806.1085      
   4146.0364      
   4554.2152      
   5030.9883      
   5445.3160      
   5853.3061      
   6340.7817      
   6875.9898      
   7458.4185      
   7974.8154      
   8559.1269      
   9179.6370      
   9910.9333      
  10592.7161      
  11228.4941      
  11947.9185      
  12734.7223      
  13520.4949      
  14335.1259      
  15137.8186      
  15920.5080      
  16841.8290      
  17736.5774      
  18612.3224      
  19478.2752      
  20345.4047      
  21269.1559      
  22247.9929      
  23094.0477      
  23981.7249      
  24889.7366      
  25792.9512      
  26698.2153      
  27481.4234      
  28312.8476      
  29105.6053      
  29917.2322      
  30661.5651      
  31375.4569      
  31985.5921      
  32612.9035      
  33209.4922      
  33772.3160      
  34259.8638      
  34653.7181      
  34948.6406      
  35207.3021      
  35414.8985      
  35624.3676      
  35726.0848      
  35800.7704      
  35738.5085      
  35635.6059      
  35560.3358      
  35337.3258      
  35063.6630      
  34702.2034      
  34334.0269      
  33997.3450      
  33542.2454      
  33060.4657      
  32565.7575      
  32128.4455      
  31620.8242      
  31125.0140      
  30651.2697      
  30145.6504      
  29569.5063      
  29018.4880      
  28393.6971      
  27796.0768      
  27223.9062      
  26603.9491      
  26071.1526      
  25534.3049      
  24911.1517      
  24241.3800      
  23568.5706      
  22878.5558      
  22151.7245      
  21392.3850      
  20591.1176      
  19785.9788      
  19003.6072      
  18279.1440      
  17537.1078      
  16802.7883      
  15993.9002      
  15246.0788      
  14502.9531      
  13804.4864      
  13132.8464      
  12476.9526      
  11826.9755      
  11165.4290      
  10523.6923      
   9888.2227      
   9319.3139      
   8757.3143      
   8225.0198      
   7709.4164      
   7187.7460      
   6699.9104      
   6243.9328      
   5828.3212      
   5424.0585      
   5010.8785      
   4608.8313      
   4242.8760      
   3895.6661      
   3587.9849      
   3306.0464      
   3009.8351      
   2765.1878      
   2520.4512      
   2226.4057      
   1990.7430      
   1811.5826      
   1648.0549      
   1524.9906      
   1385.9920      
   1203.7918      
   1020.4661      
    841.4777      
    715.1655      
    627.1683      
    574.3203      
    577.7250      
    538.3809      
    480.4923      
    377.7252      
    262.3254      
    171.1782      
    124.8769      
    138.7923      
    202.4938      
    245.3147      
    272.4089      
    270.5807      
    218.8729      
    130.7309      
     84.6287      
     64.6506      
    141.0621      
    228.1759      
    312.9607      
    398.0287      
    435.7631      
    433.8809      
    410.8845      
    372.1228      
    438.7992      
    495.0557      
    591.2462      
    738.5623      
    859.8952      
    998.0614      
   1069.1028      
   1083.2705      
   1143.6418      
   1157.8295      
   1226.5404      
   1372.2112      
   1546.4442      
   1694.1009      
   1856.7079      
   1978.0854      
   2105.7472      
   2208.4279      
   2334.4468      
   2423.7048      
   2527.7205      
   2716.5023      
   2898.0127      
   3069.1035      
   3298.1788      
   3472.2386      
   3671.9031      
   3882.5015      
   4039.3532      
   4194.1420      
   4390.7034      
   4611.1112      
   4769.7304      
   5038.9568      
   5265.6709      
   5511.1236      
   5785.9285      
   5996.5626      
   6328.5564      
   6585.7396      
   6919.5024      
   7219.0533      
   7497.3493      
   7819.2863      
   8145.8610      
   8450.8510      
   8748.5459      
   9123.7700      
   9320.6426      
   9618.1193      
   9967.8308      
  10273.9694      
  10609.1560      
  10974.6591      
  11307.6348      
  11641.2369      
  11979.8289      
  12292.2336      
  12718.1562      
  13087.3117      
  13476.7595      
  13901.9010      
  14359.7840      
  14872.4005      
  15355.9202      
  15902.7093      
  16447.0375      
  16944.1740      
  17351.1818      
  17668.5298      
  17932.5996      
  18158.9139      
  18328.6642      
  18511.4898      
  18552.9617      
  18671.8488      
  18905.4734      
  19129.3244      
  19214.4734      
  19422.8254      
  19651.7415      
  19977.5260      
  20237.6364      
  20436.1550      
  20662.4278      
  20910.6979      
  21088.5345      
  21114.3581      
  21428.0905      
  21979.9123      
  22552.8228      
  23082.6585      
  23617.9306      
  24196.8946      
  24775.6110      
  25402.0129      
  25938.8133      
  26002.6481      
  25606.0481      
  25136.9502      
  24842.2909      
  24660.4631      
  24457.0818      
  24209.8914      
  23958.0626      
  23627.4691      
  23309.2891      
  22952.6635      
  22651.5268      
  22403.6437      
  22158.6739      
  21992.0251      
  21922.4089      
  21778.0953      
  21641.5631      
  21505.9517      
  21238.2245      
  20888.9033      
  20551.6866      
  20257.7505      
  20042.9967      
  20099.0669      
  20510.9351      
  21186.5035      
  21842.4100      
  22336.6450      
  22700.1681      
  22798.1225      
  22768.4784      
  22625.9332      
  22449.4448      
  22177.7227      
  21909.4826      
  21624.4727      
  21349.9160      
  21046.1895      
  20766.1436      
  20483.4195      
  20147.9440      
  19860.9895      
  19443.9808      
  19100.6031      
  18680.5638      
  18239.9567      
  17802.6679      
  17363.1676      
  16862.4664      
  16473.4724      
  16044.7913      
  15609.3422      
  15192.5934      
  14735.0366      
  14344.5067      
  13951.6326      
  13593.6394      
  13132.6757      
  12779.2390      
  12405.3382      
  11969.1911      
  11567.0534      
  11193.0712      
  10805.2537      
  10392.4917      
   9991.5122      
   9601.8119      
   9253.1431      
   8902.6945      
   8539.6699      
   8262.0417      
   7948.8754      
   7636.7926      
   7329.2687      
   7087.5980      
   6784.5888      
   6505.8281      
   6224.1604      
   5942.9859      
   5694.3283      
   5416.9713      
   5196.3464      
   4956.3817      
   4713.0334      
   4493.6681      
   4285.5875      
   4109.2798      
   3919.7428      
   3755.3048      
   3592.1814      
   3427.4744      
   3258.3759      
   3110.4989      
   2974.9563      
   2854.3170      
   2712.1416      
   2535.0749      
   2417.0415      
   2326.9923      
   2212.9059      
   2107.5757      
   1983.9970      
   1946.7883      
   1840.2145      
   1739.5209      
   1681.6391      
   1631.8574      
   1605.9224      
   1482.8720      
   1441.4731      
   1421.0548      
   1296.5862      
   1278.9441      
   1199.2473      
   1161.0866      
   1097.3017      
   1074.7568      
   1024.0731      
    973.5331      
    948.6156      
    916.1032      
    911.6200      
    894.4306      
    877.2637      
    855.0482      
    878.4904      
    787.9723      
    834.1135      
    779.1419      
    797.4470      
    724.9848      
    697.9776      
    723.7647      
    679.2032      
    657.2965      
    635.4232      
    593.5959      
    634.2561      
    589.9574      
    578.1633      
    591.3115      
    614.4440      
    597.6513      
    645.7494      
    616.4563      
    654.5701      
    635.2579      
    625.9458      
    671.5380      
    627.2803      
    570.7034      
    656.0378      
    557.1603      
    572.7408      
    506.4720      
    586.5149      
    530.1412      
    550.6505      
    578.6112      
    532.2032      
    515.5724      
    550.9033      
    576.3567      
    596.8657      
    654.6439      
    647.8464      
    723.1587      
    696.4045      
    729.4260      
    759.9854      
    728.2154      
    738.8184      
    729.4954      
    697.8020      
    656.2487      
    696.6109      
    669.9578      
    665.6515      
    604.4290      
    649.6188      
    632.9540      
    638.5606      
    644.1658      
    654.7170      
    692.5056      
    651.0809      
    728.4969      
    771.3344      
    781.9010      
    847.2252      
    825.4227      
    878.3572      
    856.5268      
    864.6076      
    830.3670      
    903.2063      
    881.3671      
    889.4425      
    865.1431      
    843.3683      
    829.0742      
    844.5866      
    795.5794      
    729.4111      
    781.9624      
    755.3811      
    696.7866      
    798.6749      
    838.9228      
    804.8597      
    869.8964      
    892.8366      
    831.4516      
    889.0649      
    869.8220      
    969.7792      
   1035.1673      
   1085.7039      
   1108.7756      
   1166.9659      
    927.9516      
    980.7033      
   1055.9991      
    934.6718      
   1012.2708      
    817.1539      
    807.9057      
    956.8448      
   1026.9734      
    913.4197      
    736.6196      
    783.9088      
    939.9258      
    822.0354      
   1035.3179      
    892.2527      
   1061.2916      
    772.8852      
   1030.1109      
   1180.0634      
    984.1484      
   1158.6528      
    997.6656      
   1395.3755      
    821.3520      
   1009.2667      
   1306.3139      
    914.1206      
   1164.8577      
   1118.1199      
    871.6156      
    708.2782      
    993.4534      
   1179.9443      
   1398.0927      
   1243.2933      
   1421.6687      
    983.9598      
   1510.7820      
    488.1948      
   1151.3243      
   1424.0120      
    866.4924      
    177.9547      
   1133.6162      
    954.0842      
   1962.3999      
      0.0000      
   1497.6326      