  11100 14  1   LISAF1   PLISAF DJR  .000 P I1 101694 03.00   1          
  PROGRAM LAMBDA-9   VERSION 02.31                                       
  USER DJR DATE & TIME  1994 10 16 10.16 12.38    2.1400    295K P       
 AU1 CR 214     0     0 LISAF            .300000 -  .900000 .00100       
 FILE NAME                                ON PC = LISAF1.dx             
 NO_POINTS  =   601.    pts   DATA_INTV =  .001000 µm                   
 MIN_LAMBDA =   .300000 µm     MIN_DATA =    .06150                     
 MAX_LAMBDA =   .900000 µm     MAX_DATA =    .92810                     
 SCANSPEED  = 60.000000 nm/min SLITWIDTH=  1.00000 nm                   
  RESP TIME =   .5      sec SENSITIVITY = 2          DATE=94/10/16      
 horizontal polarization                                                
 No correction for index since LiSAF not in table; following            
 corrections made using the PLOT program: C 1, M (900nM) R;        
 M (350nM) L; S M; S 1; T 1; U; W                                       
  EOH     (1X,F11.4)                                                    
   601.          
   2681.7504     
   2355.8685     
   2102.7907     
   1925.6468     
   1724.9095     
   1578.5442     
   1411.2375     
   1231.6464     
   1107.6130     
   1027.3936     
    907.2623     
    774.5077     
    684.9817     
    707.0282     
    723.7784     
    565.8686     
    569.3444     
    457.1460     
    301.2619     
    513.9695     
    541.1077     
    497.2769     
    534.9029     
    504.2212     
    515.5693     
    529.5470     
    477.9123     
    434.2596     
    411.5935     
    402.0062     
    421.1422     
    382.8533     
    383.7131     
    337.7031     
    382.8258     
    362.8493     
    371.5211     
    289.2265     
    318.6421     
    288.3736     
    361.9523     
    318.6451     
    332.4910     
    322.9721     
    365.3950     
    345.4689     
    348.9281     
    329.0258     
    309.1480     
    258.2518     
    349.7781     
    332.4804     
    289.3115     
    380.9198     
    384.3747     
    400.8227     
    409.4761     
    405.1303     
    403.3851     
    393.8481     
    436.2902     
    452.7535     
    521.3822     
    517.0004     
    611.9944     
    604.9615     
    681.8875     
    701.1127     
    836.4837     
    863.7616     
    912.2932     
   1008.8560     
   1052.3303     
   1152.1456     
   1249.6928     
   1390.9883     
   1535.8880     
   1714.6985     
   1842.2949     
   1990.0883     
   2203.4245     
   2333.7773     
   2538.9691     
   2754.6880     
   2955.0309     
   3213.0077     
   3453.1517     
   3722.9754     
   3996.0886     
   4281.8370     
   4586.9347     
   4928.0376     
   5274.4438     
   5586.9665     
   5977.1795     
   6391.3532     
   6782.2436     
   7169.5681     
   7599.6352     
   8016.2398     
   8418.4437     
   8888.8898     
   9357.8727     
   9844.9479     
  10278.0022     
  10777.6761     
  11276.1564     
  11725.4049     
  12237.0741     
  12679.2929     
  13158.2262     
  13695.0600     
  14133.8299     
  14606.1263     
  15018.1751     
  15448.2728     
  15881.6416     
  16307.6390     
  16649.6914     
  17090.8299     
  17394.7488     
  17731.2888     
  18067.2115     
  18326.2953     
  18612.0778     
  18835.6708     
  19061.5059     
  19253.0328     
  19397.0689     
  19480.3673     
  19545.4298     
  19604.4761     
  19651.2572     
  19623.6832     
  19577.6082     
  19463.9362     
  19357.0019     
  19226.2990     
  19066.2332     
  18883.4452     
  18696.3014     
  18540.2142     
  18297.8107     
  18092.7028     
  17861.0341     
  17705.3429     
  17505.8836     
  17286.0718     
  17024.5937     
  16836.8598     
  16564.7095     
  16280.0908     
  15993.9917     
  15701.3607     
  15377.0881     
  15002.6507     
  14639.5504     
  14301.8321     
  13893.3098     
  13511.0533     
  13117.1707     
  12685.4658     
  12288.6810     
  11881.7952     
  11457.0210     
  11032.1640     
  10627.7829     
  10230.8768     
   9794.0063     
   9404.3686     
   8980.0406     
   8597.3434     
   8221.3538     
   7823.1441     
   7414.5900     
   7051.6839     
   6684.6145     
   6330.4158     
   5991.8581     
   5639.1192     
   5330.3980     
   5019.7753     
   4704.2914     
   4411.7589     
   4150.3887     
   3886.2130     
   3663.6853     
   3417.1427     
   3202.3534     
   2983.9907     
   2796.2409     
   2618.5978     
   2431.2705     
   2245.5938     
   2127.5092     
   1966.3365     
   1828.0998     
   1709.6632     
   1567.7544     
   1477.4782     
   1392.9195     
   1282.2419     
   1211.6690     
   1136.0905     
   1042.4804     
    991.0002     
    944.8622     
    911.8247     
    871.0660     
    835.5725     
    810.4867     
    800.9348     
    783.6445     
    789.5961     
    782.6413     
    798.9165     
    804.8671     
    828.9033     
    865.8984     
    877.0330     
    908.9042     
    940.8121     
    972.7569     
   1028.1804     
   1073.2812     
   1139.3996     
   1205.6984     
   1235.3379     
   1307.1680     
   1381.8590     
   1438.2073     
   1534.6060     
   1631.4022     
   1715.1694     
   1826.2012     
   1926.9213     
   2060.7736     
   2159.7773     
   2325.3209     
   2467.0730     
   2623.6841     
   2767.3020     
   2906.1618     
   3065.8232     
   3240.9795     
   3420.3956     
   3645.1101     
   3830.7240     
   4026.8042     
   4254.6689     
   4478.7856     
   4717.4429     
   4974.1992     
   5259.1050     
   5531.7438     
   5843.2791     
   6152.6675     
   6453.1074     
   6798.1192     
   7138.2738     
   7476.7402     
   7827.5032     
   8187.4779     
   8527.7980     
   8903.0932     
   9265.9459     
   9638.6564     
  10021.6293     
  10455.1142     
  10876.9205     
  11331.7728     
  11783.4542     
  12361.5706     
  12892.7993     
  13501.1010     
  14117.2233     
  14760.7335     
  15443.5761     
  16163.7437     
  16870.8491     
  17529.7734     
  18135.3643     
  18711.5534     
  19273.3825     
  19868.2184     
  20416.7046     
  20914.8884     
  21470.5657     
  22040.5775     
  22597.9596     
  23134.2431     
  23705.7070     
  24389.8469     
  25212.6472     
  26010.6764     
  26847.1300     
  27804.2948     
  28924.8868     
  30203.5296     
  31623.9585     
  33131.5691     
  34606.2368     
  35740.9566     
  36659.3472     
  37398.8593     
  38135.8843     
  38825.6590     
  39298.9055     
  39481.0890     
  39679.8449     
  40063.9905     
  40314.5710     
  40163.0246     
  40120.0972     
  40293.4664     
  40609.4018     
  40675.7833     
  40490.4513     
  40167.5038     
  39894.9932     
  39701.2454     
  39734.7621     
  40822.3542     
  42698.2324     
  44711.9096     
  46596.2368     
  48364.5975     
  50337.2916     
  52559.6216     
  55247.1587     
  57581.8509     
  58421.0893     
  57691.2277     
  56557.3379     
  55855.1645     
  55607.4814     
  55147.8180     
  54638.0239     
  54023.7061     
  53341.9057     
  52680.9479     
  51933.9862     
  51186.4838     
  50463.9408     
  49693.3525     
  48811.9216     
  48030.8822     
  47192.1590     
  46343.9262     
  45371.2667     
  44236.0311     
  42964.5312     
  41517.1867     
  40190.9291     
  39380.3704     
  39591.7729     
  41078.1385     
  43442.5566     
  46133.8371     
  48428.8306     
  50105.4864     
  51147.6074     
  51741.4459     
  51927.6873     
  51826.2515     
  51518.3376     
  51088.2107     
  50567.7135     
  50035.4247     
  49375.5333     
  48667.3419     
  47959.7339     
  47189.9879     
  46528.3815     
  45668.9518     
  44918.2004     
  44064.3347     
  43225.2599     
  42349.8208     
  41475.9093     
  40557.9773     
  39632.5800     
  38759.3869     
  37823.7968     
  36900.6076     
  35939.5316     
  35128.0367     
  34240.9004     
  33388.6546     
  32461.2069     
  31582.1061     
  30717.4838     
  29800.5044     
  28948.0908     
  28075.3105     
  27160.5792     
  26299.0345     
  25439.3678     
  24605.0395     
  23765.6892     
  22909.2254     
  22098.6436     
  21343.0125     
  20556.9868     
  19780.5391     
  19030.9761     
  18334.4822     
  17583.8612     
  16858.4019     
  16166.6112     
  15565.1626     
  14869.9327     
  14256.6054     
  13633.1367     
  13040.3164     
  12514.6748     
  11913.8720     
  11402.4561     
  10883.0177     
  10391.3299     
   9941.0247     
   9436.6725     
   9031.2258     
   8579.6329     
   8172.3543     
   7769.2099     
   7451.3497     
   7028.1214     
   6717.7138     
   6389.1349     
   6094.1688     
   5731.0665     
   5475.9096     
   5229.8938     
   4983.6656     
   4743.2467     
   4446.4207     
   4264.5642     
   4020.5256     
   3836.5455     
   3608.7007     
   3445.1500     
   3327.6321     
   3105.1827     
   2956.5001     
   2811.6011     
   2711.1979     
   2522.0857     
   2388.1988     
   2263.1604     
   2186.6113     
   2081.2713     
   1947.5688     
   1848.6648     
   1794.4990     
   1745.6829     
   1621.8946     
   1563.1890     
   1466.1355     
   1436.0508     
   1349.8105     
   1335.2030     
   1226.5600     
   1156.3726     
   1167.2020     
   1102.2755     
   1067.7382     
    978.0674     
    978.8041     
    946.9964     
    892.7780     
    856.1360     
    836.9743     
    790.5137     
    771.4248     
    717.7059     
    703.6389     
    679.7102     
    697.7619     
    634.4147     
    645.0396     
    601.5257     
    580.1963     
    615.3716     
    584.2113     
    592.3559     
    546.5366     
    574.2827     
    545.6543     
    543.9891     
    591.3390     
    545.5559     
    507.2108     
    495.7863     
    479.4915     
    446.1592     
    490.8296     
    462.3606     
    465.5887     
    434.7318     
    491.5441     
    531.3817     
    495.5584     
    481.7219     
    506.8867     
    461.3867     
    464.6110     
    450.8068     
    488.0993     
    501.0660     
    421.6039     
    470.9932     
    466.9185     
    511.5162     
    461.2052     
    432.8545     
    467.6447     
    458.7158     
    464.3634     
    465.1524     
    475.6580     
    517.7854     
    455.3811     
    492.5984     
    483.6648     
    433.5032     
    427.0271     
    473.8842     
    508.6722     
    509.4551     
    471.3925     
    477.0307     
    511.8028     
    527.1649     
    571.7388     
    506.8638     
    527.0753     
    426.0558     
    499.5043     
    500.2871     
    539.9108     
    562.5650     
    531.7522     
    525.2487     
    521.1751     
    427.5471     
    442.8332     
    540.4981     
    514.5943     
    600.3723     
    537.9767     
    631.1248     
    476.5611     
    416.9744     
    531.3868     
    527.3178     
    588.7477     
    504.6620     
    507.8617     
    764.1780     
    691.6210     
    604.7438     
    494.0546     
    584.4313     
    638.6439     
    457.7739     
    589.1681     
    281.6375     
    736.7189     
    608.4590     
    929.4684     
    522.8139     
   1004.9173     
    411.0955     
    580.7819     
    468.0174     
    461.5734     
    633.9986     
    290.4643     
    536.2652     
   1008.2233     
    340.6799     
    771.6355     
    650.7068     
    683.0348     
    430.1495     
    476.6090     
    912.3971     
    654.5094     
    962.9953     
    602.7470     
      0.0004     
    493.3126     
    250.0567     
    768.4103     
    522.1191     
    378.8874     
    465.9567     
    688.7663     
    546.8890     
   1052.1796     