# Optical absorption spectrum of Program fragment delivered error ``Can't call method "sample_" on an undefined value at abs.template line 1.'':YAG (Er:Y3Al5O12)
# assuming unity concentration per meter.  This data was part of the NASA 
# Laser Spectra Database found on the web until December of 2005 which
# was created by Pat Cross working at NASA Langley Research Center, Internal
# Operations Group, Aerospace Electronics Systems Division, Remote Sensing.
#
# The spectra was collected by ?? on  1 January 1980 and was 
# annotated on  1 January 1980.  The sample name was "" was a 0.0000
# long piece of :.   
# The incident light had unknown polarization.
#
# Spectra were recorded from 330 to 1904nm
# every 0.2nm at room temperature.
#
# Original header lost and recreated by hand. Assumed 1 percent concentration.
#
##Wavelength (nm)	Absorbance (/meter) 
330	466
330.2	476
330.4	412
330.6	429
330.8	391
331	394
331.2	434
331.4	395
331.6	431
331.8	471
332	439
332.2	444
332.4	519
332.6	471
332.8	1
333	378
333.2	404
333.4	427
333.6	467
333.8	463
334	480
334.2	541
334.4	389
334.6	443
334.8	402
335	534
335.2	408
335.4	460
335.6	359
335.8	438
336	513
336.2	428
336.4	360
336.6	418
336.8	377
337	369
337.2	427
337.4	423
337.6	422
337.8	397
338	375
338.2	325
338.4	392
338.6	432
338.8	435
339	355
339.2	312
339.4	389
339.6	454
339.8	381
340	400
340.2	426
340.4	422
340.6	428
340.8	394
341	397
341.2	420
341.4	430
341.6	408
341.8	432
342	333
342.2	313
342.4	365
342.6	331
342.8	373
343	399
343.2	409
343.4	407
343.6	401
343.8	330
344	326
344.2	329
344.4	312
344.6	345
344.8	361
345	339
345.2	416
345.4	320
345.6	417
345.8	305
346	386
346.2	341
346.4	335
346.6	425
346.8	341
347	348
347.2	409
347.4	382
347.6	378
347.8	323
348	421
348.2	371
348.4	408
348.6	374
348.8	451
349	410
349.2	314
349.4	365
349.6	371
349.8	355
350	351
350.2	412
350.4	359
350.6	429
350.8	423
351	368
351.2	410
351.4	436
351.6	469
351.8	465
352	487
352.2	522
352.4	467
352.6	431
352.8	533
353	564
353.2	505
353.4	556
353.6	568
353.8	529
354	592
354.2	685
354.4	706
354.6	767
354.8	871
355	1049
355.2	1630
355.4	2043
355.6	3110
355.8	5521
356	4071
356.2	4933
356.4	3490
356.6	4262
356.8	4099
357	2849
357.2	2723
357.4	2406
357.6	1900
357.8	1549
358	1402
358.2	1352
358.4	1276
358.6	1220
358.8	1222
359	1283
359.2	1419
359.4	1459
359.6	1423
359.8	1497
360	1489
360.2	1409
360.4	1414
360.6	1571
360.8	1461
361	1234
361.2	1154
361.4	1000
361.6	999
361.8	1059
362	1168
362.2	1286
362.4	1669
362.6	2485
362.8	2766
363	1728
363.2	1480
363.4	2437
363.6	5124
363.8	8563
364	13700
364.2	8582
364.4	3526
364.6	2081
364.8	6093
365	7549
365.2	2067
365.4	1678
365.6	2344
365.8	2308
366	2606
366.2	4317
366.4	8619
366.6	3600
366.8	3271
367	3378
367.2	5446
367.4	2341
367.6	1296
367.8	979
368	1051
368.2	1047
368.4	944
368.6	866
368.8	1313
369	1899
369.2	1828
369.4	2103
369.6	1882
369.8	1457
370	1246
370.2	1398
370.4	1926
370.6	1650
370.8	1755
371	2382
371.2	2255
371.4	1959
371.6	2416
371.8	2920
372	2502
372.2	2245
372.4	1978
372.6	1739
372.8	1795
373	1754
373.2	1861
373.4	1912
373.6	2044
373.8	1941
374	1649
374.2	1583
374.4	2023
374.6	2325
374.8	2692
375	3618
375.2	3504
375.4	3477
375.6	4062
375.8	4291
376	5671
376.2	6014
376.4	6167
376.6	8581
376.8	9951
377	10074
377.2	7560
377.4	13354
377.6	21800
377.8	9798
378	4728
378.2	3292
378.4	2931
378.6	2667
378.8	2775
379	2709
379.2	2424
379.4	2346
379.6	2202
379.8	2094
380	3730
380.2	5872
380.4	15159
380.6	6437
380.8	15770
381	36867
381.2	19462
381.4	7814
381.6	26981
381.8	23581
382	14502
382.2	6126
382.4	9569
382.6	10127
382.8	7275
383	2859
383.2	2201
383.4	1734
383.6	1523
383.8	1431
384	1724
384.2	1785
384.4	1341
384.6	1689
384.8	1455
385	746
385.2	675
385.4	662
385.6	596
385.8	597
386	1048
386.2	1332
386.4	911
386.6	746
386.8	1239
387	1473
387.2	725
387.4	548
387.6	737
387.8	1079
388	819
388.2	557
388.4	1299
388.6	832
388.8	306
389	297
389.2	325
389.4	303
389.6	289
389.8	389
390	1248
390.2	768
390.4	246
390.6	200
390.8	127
391	132
391.2	163
391.4	126
391.6	148
391.8	164
392	110
392.2	126
392.4	108
392.6	98
392.8	93
393	140
393.2	145
393.4	178
393.6	137
393.8	145
394	129
394.2	139
394.4	155
394.6	142
394.8	166
395	185
395.2	155
395.4	101
395.6	120
395.8	164
396	158
396.2	137
396.4	78
396.6	99
396.8	109
397	107
397.2	140
397.4	72
397.6	118
397.8	179
398	170
398.2	164
398.4	155
398.6	174
398.8	149
399	154
399.2	176
399.4	199
399.6	112
399.8	131
400	155
400.2	171
400.4	135
400.6	161
400.8	150
401	162
401.2	236
401.4	168
401.6	233
401.8	208
402	215
402.2	239
402.4	235
402.6	235
402.8	174
403	319
403.2	341
403.4	461
403.6	952
403.8	1784
404	6032
404.2	1280
404.4	546
404.6	503
404.8	769
405	1616
405.2	707
405.4	498
405.6	425
405.8	400
406	373
406.2	408
406.4	625
406.6	893
406.8	2897
407	3851
407.2	6971
407.4	4211
407.6	718
407.8	1474
408	1378
408.2	1639
408.4	2542
408.6	548
408.8	397
409	351
409.2	398
409.4	585
409.6	2559
409.8	915
410	969
410.2	403
410.4	682
410.6	1818
410.8	1045
411	787
411.2	419
411.4	266
411.6	151
411.8	140
412	203
412.2	224
412.4	211
412.6	156
412.8	221
413	325
413.2	443
413.4	374
413.6	320
413.8	274
414	312
414.2	335
414.4	204
414.6	200
414.8	116
415	134
415.2	149
415.4	110
415.6	92
415.8	104
416	96
416.2	115
416.4	297
416.6	523
416.8	429
417	197
417.2	136
417.4	51
417.6	26
417.8	70
418	80
418.2	78
418.4	81
418.6	148
418.8	59
419	138
419.2	194
419.4	263
419.6	146
419.8	89
420	97
420.2	88
420.4	82
420.6	78
420.8	25
421	122
421.2	93
421.4	75
421.6	50
421.8	104
422	53
422.2	91
422.4	11
422.6	2
422.8	51
423	58
423.2	77
423.4	20
423.6	101
423.8	46
424	63
424.2	98
424.4	2
424.6	65
424.8	111
425	84
425.2	43
425.4	39
425.6	14
425.8	95
426	29
426.2	25
426.4	58
426.6	35
426.8	77
427	66
427.2	64
427.4	35
427.6	33
427.8	93
428	1
428.2	62
428.4	109
428.6	93
428.8	112
429	57
429.2	60
429.4	49
429.6	54
429.8	98
430	78
430.2	90
430.4	118
430.6	84
430.8	78
431	46
431.2	37
431.4	49
431.6	71
431.8	50
432	49
432.2	70
432.4	50
432.6	78
432.8	51
433	72
433.2	72
433.4	82
433.6	99
433.8	71
434	58
434.2	68
434.4	73
434.6	124
434.8	111
435	97
435.2	96
435.4	115
435.6	115
435.8	120
436	91
436.2	133
436.4	124
436.6	106
436.8	148
437	107
437.2	151
437.4	156
437.6	95
437.8	150
438	119
438.2	138
438.4	133
438.6	127
438.8	151
439	165
439.2	142
439.4	164
439.6	228
439.8	280
440	262
440.2	322
440.4	392
440.6	530
440.8	745
441	1116
441.2	1784
441.4	3054
441.6	3024
441.8	2311
442	1694
442.2	1310
442.4	1147
442.6	1408
442.8	1977
443	2233
443.2	1421
443.4	855
443.6	551
443.8	508
444	449
444.2	539
444.4	701
444.6	609
444.8	391
445	311
445.2	290
445.4	254
445.6	204
445.8	128
446	163
446.2	201
446.4	190
446.6	215
446.8	202
447	203
447.2	203
447.4	194
447.6	225
447.8	230
448	309
448.2	351
448.4	397
448.6	513
448.8	960
449	1513
449.2	3775
449.4	3517
449.6	1137
449.8	1250
450	1690
450.2	4339
450.4	3444
450.6	3290
450.8	1823
451	1214
451.2	1408
451.4	5240
451.6	2325
451.8	3993
452	1246
452.2	586
452.4	418
452.6	306
452.8	269
453	221
453.2	231
453.4	287
453.6	253
453.8	226
454	208
454.2	254
454.4	282
454.6	205
454.8	173
455	123
455.2	162
455.4	140
455.6	136
455.8	141
456	136
456.2	162
456.4	158
456.6	154
456.8	129
457	148
457.2	303
457.4	481
457.6	486
457.8	371
458	353
458.2	690
458.4	1422
458.6	1589
458.8	1308
459	694
459.2	448
459.4	296
459.6	423
459.8	362
460	238
460.2	220
460.4	271
460.6	649
460.8	647
461	263
461.2	158
461.4	131
461.6	156
461.8	143
462	111
462.2	98
462.4	101
462.6	80
462.8	76
463	75
463.2	70
463.4	69
463.6	76
463.8	58
464	79
464.2	38
464.4	57
464.6	55
464.8	81
465	77
465.2	59
465.4	62
465.6	94
465.8	74
466	58
466.2	70
466.4	57
466.6	76
466.8	76
467	61
467.2	84
467.4	73
467.6	108
467.8	86
468	70
468.2	87
468.4	73
468.6	115
468.8	136
469	102
469.2	107
469.4	98
469.6	64
469.8	129
470	84
470.2	93
470.4	126
470.6	104
470.8	81
471	86
471.2	107
471.4	105
471.6	136
471.8	109
472	86
472.2	151
472.4	140
472.6	136
472.8	88
473	123
473.2	128
473.4	108
473.6	126
473.8	118
474	123
474.2	139
474.4	126
474.6	129
474.8	141
475	137
475.2	139
475.4	177
475.6	184
475.8	189
476	185
476.2	222
476.4	211
476.6	237
476.8	290
477	254
477.2	222
477.4	271
477.6	232
477.8	244
478	259
478.2	298
478.4	338
478.6	271
478.8	336
479	325
479.2	344
479.4	287
479.6	299
479.8	279
480	327
480.2	293
480.4	301
480.6	343
480.8	325
481	330
481.2	374
481.4	372
481.6	407
481.8	403
482	364
482.2	418
482.4	411
482.6	439
482.8	527
483	675
483.2	1283
483.4	1931
483.6	3499
483.8	7951
484	1822
484.2	1272
484.4	1811
484.6	3515
484.8	3336
485	8504
485.2	2900
485.4	1344
485.6	1102
485.8	1704
486	2480
486.2	1741
486.4	2787
486.6	3757
486.8	17536
487	3205
487.2	1290
487.4	1265
487.6	2859
487.8	4029
488	9943
488.2	23109
488.4	4813
488.6	2410
488.8	2021
489	5593
489.2	5271
489.4	5159
489.6	3547
489.8	1135
490	882
490.2	751
490.4	632
490.6	503
490.8	453
491	453
491.2	428
491.4	392
491.6	372
491.8	347
492	366
492.2	373
492.4	408
492.6	501
492.8	685
493	1455
493.2	1688
493.4	1430
493.6	996
493.8	678
494	727
494.2	1190
494.4	2077
494.6	1748
494.8	1443
495	785
495.2	571
495.4	504
495.6	678
495.8	1030
496	1501
496.2	3251
496.4	2213
496.6	1704
496.8	1360
497	1959
497.2	2226
497.4	1128
497.6	926
497.8	1113
498	1397
498.2	930
498.4	587
498.6	488
498.8	655
499	1051
499.2	642
499.4	456
499.6	456
499.8	434
500	692
500.2	1155
500.4	1945
500.6	1013
500.8	470
501	312
501.2	278
501.4	271
501.6	267
501.8	233
502	183
502.2	229
502.4	260
502.6	251
502.8	320
503	309
503.2	294
503.4	326
503.6	354
503.8	371
504	392
504.2	395
504.4	379
504.6	393
504.8	463
505	415
505.2	496
505.4	515
505.6	541
505.8	596
506	620
506.2	634
506.4	655
506.6	690
506.8	732
507	719
507.2	701
507.4	800
507.6	856
507.8	870
508	916
508.2	928
508.4	922
508.6	918
508.8	884
509	852
509.2	887
509.4	887
509.6	823
509.8	854
510	854
510.2	882
510.4	894
510.6	871
510.8	796
511	778
511.2	787
511.4	836
511.6	864
511.8	911
512	957
512.2	912
512.4	903
512.6	924
512.8	950
513	992
513.2	1063
513.4	1301
513.6	1334
513.8	1417
514	1620
514.2	1855
514.4	2220
514.6	2427
514.8	2227
515	2021
515.2	1844
515.4	1764
515.6	1677
515.8	1705
516	1765
516.2	1809
516.4	2503
516.6	5213
516.8	4111
517	7834
517.2	8300
517.4	2539
517.6	3806
517.8	2119
518	4035
518.2	4157
518.4	6011
518.6	16447
518.8	10617
519	5683
519.2	8742
519.4	2958
519.6	2194
519.8	2268
520	2105
520.2	1647
520.4	1475
520.6	1422
520.8	1457
521	1522
521.2	1497
521.4	1459
521.6	1388
521.8	1406
522	1646
522.2	3201
522.4	4673
522.6	2269
522.8	5035
523	3069
523.2	4186
523.4	6869
523.6	5334
523.8	24156
524	18971
524.2	11412
524.4	36432
524.6	9340
524.8	10149
525	15291
525.2	5657
525.4	16607
525.6	6651
525.8	3713
526	4908
526.2	3028
526.4	2241
526.6	1921
526.8	1659
527	1411
527.2	1273
527.4	1232
527.6	1716
527.8	1788
528	1525
528.2	1512
528.4	1434
528.6	1308
528.8	1177
529	920
529.2	752
529.4	702
529.6	663
529.8	680
530	643
530.2	561
530.4	584
530.6	714
530.8	843
531	737
531.2	696
531.4	826
531.6	743
531.8	725
532	972
532.2	830
532.4	699
532.6	669
532.8	695
533	587
533.2	519
533.4	572
533.6	600
533.8	743
534	714
534.2	636
534.4	618
534.6	911
534.8	1381
535	1123
535.2	1170
535.4	968
535.6	805
535.8	745
536	520
536.2	454
536.4	445
536.6	445
536.8	469
537	494
537.2	398
537.4	410
537.6	438
537.8	531
538	768
538.2	1082
538.4	808
538.6	611
538.8	487
539	577
539.2	727
539.4	771
539.6	905
539.8	1253
540	1062
540.2	584
540.4	501
540.6	477
540.8	509
541	678
541.2	1010
541.4	1445
541.6	2005
541.8	4317
542	12409
542.2	3020
542.4	1638
542.6	2362
542.8	647
543	551
543.2	714
543.4	805
543.6	1434
543.8	3909
544	4004
544.2	1292
544.4	549
544.6	294
544.8	232
545	239
545.2	302
545.4	334
545.6	501
545.8	384
546	886
546.2	1575
546.4	401
546.6	381
546.8	383
547	370
547.2	370
547.4	339
547.6	275
547.8	247
548	225
548.2	246
548.4	274
548.6	249
548.8	288
549	206
549.2	266
549.4	255
549.6	207
549.8	251
550	203
550.2	185
550.4	202
550.6	136
550.8	191
551	192
551.2	183
551.4	209
551.6	179
551.8	196
552	196
552.2	187
552.4	155
552.6	190
552.8	138
553	175
553.2	205
553.4	273
553.6	273
553.8	345
554	610
554.2	1502
554.4	1608
554.6	1320
554.8	1012
555	462
555.2	320
555.4	242
555.6	261
555.8	254
556	308
556.2	476
556.4	689
556.6	908
556.8	927
557	510
557.2	324
557.4	265
557.6	302
557.8	422
558	257
558.2	213
558.4	129
558.6	122
558.8	162
559	197
559.2	176
559.4	131
559.6	119
559.8	115
560	153
560.2	141
560.4	160
560.6	184
560.8	228
561	461
561.2	903
561.4	383
561.6	186
561.8	135
562	129
562.2	192
562.4	134
562.6	130
562.8	140
563	92
563.2	113
563.4	72
563.6	137
563.8	91
564	115
564.2	110
564.4	125
564.6	109
564.8	114
565	105
565.2	138
565.4	129
565.6	60
565.8	88
566	77
566.2	170
566.4	96
566.6	157
566.8	81
567	68
567.2	86
567.4	151
567.6	103
567.8	106
568	47
568.2	116
568.4	133
568.6	110
568.8	92
569	113
569.2	134
569.4	105
569.6	52
569.8	122
570	67
570.2	60
570.4	141
570.6	109
570.8	105
571	103
571.2	95
571.4	111
571.6	95
571.8	114
572	138
572.2	129
572.4	97
572.6	104
572.8	102
573	135
573.2	140
573.4	124
573.6	141
573.8	157
574	119
574.2	158
574.4	106
574.6	60
574.8	102
575	157
575.2	116
575.4	71
575.6	161
575.8	95
576	125
576.2	105
576.4	116
576.6	101
576.8	127
577	148
577.2	93
577.4	125
577.6	147
577.8	64
578	138
578.2	125
578.4	130
578.6	102
578.8	135
579	57
579.2	152
579.4	136
579.6	61
579.8	128
580	80
580.2	101
580.4	108
580.6	106
580.8	139
581	114
581.2	151
581.4	163
581.6	115
581.8	141
582	153
582.2	112
582.4	71
582.6	108
582.8	122
583	91
583.2	66
583.4	105
583.6	182
583.8	108
584	132
584.2	93
584.4	155
584.6	170
584.8	133
585	127
585.2	146
585.4	139
585.6	139
585.8	138
586	129
586.2	129
586.4	118
586.6	109
586.8	112
587	151
587.2	159
587.4	125
587.6	120
587.8	141
588	114
588.2	147
588.4	122
588.6	115
588.8	123
589	119
589.2	167
589.4	80
589.6	134
589.8	83
590	146
590.2	112
590.4	163
590.6	117
590.8	94
591	116
591.2	167
591.4	142
591.6	119
591.8	106
592	104
592.2	203
592.4	201
592.6	144
592.8	128
593	124
593.2	136
593.4	95
593.6	116
593.8	82
594	112
594.2	138
594.4	141
594.6	189
594.8	155
595	133
595.2	172
595.4	127
595.6	115
595.8	146
596	125
596.2	96
596.4	126
596.6	150
596.8	125
597	171
597.2	128
597.4	137
597.6	122
597.8	76
598	81
598.2	148
598.4	121
598.6	98
598.8	159
599	111
599.2	159
599.4	153
599.6	146
599.8	119
600	122
600.2	66
600.4	71
600.6	92
600.8	150
601	131
601.2	67
601.4	86
601.6	111
601.8	132
602	126
602.2	103
602.4	151
602.6	62
602.8	46
603	53
603.2	131
603.4	95
603.6	93
603.8	86
604	77
604.2	91
604.4	80
604.6	78
604.8	85
605	92
605.2	103
605.4	65
605.6	88
605.8	83
606	125
606.2	68
606.4	82
606.6	91
606.8	71
607	66
607.2	108
607.4	110
607.6	78
607.8	67
608	69
608.2	102
608.4	97
608.6	121
608.8	52
609	59
609.2	66
609.4	78
609.6	62
609.8	62
610	69
610.2	81
610.4	102
610.6	79
610.8	102
611	68
611.2	80
611.4	73
611.6	66
611.8	94
612	83
612.2	120
612.4	157
612.6	134
612.8	83
613	91
613.2	114
613.4	66
613.6	107
613.8	101
614	94
614.2	87
614.4	129
614.6	67
614.8	58
615	100
615.2	148
615.4	109
615.6	116
615.8	105
616	126
616.2	103
616.4	94
616.6	110
616.8	127
617	145
617.2	129
617.4	65
617.6	116
617.8	137
618	100
618.2	156
618.4	144
618.6	151
618.8	156
619	140
619.2	143
619.4	182
619.6	118
619.8	150
620	114
620.2	68
620.4	107
620.6	128
620.8	105
621	156
621.2	225
621.4	90
621.6	108
621.8	138
622	120
622.2	111
622.4	148
622.6	142
622.8	123
623	98
623.2	110
623.4	182
623.6	161
623.8	193
624	154
624.2	157
624.4	146
624.6	190
624.8	162
625	158
625.2	197
625.4	183
625.6	140
625.8	195
626	198
626.2	157
626.4	191
626.6	189
626.8	208
627	164
627.2	137
627.4	144
627.6	211
627.8	179
628	177
628.2	189
628.4	219
628.6	210
628.8	189
629	176
629.2	213
629.4	250
629.6	208
629.8	195
630	225
630.2	237
630.4	207
630.6	281
630.8	237
631	221
631.2	235
631.4	258
631.6	289
631.8	300
632	312
632.2	264
632.4	266
632.6	273
632.8	304
633	292
633.2	315
633.4	311
633.6	245
633.8	362
634	330
634.2	326
634.4	337
634.6	374
634.8	356
635	393
635.2	375
635.4	384
635.6	421
635.8	334
636	380
636.2	388
636.4	413
636.6	439
636.8	423
637	490
637.2	467
637.4	437
637.6	444
637.8	454
638	509
638.2	491
638.4	486
638.6	523
638.8	487
639	542
639.2	556
639.4	566
639.6	598
639.8	635
640	603
640.2	606
640.4	633
640.6	696
640.8	728
641	738
641.2	717
641.4	717
641.6	747
641.8	789
642	706
642.2	801
642.4	852
642.6	850
642.8	928
643	995
643.2	1000
643.4	1067
643.6	1157
643.8	1325
644	1512
644.2	1777
644.4	2564
644.6	4448
644.8	4616
645	3477
645.2	5034
645.4	12188
645.6	8594
645.8	4104
646	3289
646.2	3989
646.4	6861
646.6	10448
646.8	6914
647	7246
647.2	15008
647.4	26910
647.6	11736
647.8	11246
648	6945
648.2	3307
648.4	2089
648.6	1606
648.8	1473
649	1535
649.2	1367
649.4	1570
649.6	2827
649.8	3505
650	2029
650.2	1674
650.4	1709
650.6	1834
650.8	2172
651	3181
651.2	6974
651.4	8917
651.6	4478
651.8	4794
652	12754
652.2	21559
652.4	6413
652.6	2648
652.8	1903
653	2034
653.2	3738
653.4	3269
653.6	2735
653.8	7798
654	13253
654.2	11262
654.4	11335
654.6	4607
654.8	3097
655	8405
655.2	14320
655.4	3072
655.6	2928
655.8	6227
656	2629
656.2	3154
656.4	10168
656.6	9221
656.8	4994
657	2749
657.2	1407
657.4	1739
657.6	3328
657.8	1403
658	887
658.2	692
658.4	593
658.6	556
658.8	550
659	453
659.2	488
659.4	442
659.6	399
659.8	364
660	376
660.2	392
660.4	369
660.6	321
660.8	400
661	356
661.2	384
661.4	373
661.6	403
661.8	477
662	511
662.2	560
662.4	611
662.6	751
662.8	758
663	793
663.2	681
663.4	660
663.6	667
663.8	969
664	1540
664.2	2010
664.4	1637
664.6	1370
664.8	1267
665	926
665.2	669
665.4	478
665.6	423
665.8	404
666	363
666.2	276
666.4	357
666.6	322
666.8	373
667	408
667.2	348
667.4	383
667.6	330
667.8	312
668	268
668.2	328
668.4	271
668.6	343
668.8	350
669	403
669.2	435
669.4	530
669.6	694
669.8	765
670	699
670.2	563
670.4	561
670.6	674
670.8	953
671	1565
671.2	2468
671.4	2270
671.6	2130
671.8	2360
672	2077
672.2	2008
672.4	2027
672.6	1433
672.8	1325
673	1236
673.2	844
673.4	600
673.6	458
673.8	474
674	569
674.2	569
674.4	564
674.6	357
674.8	346
675	284
675.2	307
675.4	312
675.6	324
675.8	361
676	520
676.2	688
676.4	606
676.6	458
676.8	394
677	447
677.2	526
677.4	786
677.6	793
677.8	607
678	736
678.2	1118
678.4	1409
678.6	872
678.8	711
679	732
679.2	1175
679.4	2075
679.6	1847
679.8	986
680	554
680.2	365
680.4	377
680.6	289
680.8	375
681	398
681.2	338
681.4	265
681.6	274
681.8	323
682	286
682.2	213
682.4	224
682.6	213
682.8	153
683	181
683.2	156
683.4	198
683.6	175
683.8	152
684	150
684.2	115
684.4	166
684.6	162
684.8	157
685	162
685.2	169
685.4	123
685.6	135
685.8	110
686	140
686.2	170
686.4	118
686.6	72
686.8	187
687	125
687.2	134
687.4	105
687.6	130
687.8	158
688	124
688.2	158
688.4	131
688.6	184
688.8	111
689	129
689.2	67
689.4	106
689.6	79
689.8	88
690	114
690.2	137
690.4	103
690.6	112
690.8	142
691	124
691.2	90
691.4	83
691.6	113
691.8	134
692	72
692.2	102
692.4	125
692.6	132
692.8	70
693	114
693.2	89
693.4	85
693.6	147
693.8	127
694	74
694.2	162
694.4	132
694.6	104
694.8	88
695	100
695.2	144
695.4	66
695.6	142
695.8	161
696	106
696.2	115
696.4	129
696.6	180
696.8	106
697	84
697.2	141
697.4	93
697.6	151
697.8	84
698	105
698.2	48
698.4	110
698.6	117
698.8	101
699	74
699.2	111
699.4	153
699.6	134
699.8	125
700	139
700.2	123
700.4	110
700.6	112
700.8	115
701	103
701.2	163
701.4	46
701.6	122
701.8	120
702	63
702.2	72
702.4	66
702.6	135
702.8	170
703	98
703.2	46
703.4	110
703.6	51
703.8	136
704	90
704.2	139
704.4	125
704.6	148
704.8	88
705	59
705.2	146
705.4	68
705.6	98
705.8	184
706	87
706.2	157
706.4	115
706.6	148
706.8	171
707	104
707.2	93
707.4	121
707.6	109
707.8	114
708	156
708.2	122
708.4	99
708.6	99
708.8	76
709	171
709.2	118
709.4	192
709.6	93
709.8	105
710	107
710.2	91
710.4	124
710.6	151
710.8	48
711	124
711.2	115
711.4	196
711.6	164
711.8	134
712	166
712.2	164
712.4	139
712.6	103
712.8	114
713	41
713.2	142
713.4	78
713.6	106
713.8	81
714	154
714.2	109
714.4	203
714.6	153
714.8	118
715	130
715.2	188
715.4	100
715.6	114
715.8	73
716	78
716.2	110
716.4	104
716.6	127
716.8	111
717	83
717.2	109
717.4	105
717.6	146
717.8	163
718	119
718.2	96
718.4	119
718.6	161
718.8	152
719	99
719.2	106
719.4	90
719.6	132
719.8	118
720	144
720.2	50
720.4	123
720.6	101
720.8	82
721	131
721.2	106
721.4	115
721.6	118
721.8	113
722	35
722.2	107
722.4	130
722.6	176
722.8	121
723	89
723.2	85
723.4	147
723.6	101
723.8	156
724	97
724.2	85
724.4	122
724.6	173
724.8	61
725	125
725.2	130
725.4	126
725.6	126
725.8	154
726	126
726.2	69
726.4	136
726.6	187
726.8	134
727	111
727.2	123
727.4	141
727.6	123
727.8	176
728	22
728.2	151
728.4	197
728.6	76
728.8	136
729	154
729.2	134
729.4	132
729.6	173
729.8	127
730	86
730.2	160
730.4	89
730.6	114
730.8	108
731	71
731.2	62
731.4	87
731.6	67
731.8	134
732	125
732.2	146
732.4	160
732.6	157
732.8	47
733	181
733.2	179
733.4	4
733.6	1
733.8	87
734	110
734.2	134
734.4	90
734.6	132
734.8	176
735	167
735.2	141
735.4	181
735.6	172
735.8	117
736	75
736.2	69
736.4	122
736.6	161
736.8	145
737	53
737.2	116
737.4	164
737.6	153
737.8	123
738	75
738.2	172
738.4	181
738.6	163
738.8	110
739	122
739.2	69
739.4	51
739.6	53
739.8	99
740	102
740.2	127
740.4	77
740.6	185
740.8	98
741	107
741.2	96
741.4	126
741.6	228
741.8	154
742	212
742.2	104
742.4	76
742.6	137
742.8	174
743	121
743.2	126
743.4	84
743.6	142
743.8	119
744	115
744.2	60
744.4	120
744.6	171
744.8	187
745	97
745.2	153
745.4	160
745.6	118
745.8	112
746	121
746.2	68
746.4	128
746.6	92
746.8	147
747	104
747.2	171
747.4	129
747.6	14
747.8	88
748	52
748.2	123
748.4	128
748.6	142
748.8	151
749	151
749.2	136
749.4	122
749.6	104
749.8	113
750	88
750.2	5
750.4	84
750.6	118
750.8	135
751	126
751.2	186
751.4	112
751.6	64
751.8	80
752	122
752.2	131
752.4	104
752.6	212
752.8	242
753	91
753.2	123
753.4	128
753.6	86
753.8	107
754	207
754.2	168
754.4	113
754.6	147
754.8	88
755	184
755.2	134
755.4	148
755.6	88
755.8	178
756	165
756.2	229
756.4	188
756.6	52
756.8	154
757	248
757.2	124
757.4	173
757.6	106
757.8	141
758	182
758.2	125
758.4	160
758.6	165
758.8	206
759	126
759.2	248
759.4	177
759.6	182
759.8	143
760	193
760.2	159
760.4	157
760.6	139
760.8	144
761	183
761.2	227
761.4	151
761.6	130
761.8	167
762	156
762.2	278
762.4	161
762.6	244
762.8	148
763	76
763.2	49
763.4	194
763.6	162
763.8	172
764	68
764.2	197
764.4	105
764.6	128
764.8	182
765	202
765.2	157
765.4	214
765.6	224
765.8	125
766	104
766.2	252
766.4	49
766.6	100
766.8	179
767	85
767.2	177
767.4	264
767.6	156
767.8	175
768	175
768.2	251
768.4	93
768.6	148
768.8	183
769	206
769.2	241
769.4	234
769.6	200
769.8	165
770	159
770.2	184
770.4	115
770.6	173
770.8	217
771	153
771.2	127
771.4	181
771.6	151
771.8	183
772	232
772.2	160
772.4	214
772.6	287
772.8	228
773	214
773.2	154
773.4	175
773.6	321
773.8	190
774	194
774.2	229
774.4	268
774.6	225
774.8	310
775	115
775.2	186
775.4	285
775.6	226
775.8	221
776	286
776.2	238
776.4	374
776.6	169
776.8	183
777	185
777.2	227
777.4	174
777.6	296
777.8	225
778	253
778.2	221
778.4	221
778.6	210
778.8	240
779	226
779.2	167
779.4	250
779.6	273
779.8	315
780	310
780.2	423
780.4	287
780.6	244
780.8	216
781	401
781.2	320
781.4	272
781.6	351
781.8	243
782	222
782.2	121
782.4	266
782.6	154
782.8	234
783	310
783.2	350
783.4	421
783.6	613
783.8	873
784	687
784.2	530
784.4	464
784.6	498
784.8	733
785	996
785.2	743
785.4	639
785.6	580
785.8	780
786	861
786.2	1234
786.4	1644
786.6	2075
786.8	2200
787	2395
787.2	3137
787.4	5539
787.6	7441
787.8	7950
788	6364
788.2	4614
788.4	4902
788.6	4075
788.8	1994
789	1251
789.2	1101
789.4	841
789.6	622
789.8	611
790	646
790.2	681
790.4	671
790.6	448
790.8	483
791	543
791.2	456
791.4	488
791.6	355
791.8	346
792	295
792.2	397
792.4	353
792.6	291
792.8	331
793	257
793.2	421
793.4	260
793.6	274
793.8	278
794	272
794.2	279
794.4	237
794.6	318
794.8	275
795	286
795.2	351
795.4	319
795.6	280
795.8	273
796	361
796.2	614
796.4	1268
796.6	1262
796.8	620
797	304
797.2	249
797.4	275
797.6	279
797.8	289
798	284
798.2	377
798.4	513
798.6	672
798.8	617
799	1008
799.2	962
799.4	1455
799.6	3162
799.8	1060
800	657
800.2	544
800.4	385
800.6	222
800.8	222
801	317
801.2	260
801.4	255
801.6	306
801.8	186
802	428
802.2	511
802.4	258
802.6	314
802.8	415
803	802
803.2	1592
803.4	1017
803.6	531
803.8	382
804	271
804.2	248
804.4	306
804.6	258
804.8	283
805	226
805.2	314
805.4	224
805.6	256
805.8	326
806	275
806.2	73
806.4	241
806.6	299
806.8	214
807	163
807.2	295
807.4	272
807.6	330
807.8	251
808	162
808.2	312
808.4	263
808.6	243
808.8	167
809	142
809.2	241
809.4	165
809.6	269
809.8	398
810	292
810.2	207
810.4	162
810.6	245
810.8	312
811	210
811.2	287
811.4	312
811.6	305
811.8	243
812	453
812.2	509
812.4	566
812.6	741
812.8	1746
813	1241
813.2	783
813.4	436
813.6	480
813.8	950
814	2495
814.2	1351
814.4	598
814.6	283
814.8	205
815	191
815.2	297
815.4	237
815.6	161
815.8	192
816	254
816.2	309
816.4	303
816.6	650
816.8	717
817	365
817.2	283
817.4	260
817.6	288
817.8	426
818	382
818.2	392
818.4	341
818.6	208
818.8	256
819	298
819.2	273
819.4	243
819.6	167
819.8	289
820	343
820.2	241
820.4	225
820.6	350
820.8	323
821	180
821.2	385
821.4	277
821.6	406
821.8	445
822	374
822.2	469
822.4	379
822.6	352
822.8	317
823	225
823.2	260
823.4	272
823.6	256
823.8	189
824	217
824.2	337
824.4	181
824.6	238
824.8	236
825	234
825.2	216
825.4	267
825.6	359
825.8	442
826	315
826.2	371
826.4	440
826.6	346
826.8	236
827	275
827.2	310
827.4	282
827.6	142
827.8	193
828	34
828.2	112
828.4	350
828.6	216
828.8	145
829	178
829.2	265
829.4	311
829.6	247
829.8	220
830	360
830.2	255
830.4	1
830.6	1
830.8	1
831	1
831.2	1
831.4	1
831.6	1
831.8	1
832	1
832.2	1
832.4	1
832.6	1
832.8	1
833	1
833.2	1
833.4	1
833.6	1
833.8	1
834	1
834.2	1
834.4	1
834.6	1
834.8	1
835	1
835.2	150
835.4	155
835.6	144
835.8	151
836	148
836.2	144
836.4	151
836.6	135
836.8	142
837	144
837.2	133
837.4	144
837.6	151
837.8	135
838	147
838.2	142
838.4	142
838.6	149
838.8	138
839	140
839.2	149
839.4	135
839.6	147
839.8	138
840	138
840.2	149
840.4	133
840.6	140
840.8	147
841	131
841.2	140
841.4	134
841.6	138
841.8	143
842	138
842.2	141
842.4	143
842.6	141
842.8	141
843	139
843.2	141
843.4	141
843.6	139
843.8	146
844	148
844.2	141
844.4	143
844.6	146
844.8	139
845	146
845.2	144
845.4	137
845.6	151
845.8	137
846	148
846.2	146
846.4	142
846.6	151
846.8	142
847	140
847.2	149
847.4	142
847.6	144
847.8	142
848	142
848.2	142
848.4	144
848.6	138
848.8	147
849	135
849.2	140
849.4	142
849.6	133
849.8	147
850	140
850.2	133
850.4	145
850.6	140
850.8	134
851	143
851.2	131
851.4	131
851.6	131
851.8	136
852	131
852.2	125
852.4	129
852.6	132
852.8	120
853	132
853.2	125
853.4	120
853.6	132
853.8	125
854	116
854.2	123
854.4	114
854.6	116
854.8	118
855	111
855.2	116
855.4	116
855.6	112
855.8	119
856	103
856.2	109
856.4	110
856.6	96
856.8	110
857	112
857.2	96
857.4	98
857.6	91
857.8	96
858	98
858.2	94
858.4	96
858.6	96
858.8	82
859	94
859.2	87
859.4	85
859.6	90
859.8	76
860	85
860.2	90
860.4	78
860.6	78
860.8	78
861	74
861.2	81
861.4	74
861.6	76
861.8	79
862	69
862.2	69
862.4	69
862.6	58
862.8	70
863	56
863.2	63
863.4	65
863.6	61
863.8	65
864	54
864.2	58
864.4	65
864.6	56
864.8	52
865	59
865.2	47
865.4	49
865.6	56
865.8	47
866	57
866.2	52
866.4	45
866.6	47
866.8	52
867	43
867.2	48
867.4	41
867.6	48
867.8	45
868	41
868.2	41
868.4	41
868.6	41
868.8	48
869	34
869.2	43
869.4	44
869.6	32
869.8	46
870	41
870.2	41
870.4	37
870.6	37
870.8	39
871	42
871.2	35
871.4	39
871.6	39
871.8	39
872	42
872.2	28
872.4	40
872.6	37
872.8	26
873	40
873.2	37
873.4	33
873.6	44
873.8	35
874	35
874.2	42
874.4	35
874.6	38
874.8	31
875	31
875.2	33
875.4	36
875.6	31
875.8	33
876	27
876.2	40
876.4	45
876.6	27
876.8	34
877	31
877.2	27
877.4	34
877.6	36
877.8	32
878	36
878.2	29
878.4	32
878.6	34
878.8	27
879	37
879.2	25
879.4	32
879.6	34
879.8	30
880	30
880.2	32
880.4	18
880.6	30
880.8	25
881	23
881.2	28
881.4	21
881.6	37
881.8	28
882	28
882.2	30
882.4	26
882.6	24
882.8	35
883	19
883.2	24
883.4	24
883.6	21
883.8	26
884	24
884.2	24
884.4	31
884.6	19
884.8	24
885	22
885.2	17
885.4	29
885.6	22
885.8	24
886	34
886.2	27
886.4	20
886.6	29
886.8	18
887	22
887.2	25
887.4	25
887.6	29
887.8	20
888	18
888.2	27
888.4	16
888.6	23
888.8	25
889	16
889.2	25
889.4	21
889.6	21
889.8	25
890	18
890.2	23
890.4	25
890.6	18
890.8	19
891	19
891.2	19
891.4	26
891.6	19
891.8	21
892	26
892.2	19
892.4	24
892.6	24
892.8	7
893	19
893.2	21
893.4	17
893.6	24
893.8	22
894	22
894.2	26
894.4	19
894.6	29
894.8	22
895	17
895.2	24
895.4	22
895.6	22
895.8	31
896	17
896.2	24
896.4	22
896.6	18
896.8	22
897	20
897.2	22
897.4	27
897.6	20
897.8	27
898	27
898.2	25
898.4	23
898.6	18
898.8	18
899	27
899.2	23
899.4	23
899.6	27
899.8	21
900	30
900.2	28
900.4	21
900.6	23
900.8	21
901	23
901.2	26
901.4	23
901.6	30
901.8	26
902	26
902.2	33
902.4	23
902.6	19
902.8	28
903	21
903.2	26
903.4	31
903.6	21
903.8	28
904	31
904.2	28
904.4	26
904.6	24
904.8	29
905	33
905.2	22
905.4	36
905.6	36
905.8	29
906	34
906.2	22
906.4	34
906.6	31
906.8	29
907	29
907.2	29
907.4	27
907.6	32
907.8	32
908	29
908.2	36
908.4	25
908.6	34
908.8	34
909	25
909.2	34
909.4	32
909.6	34
909.8	37
910	30
910.2	28
910.4	32
910.6	25
910.8	37
911	35
911.2	30
911.4	42
911.6	26
911.8	28
912	35
912.2	21
912.4	28
912.6	30
912.8	26
913	35
913.2	33
913.4	28
913.6	35
913.8	35
914	33
914.2	33
914.4	26
914.6	31
914.8	24
915	29
915.2	36
915.4	26
915.6	26
915.8	38
916	20
916.2	27
916.4	24
916.6	20
916.8	31
917	24
917.2	31
917.4	34
917.6	29
917.8	27
918	29
918.2	29
918.4	36
918.6	27
918.8	27
919	34
919.2	25
919.4	32
919.6	34
919.8	25
920	32
920.2	27
920.4	32
920.6	34
920.8	30
921	37
921.2	35
921.4	30
921.6	39
921.8	37
922	30
922.2	37
922.4	28
922.6	33
922.8	40
923	35
923.2	42
923.4	35
923.6	35
923.8	40
924	33
924.2	31
924.4	40
924.6	31
924.8	45
925	40
925.2	36
925.4	45
925.6	36
925.8	38
926	45
926.2	40
926.4	43
926.6	45
926.8	38
927	50
927.2	43
927.4	41
927.6	50
927.8	41
928	48
928.2	57
928.4	45
928.6	52
928.8	55
929	48
929.2	57
929.4	59
929.6	62
929.8	60
930	55
930.2	64
930.4	62
930.6	60
930.8	69
931	64
931.2	64
931.4	71
931.6	55
931.8	65
932	69
932.2	67
932.4	72
932.6	72
932.8	74
933	76
933.2	70
933.4	76
933.6	83
933.8	67
934	79
934.2	81
934.4	72
934.6	81
934.8	79
935	81
935.2	86
935.4	75
935.6	84
935.8	84
936	82
936.2	89
936.4	84
936.6	91
936.8	93
937	82
937.2	93
937.4	93
937.6	89
937.8	103
938	91
938.2	91
938.4	98
938.6	89
938.8	98
939	94
939.2	96
939.4	99
939.6	92
939.8	92
940	94
940.2	92
940.4	96
940.6	96
940.8	94
941	108
941.2	101
941.4	94
941.6	101
941.8	94
942	90
942.2	101
942.4	95
942.6	97
942.8	97
943	99
943.2	102
943.4	92
943.6	99
943.8	104
944	93
944.2	102
944.4	102
944.6	93
944.8	104
945	100
945.2	100
945.4	104
945.6	98
945.8	100
946	100
946.2	95
946.4	98
946.6	98
946.8	100
947	105
947.2	93
947.4	98
947.6	112
947.8	96
948	100
948.2	103
948.4	96
948.6	105
948.8	107
949	108
949.2	110
949.4	101
949.6	108
949.8	108
950	96
950.2	112
950.4	103
950.6	108
950.8	110
951	106
951.2	113
951.4	108
951.6	103
951.8	115
952	117
952.2	111
952.4	117
952.6	111
952.8	122
953	129
953.2	125
953.4	132
953.6	127
953.8	125
954	143
954.2	134
954.4	136
954.6	143
954.8	141
955	146
955.2	153
955.4	150
955.6	160
955.8	153
956	160
956.2	171
956.4	162
956.6	174
956.8	171
957	169
957.2	188
957.4	185
957.6	183
957.8	188
958	176
958.2	188
958.4	190
958.6	181
958.8	190
959	193
959.2	190
959.4	200
959.6	186
959.8	195
960	197
960.2	197
960.4	204
960.6	211
960.8	214
961	225
961.2	228
961.4	232
961.6	260
961.8	265
962	292
962.2	299
962.4	329
962.6	359
962.8	382
963	426
963.2	477
963.4	541
963.6	661
963.8	774
964	914
964.2	1089
964.4	1274
964.6	1451
964.8	1665
965	1877
965.2	2151
965.4	2423
965.6	2745
965.8	3079
966	3411
966.2	3701
966.4	3968
966.6	4136
966.8	4274
967	4337
967.2	4341
967.4	4351
967.6	4346
967.8	4337
968	4291
968.2	4173
968.4	3985
968.6	3773
968.8	3540
969	3377
969.2	3262
969.4	3181
969.6	3211
969.8	3276
970	3375
970.2	3499
970.4	3591
970.6	3700
970.8	3794
971	3898
971.2	4080
971.4	4255
971.6	4444
971.8	4568
972	4616
972.2	4598
972.4	4483
972.6	4276
972.8	4048
973	3806
973.2	3548
973.4	3316
973.6	3060
973.8	2791
974	2498
974.2	2218
974.4	1955
974.6	1736
974.8	1536
975	1403
975.2	1304
975.4	1237
975.6	1191
975.8	1154
976	1150
976.2	1163
976.4	1182
976.6	1239
976.8	1295
977	1355
977.2	1412
977.4	1438
977.6	1479
977.8	1530
978	1567
978.2	1601
978.4	1627
978.6	1650
978.8	1668
979	1671
979.2	1673
979.4	1684
979.6	1680
979.8	1703
980	1712
980.2	1696
980.4	1687
980.6	1652
980.8	1604
981	1567
981.2	1514
981.4	1466
981.6	1386
981.8	1296
982	1206
982.2	1116
982.4	1024
982.6	958
982.8	877
983	831
983.2	792
983.4	748
983.6	723
983.8	695
984	672
984.2	670
984.4	663
984.6	675
984.8	689
985	696
985.2	712
985.4	716
985.6	716
985.8	714
986	693
986.2	698
986.4	714
986.6	712
986.8	737
987	733
987.2	712
987.4	694
987.6	662
987.8	639
988	611
988.2	588
988.4	570
988.6	544
988.8	487
989	445
989.2	392
989.4	346
989.6	321
989.8	289
990	259
990.2	236
990.4	202
990.6	190
990.8	160
991	137
991.2	130
991.4	117
991.6	110
991.8	110
992	96
992.2	101
992.4	89
992.6	87
992.8	99
993	85
993.2	73
993.4	80
993.6	64
993.8	71
994	73
994.2	67
994.4	71
994.6	62
994.8	67
995	69
995.2	62
995.4	69
995.6	69
995.8	58
996	69
996.2	72
996.4	65
996.6	74
996.8	67
997	63
997.2	72
997.4	63
997.6	65
997.8	67
998	58
998.2	67
998.4	61
998.6	61
998.8	68
999	56
999.2	58
999.4	58
999.6	49
999.8	63
1000	61
1000.2	54
1000.4	66
1000.6	63
1000.8	56
1001	63
1001.2	61
1001.4	64
1001.6	64
1001.8	59
1002	68
1002.2	64
1002.4	68
1002.6	73
1002.8	73
1003	82
1003.2	87
1003.4	85
1003.6	105
1003.8	115
1004	124
1004.2	142
1004.4	154
1004.6	172
1004.8	198
1005	207
1005.2	237
1005.4	237
1005.6	256
1005.8	274
1006	265
1006.2	272
1006.4	272
1006.6	251
1006.8	256
1007	237
1007.2	217
1007.4	212
1007.6	191
1007.8	182
1008	180
1008.2	164
1008.4	169
1008.6	162
1008.8	159
1009	180
1009.2	187
1009.4	203
1009.6	233
1009.8	240
1010	275
1010.2	309
1010.4	323
1010.6	360
1010.8	386
1011	409
1011.2	436
1011.4	448
1011.6	457
1011.8	455
1012	443
1012.2	441
1012.4	423
1012.6	397
1012.8	379
1013	340
1013.2	312
1013.4	287
1013.6	241
1013.8	227
1014	197
1014.2	174
1014.4	163
1014.6	140
1014.8	128
1015	133
1015.2	122
1015.4	129
1015.6	138
1015.8	131
1016	145
1016.2	145
1016.4	150
1016.6	168
1016.8	163
1017	170
1017.2	166
1017.4	161
1017.6	161
1017.8	159
1018	157
1018.2	157
1018.4	145
1018.6	150
1018.8	157
1019	143
1019.2	157
1019.4	157
1019.6	159
1019.8	180
1020	194
1020.2	201
1020.4	213
1020.6	215
1020.8	229
1021	238
1021.2	243
1021.4	252
1021.6	252
1021.8	257
1022	257
1022.2	236
1022.4	227
1022.6	220
1022.8	195
1023	188
1023.2	169
1023.4	149
1023.6	135
1023.8	110
1024	110
1024.2	105
1024.4	84
1024.6	89
1024.8	78
1025	78
1025.2	87
1025.4	73
1025.6	87
1025.8	94
1026	89
1026.2	106
1026.4	108
1026.6	108
1026.8	122
1027	110
1027.2	115
1027.4	122
1027.6	108
1027.8	110
1028	97
1028.2	88
1028.4	92
1028.6	81
1028.8	67
1029	65
1029.2	53
1029.4	58
1029.6	51
1029.8	46
1030	56
1030.2	47
1030.4	49
1030.6	53
1030.8	42
1031	49
1031.2	49
1031.4	38
1031.6	54
1031.8	56
1032	45
1032.2	49
1032.4	45
1032.6	52
1032.8	56
1033	54
1033.2	61
1033.4	63
1033.6	68
1033.8	84
1034	82
1034.2	91
1034.4	100
1034.6	91
1034.8	110
1035	105
1035.2	98
1035.4	96
1035.6	84
1035.8	80
1036	85
1036.2	68
1036.4	64
1036.6	55
1036.8	48
1037	55
1037.2	46
1037.4	46
1037.6	55
1037.8	43
1038	48
1038.2	55
1038.4	44
1038.6	51
1038.8	46
1039	44
1039.2	46
1039.4	35
1039.6	35
1039.8	35
1040	26
1040.2	35
1040.4	32
1040.6	23
1040.8	30
1041	23
1041.2	21
1041.4	30
1041.6	17
1041.8	26
1042	19
1042.2	19
1042.4	24
1042.6	19
1042.8	21
1043	19
1043.2	10
1043.4	24
1043.6	24
1043.8	12
1044	24
1044.2	17
1044.4	17
1044.6	24
1044.8	10
1045	15
1045.2	20
1045.4	10
1045.6	20
1045.8	17
1046	13
1046.2	18
1046.4	15
1046.6	15
1046.8	25
1047	13
1047.2	20
1047.4	16
1047.6	11
1047.8	25
1048	20
1048.2	16
1048.4	23
1048.6	11
1048.8	20
1049	16
1049.2	18
1049.4	21
1049.6	14
1049.8	18
1050	23
1050.2	16
1050.4	21
1050.6	18
1050.8	16
1051	25
1051.2	21
1051.4	19
1051.6	23
1051.8	16
1052	21
1052.2	23
1052.4	23
1052.6	26
1052.8	24
1053	14
1053.2	28
1053.4	19
1053.6	24
1053.8	28
1054	21
1054.2	26
1054.4	22
1054.6	19
1054.8	26
1055	17
1055.2	19
1055.4	26
1055.6	22
1055.8	24
1056	26
1056.2	24
1056.4	31
1056.6	31
1056.8	17
1057	27
1057.2	18
1057.4	24
1057.6	29
1057.8	22
1058	29
1058.2	22
1058.4	18
1058.6	29
1058.8	22
1059	22
1059.2	25
1059.4	20
1059.6	30
1059.8	25
1060	23
1060.2	30
1060.4	18
1060.6	18
1060.8	27
1061	21
1061.2	21
1061.4	23
1061.6	23
1061.8	28
1062	23
1062.2	23
1062.4	28
1062.6	19
1062.8	23
1063	33
1063.2	21
1063.4	28
1063.6	26
1063.8	19
1064	28
1064.2	24
1064.4	28
1064.6	24
1064.8	19
1065	28
1065.2	26
1065.4	22
1065.6	24
1065.8	19
1066	24
1066.2	29
1066.4	17
1066.6	24
1066.8	19
1067	17
1067.2	22
1067.4	22
1067.6	17
1067.8	24
1068	17
1068.2	20
1068.4	24
1068.6	20
1068.8	22
1069	11
1069.2	15
1069.4	27
1069.6	11
1069.8	15
1070	22
1070.2	13
1070.4	18
1070.6	16
1070.8	16
1071	16
1071.2	13
1071.4	16
1071.6	23
1071.8	18
1072	23
1072.2	16
1072.4	11
1072.6	25
1072.8	11
1073	16
1073.2	18
1073.4	12
1073.6	14
1073.8	21
1074	14
1074.2	19
1074.4	19
1074.6	12
1074.8	17
1075	12
1075.2	14
1075.4	17
1075.6	10
1075.8	21
1076	17
1076.2	14
1076.4	19
1076.6	5
1076.8	8
1077	17
1077.2	10
1077.4	15
1077.6	8
1077.8	8
1078	17
1078.2	13
1078.4	10
1078.6	13
1078.8	6
1079	17
1079.2	15
1079.4	13
1079.6	17
1079.8	11
1080	13
1080.2	20
1080.4	8
1080.6	13
1080.8	9
1081	11
1081.2	16
1081.4	11
1081.6	9
1081.8	18
1082	9
1082.2	9
1082.4	18
1082.6	9
1082.8	16
1083	7
1083.2	7
1083.4	18
1083.6	11
1083.8	18
1084	21
1084.2	14
1084.4	16
1084.6	12
1084.8	12
1085	19
1085.2	9
1085.4	16
1085.6	19
1085.8	10
1086	19
1086.2	14
1086.4	10
1086.6	12
1086.8	12
1087	10
1087.2	19
1087.4	12
1087.6	26
1087.8	19
1088	15
1088.2	24
1088.4	12
1088.6	8
1088.8	17
1089	15
1089.2	19
1089.4	22
1089.6	13
1089.8	22
1090	20
1090.2	13
1090.4	20
1090.6	10
1090.8	20
1091	24
1091.2	20
1091.4	20
1091.6	20
1091.8	15
1092	22
1092.2	15
1092.4	18
1092.6	25
1092.8	9
1093	22
1093.2	23
1093.4	18
1093.6	23
1093.8	16
1094	23
1094.2	30
1094.4	16
1094.6	27
1094.8	21
1095	14
1095.2	28
1095.4	25
1095.6	21
1095.8	25
1096	18
1096.2	23
1096.4	25
1096.6	19
1096.8	26
1097	21
1097.2	19
1097.4	28
1097.6	14
1097.8	23
1098	23
1098.2	12
1098.4	24
1098.6	21
1098.8	21
1099	28
1099.2	19
1099.4	24
1099.6	28
1099.8	22
1100	26
1100.2	22
1100.4	17
1100.6	31
1100.8	26
1101	24
1101.2	33
1101.4	20
1101.6	24
1101.8	27
1102	17
1102.2	24
1102.4	17
1102.6	22
1102.8	27
1103	20
1103.2	25
1103.4	25
1103.6	20
1103.8	32
1104	27
1104.2	18
1104.4	27
1104.6	16
1104.8	23
1105	32
1105.2	23
1105.4	25
1105.6	23
1105.8	18
1106	27
1106.2	18
1106.4	25
1106.6	25
1106.8	21
1107	25
1107.2	30
1107.4	18
1107.6	28
1107.8	19
1108	19
1108.2	30
1108.4	19
1108.6	23
1108.8	26
1109	16
1109.2	21
1109.4	21
1109.6	19
1109.8	28
1110	17
1110.2	19
1110.4	26
1110.6	19
1110.8	24
1111	24
1111.2	17
1111.4	28
1111.6	24
1111.8	19
1112	24
1112.2	17
1112.4	19
1112.6	20
1112.8	20
1113	22
1113.2	15
1113.4	17
1113.6	24
1113.8	13
1114	24
1114.2	20
1114.4	13
1114.6	20
1114.8	20
1115	13
1115.2	25
1115.4	18
1115.6	25
1115.8	20
1116	13
1116.2	16
1116.4	13
1116.6	13
1116.8	25
1117	16
1117.2	18
1117.4	25
1117.6	11
1117.8	21
1118	21
1118.2	9
1118.4	16
1118.6	12
1118.8	18
1119	23
1119.2	16
1119.4	19
1119.6	14
1119.8	14
1120	21
1120.2	12
1120.4	16
1120.6	19
1120.8	12
1121	19
1121.2	17
1121.4	12
1121.6	17
1121.8	14
1122	14
1122.2	21
1122.4	12
1122.6	22
1122.8	17
1123	12
1123.2	26
1123.4	22
1123.6	12
1123.8	19
1124	13
1124.2	17
1124.4	17
1124.6	15
1124.8	17
1125	15
1125.2	13
1125.4	20
1125.6	8
1125.8	13
1126	18
1126.2	13
1126.4	22
1126.6	22
1126.8	15
1127	25
1127.2	20
1127.4	18
1127.6	20
1127.8	18
1128	23
1128.2	20
1128.4	18
1128.6	23
1128.8	18
1129	18
1129.2	21
1129.4	16
1129.6	21
1129.8	21
1130	11
1130.2	23
1130.4	18
1130.6	16
1130.8	28
1131	19
1131.2	21
1131.4	21
1131.6	19
1131.8	26
1132	19
1132.2	19
1132.4	28
1132.6	17
1132.8	19
1133	30
1133.2	17
1133.4	28
1133.6	24
1133.8	17
1134	26
1134.2	22
1134.4	26
1134.6	24
1134.8	19
1135	24
1135.2	29
1135.4	19
1135.6	31
1135.8	15
1136	20
1136.2	29
1136.4	20
1136.6	22
1136.8	24
1137	20
1137.2	24
1137.4	24
1137.6	22
1137.8	27
1138	22
1138.2	27
1138.4	27
1138.6	20
1138.8	32
1139	27
1139.2	23
1139.4	34
1139.6	23
1139.8	23
1140	23
1140.2	16
1140.4	23
1140.6	25
1140.8	25
1141	23
1141.2	23
1141.4	25
1141.6	32
1141.8	21
1142	28
1142.2	30
1142.4	21
1142.6	32
1142.8	30
1143	26
1143.2	35
1143.4	19
1143.6	26
1143.8	28
1144	26
1144.2	26
1144.4	24
1144.6	26
1144.8	33
1145	21
1145.2	33
1145.4	31
1145.6	17
1145.8	28
1146	28
1146.2	22
1146.4	26
1146.6	26
1146.8	26
1147	31
1147.2	24
1147.4	31
1147.6	22
1147.8	20
1148	31
1148.2	24
1148.4	24
1148.6	34
1148.8	20
1149	24
1149.2	29
1149.4	29
1149.6	29
1149.8	25
1150	22
1150.2	27
1150.4	27
1150.6	27
1150.8	27
1151	27
1151.2	36
1151.4	25
1151.6	25
1151.8	30
1152	18
1152.2	23
1152.4	30
1152.6	23
1152.8	27
1153	28
1153.2	23
1153.4	25
1153.6	28
1153.8	28
1154	30
1154.2	21
1154.4	30
1154.6	30
1154.8	26
1155	30
1155.2	23
1155.4	23
1155.6	26
1155.8	21
1156	21
1156.2	26
1156.4	21
1156.6	26
1156.8	26
1157	24
1157.2	24
1157.4	19
1157.6	22
1157.8	24
1158	19
1158.2	26
1158.4	19
1158.6	17
1158.8	26
1159	22
1159.2	24
1159.4	24
1159.6	20
1159.8	27
1160	22
1160.2	20
1160.4	27
1160.6	18
1160.8	24
1161	29
1161.2	20
1161.4	25
1161.6	29
1161.8	22
1162	27
1162.2	25
1162.4	22
1162.6	27
1162.8	23
1163	25
1163.2	30
1163.4	23
1163.6	23
1163.8	18
1164	18
1164.2	32
1164.4	16
1164.6	21
1164.8	30
1165	18
1165.2	28
1165.4	23
1165.6	21
1165.8	28
1166	21
1166.2	26
1166.4	28
1166.6	21
1166.8	26
1167	23
1167.2	19
1167.4	33
1167.6	21
1167.8	26
1168	30
1168.2	24
1168.4	28
1168.6	28
1168.8	24
1169	24
1169.2	24
1169.4	19
1169.6	28
1169.8	26
1170	29
1170.2	29
1170.4	22
1170.6	26
1170.8	29
1171	24
1171.2	31
1171.4	20
1171.6	22
1171.8	27
1172	22
1172.2	27
1172.4	29
1172.6	24
1172.8	38
1173	25
1173.2	25
1173.4	29
1173.6	22
1173.8	29
1174	29
1174.2	25
1174.4	34
1174.6	27
1174.8	27
1175	32
1175.2	32
1175.4	27
1175.6	30
1175.8	27
1176	32
1176.2	32
1176.4	28
1176.6	34
1176.8	30
1177	37
1177.2	37
1177.4	30
1177.6	42
1177.8	37
1178	35
1178.2	39
1178.4	33
1178.6	33
1178.8	37
1179	37
1179.2	40
1179.4	35
1179.6	33
1179.8	37
1180	31
1180.2	31
1180.4	38
1180.6	28
1180.8	40
1181	35
1181.2	28
1181.4	38
1181.6	38
1181.8	29
1182	38
1182.2	29
1182.4	33
1182.6	40
1182.8	31
1183	40
1183.2	29
1183.4	33
1183.6	40
1183.8	29
1184	34
1184.2	31
1184.4	27
1184.6	31
1184.8	31
1185	27
1185.2	34
1185.4	27
1185.6	29
1185.8	32
1186	29
1186.2	29
1186.4	34
1186.6	25
1186.8	34
1187	30
1187.2	25
1187.4	32
1187.6	23
1187.8	25
1188	34
1188.2	23
1188.4	30
1188.6	28
1188.8	28
1189	32
1189.2	25
1189.4	28
1189.6	30
1189.8	23
1190	32
1190.2	26
1190.4	23
1190.6	33
1190.8	23
1191	26
1191.2	30
1191.4	26
1191.6	28
1191.8	31
1192	24
1192.2	28
1192.4	26
1192.6	26
1192.8	31
1193	24
1193.2	31
1193.4	33
1193.6	24
1193.8	31
1194	31
1194.2	24
1194.4	31
1194.6	1
1194.8	6
1195	17
1195.2	4
1195.4	13
1195.6	8
1195.8	4
1196	11
1196.2	4
1196.4	1
1196.6	6
1196.8	4
1197	9
1197.2	9
1197.4	6
1197.6	9
1197.8	9
1198	1
1198.2	11
1198.4	6
1198.6	1
1198.8	7
1199	1
1199.2	7
1199.4	7
1199.6	7
1199.8	9
1200	4
1200.2	2
1200.4	11
1200.6	2
1200.8	9
1201	7
1201.2	7
1201.4	16
1201.6	16
1201.8	7
1202	16
1202.2	10
1202.4	5
1202.6	12
1202.8	7
1203	10
1203.2	7
1203.4	14
1203.6	21
1203.8	8
1204	17
1204.2	35
1204.4	25
1204.6	28
1204.8	39
1205	35
1205.2	42
1205.4	32
1205.6	28
1205.8	42
1206	33
1206.2	26
1206.4	39
1206.6	28
1206.8	35
1207	42
1207.2	33
1207.4	35
1207.6	37
1207.8	35
1208	42
1208.2	30
1208.4	37
1208.6	37
1208.8	28
1209	42
1209.2	31
1209.4	26
1209.6	35
1209.8	31
1210	24
1210.2	33
1210.4	24
1210.6	28
1210.8	26
1211	26
1211.2	31
1211.4	26
1211.6	22
1211.8	26
1212	17
1212.2	26
1212.4	29
1212.6	22
1212.8	29
1213	26
1213.2	22
1213.4	24
1213.6	22
1213.8	24
1214	24
1214.2	22
1214.4	26
1214.6	22
1214.8	24
1215	31
1215.2	20
1215.4	26
1215.6	36
1215.8	15
1216	24
1216.2	27
1216.4	20
1216.6	24
1216.8	29
1217	22
1217.2	24
1217.4	20
1217.6	22
1217.8	24
1218	22
1218.2	24
1218.4	22
1218.6	20
1218.8	31
1219	18
1219.2	25
1219.4	29
1219.6	13
1219.8	27
1220	22
1220.2	20
1220.4	27
1220.6	22
1220.8	18
1221	25
1221.2	20
1221.4	27
1221.6	22
1221.8	18
1222	22
1222.2	20
1222.4	23
1222.6	27
1222.8	18
1223	20
1223.2	20
1223.4	18
1223.6	25
1223.8	16
1224	18
1224.2	27
1224.4	18
1224.6	25
1224.8	18
1225	11
1225.2	23
1225.4	21
1225.6	14
1225.8	30
1226	11
1226.2	14
1226.4	23
1226.6	16
1226.8	23
1227	16
1227.2	18
1227.4	25
1227.6	16
1227.8	16
1228	25
1228.2	9
1228.4	18
1228.6	21
1228.8	16
1229	25
1229.2	14
1229.4	16
1229.6	23
1229.8	14
1230	19
1230.2	16
1230.4	14
1230.6	23
1230.8	14
1231	19
1231.2	23
1231.4	12
1231.6	21
1231.8	23
1232	12
1232.2	21
1232.4	19
1232.6	14
1232.8	19
1233	19
1233.2	17
1233.4	24
1233.6	14
1233.8	24
1234	19
1234.2	17
1234.4	26
1234.6	17
1234.8	19
1235	24
1235.2	15
1235.4	21
1235.6	24
1235.8	8
1236	19
1236.2	17
1236.4	19
1236.6	22
1236.8	19
1237	15
1237.2	22
1237.4	17
1237.6	24
1237.8	17
1238	15
1238.2	22
1238.4	15
1238.6	22
1238.8	26
1239	15
1239.2	22
1239.4	17
1239.6	15
1239.8	20
1240	13
1240.2	17
1240.4	27
1240.6	17
1240.8	24
1241	20
1241.2	13
1241.4	29
1241.6	17
1241.8	15
1242	24
1242.2	15
1242.4	20
1242.6	20
1242.8	15
1243	22
1243.2	20
1243.4	20
1243.6	22
1243.8	13
1244	22
1244.2	18
1244.4	13
1244.6	20
1244.8	22
1245	15
1245.2	25
1245.4	18
1245.6	15
1245.8	22
1246	16
1246.2	20
1246.4	16
1246.6	20
1246.8	22
1247	18
1247.2	23
1247.4	27
1247.6	13
1247.8	20
1248	23
1248.2	16
1248.4	23
1248.6	20
1248.8	23
1249	23
1249.2	18
1249.4	23
1249.6	20
1249.8	18
1250	25
1250.2	16
1250.4	21
1250.6	23
1250.8	11
1251	23
1251.2	28
1251.4	16
1251.6	23
1251.8	21
1252	16
1252.2	23
1252.4	21
1252.6	18
1252.8	25
1253	18
1253.2	25
1253.4	21
1253.6	19
1253.8	23
1254	19
1254.2	19
1254.4	28
1254.6	19
1254.8	23
1255	21
1255.2	16
1255.4	23
1255.6	21
1255.8	14
1256	26
1256.2	21
1256.4	23
1256.6	21
1256.8	17
1257	26
1257.2	19
1257.4	14
1257.6	26
1257.8	14
1258	19
1258.2	24
1258.4	19
1258.6	24
1258.8	26
1259	24
1259.2	24
1259.4	17
1259.6	24
1259.8	24
1260	14
1260.2	21
1260.4	24
1260.6	17
1260.8	28
1261	24
1261.2	19
1261.4	28
1261.6	19
1261.8	24
1262	22
1262.2	17
1262.4	24
1262.6	19
1262.8	19
1263	26
1263.2	15
1263.4	19
1263.6	19
1263.8	13
1264	22
1264.2	22
1264.4	17
1264.6	26
1264.8	22
1265	24
1265.2	24
1265.4	15
1265.6	24
1265.8	10
1266	13
1266.2	29
1266.4	17
1266.6	22
1266.8	24
1267	11
1267.2	22
1267.4	20
1267.6	17
1267.8	22
1268	22
1268.2	15
1268.4	22
1268.6	18
1268.8	22
1269	25
1269.2	18
1269.4	25
1269.6	15
1269.8	15
1270	27
1270.2	18
1270.4	22
1270.6	25
1270.8	18
1271	25
1271.2	18
1271.4	16
1271.6	18
1271.8	13
1272	16
1272.2	25
1272.4	16
1272.6	27
1272.8	25
1273	16
1273.2	25
1273.4	13
1273.6	20
1273.8	18
1274	16
1274.2	20
1274.4	23
1274.6	16
1274.8	25
1275	20
1275.2	18
1275.4	25
1275.6	16
1275.8	18
1276	21
1276.2	16
1276.4	25
1276.6	21
1276.8	18
1277	25
1277.2	14
1277.4	18
1277.6	16
1277.8	14
1278	23
1278.2	18
1278.4	16
1278.6	21
1278.8	12
1279	19
1279.2	23
1279.4	9
1279.6	16
1279.8	26
1280	9
1280.2	21
1280.4	16
1280.6	19
1280.8	21
1281	16
1281.2	23
1281.4	21
1281.6	14
1281.8	19
1282	12
1282.2	17
1282.4	28
1282.6	12
1282.8	19
1283	19
1283.2	10
1283.4	19
1283.6	14
1283.8	14
1284	24
1284.2	12
1284.4	24
1284.6	21
1284.8	12
1285	19
1285.2	12
1285.4	12
1285.6	24
1285.8	17
1286	19
1286.2	19
1286.4	10
1286.6	22
1286.8	19
1287	17
1287.2	19
1287.4	15
1287.6	17
1287.8	22
1288	15
1288.2	19
1288.4	19
1288.6	15
1288.8	26
1289	17
1289.2	17
1289.4	22
1289.6	15
1289.8	20
1290	24
1290.2	15
1290.4	24
1290.6	17
1290.8	15
1291	24
1291.2	15
1291.4	17
1291.6	17
1291.8	10
1292	24
1292.2	20
1292.4	13
1292.6	27
1292.8	13
1293	22
1293.2	22
1293.4	15
1293.6	24
1293.8	18
1294	13
1294.2	27
1294.4	18
1294.6	18
1294.8	22
1295	8
1295.2	25
1295.4	22
1295.6	15
1295.8	22
1296	22
1296.2	25
1296.4	25
1296.6	20
1296.8	25
1297	22
1297.2	22
1297.4	27
1297.6	20
1297.8	23
1298	27
1298.2	18
1298.4	23
1298.6	27
1298.8	16
1299	27
1299.2	16
1299.4	18
1299.6	27
1299.8	20
1300	25
1300.2	25
1300.4	20
1300.6	25
1300.8	23
1301	23
1301.2	30
1301.4	21
1301.6	18
1301.8	23
1302	16
1302.2	21
1302.4	25
1302.6	21
1302.8	28
1303	21
1303.2	25
1303.4	25
1303.6	21
1303.8	25
1304	28
1304.2	21
1304.4	28
1304.6	23
1304.8	23
1305	32
1305.2	21
1305.4	26
1305.6	28
1305.8	23
1306	30
1306.2	30
1306.4	26
1306.6	28
1306.8	16
1307	30
1307.2	35
1307.4	19
1307.6	33
1307.8	30
1308	23
1308.2	33
1308.4	30
1308.6	28
1308.8	28
1309	28
1309.2	33
1309.4	31
1309.6	28
1309.8	40
1310	28
1310.2	28
1310.4	40
1310.6	19
1310.8	35
1311	35
1311.2	26
1311.4	35
1311.6	31
1311.8	33
1312	38
1312.2	35
1312.4	33
1312.6	40
1312.8	35
1313	38
1313.2	31
1313.4	26
1313.6	38
1313.8	31
1314	36
1314.2	40
1314.4	29
1314.6	40
1314.8	43
1315	33
1315.2	36
1315.4	31
1315.6	33
1315.8	47
1316	36
1316.2	43
1316.4	38
1316.6	36
1316.8	43
1317	38
1317.2	40
1317.4	45
1317.6	29
1317.8	38
1318	45
1318.2	36
1318.4	41
1318.6	38
1318.8	43
1319	47
1319.2	41
1319.4	43
1319.6	45
1319.8	41
1320	48
1320.2	43
1320.4	41
1320.6	52
1320.8	45
1321	45
1321.2	52
1321.4	43
1321.6	48
1321.8	43
1322	41
1322.2	45
1322.4	41
1322.6	43
1322.8	55
1323	48
1323.2	48
1323.4	52
1323.6	43
1323.8	57
1324	50
1324.2	46
1324.4	62
1324.6	53
1324.8	50
1325	50
1325.2	46
1325.4	57
1325.6	50
1325.8	53
1326	55
1326.2	53
1326.4	55
1326.6	60
1326.8	53
1327	57
1327.2	53
1327.4	51
1327.6	64
1327.8	57
1328	58
1328.2	64
1328.4	53
1328.6	55
1328.8	60
1329	58
1329.2	62
1329.4	51
1329.6	53
1329.8	60
1330	53
1330.2	58
1330.4	58
1330.6	46
1330.8	55
1331	58
1331.2	49
1331.4	56
1331.6	53
1331.8	53
1332	58
1332.2	53
1332.4	53
1332.6	49
1332.8	46
1333	58
1333.2	51
1333.4	49
1333.6	58
1333.8	49
1334	53
1334.2	58
1334.4	51
1334.6	56
1334.8	54
1335	51
1335.2	56
1335.4	51
1335.6	58
1335.8	56
1336	56
1336.2	63
1336.4	56
1336.6	54
1336.8	63
1337	51
1337.2	51
1337.4	61
1337.6	49
1337.8	56
1338	61
1338.2	54
1338.4	61
1338.6	61
1338.8	61
1339	63
1339.2	59
1339.4	63
1339.6	65
1339.8	61
1340	72
1340.2	63
1340.4	59
1340.6	72
1340.8	63
1341	61
1341.2	66
1341.4	66
1341.6	68
1341.8	66
1342	63
1342.2	66
1342.4	56
1342.6	61
1342.8	63
1343	57
1343.2	66
1343.4	63
1343.6	54
1343.8	68
1344	64
1344.2	61
1344.4	66
1344.6	59
1344.8	61
1345	61
1345.2	61
1345.4	64
1345.6	59
1345.8	57
1346	66
1346.2	57
1346.4	61
1346.6	61
1346.8	52
1347	62
1347.2	62
1347.4	59
1347.6	62
1347.8	57
1348	55
1348.2	62
1348.4	55
1348.6	62
1348.8	55
1349	50
1349.2	59
1349.4	57
1349.6	59
1349.8	64
1350	53
1350.2	62
1350.4	57
1350.6	50
1350.8	60
1351	57
1351.2	55
1351.4	60
1351.6	60
1351.8	62
1352	60
1352.2	57
1352.4	57
1352.6	62
1352.8	51
1353	55
1353.2	53
1353.4	57
1353.6	69
1353.8	53
1354	62
1354.2	62
1354.4	55
1354.6	62
1354.8	65
1355	62
1355.2	67
1355.4	60
1355.6	67
1355.8	72
1356	67
1356.2	72
1356.4	67
1356.6	62
1356.8	76
1357	65
1357.2	65
1357.4	74
1357.6	58
1357.8	69
1358	67
1358.2	67
1358.4	72
1358.6	60
1358.8	69
1359	72
1359.2	58
1359.4	72
1359.6	76
1359.8	65
1360	76
1360.2	67
1360.4	67
1360.6	72
1360.8	70
1361	67
1361.2	77
1361.4	74
1361.6	81
1361.8	79
1362	77
1362.2	84
1362.4	65
1362.6	81
1362.8	79
1363	70
1363.2	79
1363.4	79
1363.6	70
1363.8	81
1364	75
1364.2	79
1364.4	79
1364.6	72
1364.8	75
1365	75
1365.2	77
1365.4	86
1365.6	72
1365.8	77
1366	79
1366.2	66
1366.4	84
1366.6	84
1366.8	75
1367	75
1367.2	77
1367.4	79
1367.6	86
1367.8	93
1368	91
1368.2	93
1368.4	91
1368.6	98
1368.8	89
1369	91
1369.2	98
1369.4	93
1369.6	96
1369.8	103
1370	87
1370.2	100
1370.4	98
1370.6	96
1370.8	103
1371	105
1371.2	105
1371.4	112
1371.6	103
1371.8	110
1372	103
1372.2	103
1372.4	112
1372.6	96
1372.8	101
1373	108
1373.2	103
1373.4	115
1373.6	115
1373.8	103
1374	112
1374.2	117
1374.4	115
1374.6	126
1374.8	112
1375	124
1375.2	122
1375.4	119
1375.6	131
1375.8	122
1376	119
1376.2	131
1376.4	124
1376.6	129
1376.8	138
1377	131
1377.2	138
1377.4	140
1377.6	136
1377.8	152
1378	140
1378.2	143
1378.4	150
1378.6	143
1378.8	154
1379	152
1379.2	143
1379.4	156
1379.6	150
1379.8	152
1380	157
1380.2	150
1380.4	159
1380.6	157
1380.8	150
1381	152
1381.2	154
1381.4	159
1381.6	166
1381.8	150
1382	157
1382.2	157
1382.4	148
1382.6	161
1382.8	157
1383	155
1383.2	159
1383.4	157
1383.6	159
1383.8	161
1384	152
1384.2	164
1384.4	155
1384.6	148
1384.8	155
1385	150
1385.2	148
1385.4	150
1385.6	152
1385.8	162
1386	162
1386.2	150
1386.4	162
1386.6	159
1386.8	157
1387	166
1387.2	159
1387.4	162
1387.6	162
1387.8	150
1388	162
1388.2	166
1388.4	173
1388.6	183
1388.8	173
1389	180
1389.2	190
1389.4	190
1389.6	194
1389.8	187
1390	180
1390.2	187
1390.4	183
1390.6	187
1390.8	190
1391	187
1391.2	197
1391.4	201
1391.6	192
1391.8	201
1392	194
1392.2	194
1392.4	197
1392.6	197
1392.8	192
1393	195
1393.2	190
1393.4	199
1393.6	197
1393.8	199
1394	202
1394.2	202
1394.4	204
1394.6	209
1394.8	195
1395	206
1395.2	202
1395.4	202
1395.6	213
1395.8	209
1396	209
1396.2	211
1396.4	204
1396.6	209
1396.8	216
1397	204
1397.2	211
1397.4	202
1397.6	204
1397.8	216
1398	200
1398.2	213
1398.4	213
1398.6	207
1398.8	216
1399	213
1399.2	207
1399.4	216
1399.6	202
1399.8	202
1400	204
1400.2	197
1400.4	211
1400.6	204
1400.8	207
1401	211
1401.2	209
1401.4	209
1401.6	221
1401.8	214
1402	223
1402.2	230
1402.4	221
1402.6	225
1402.8	225
1403	228
1403.2	235
1403.4	228
1403.6	230
1403.8	225
1404	225
1404.2	239
1404.4	219
1404.6	223
1404.8	228
1405	226
1405.2	235
1405.4	232
1405.6	226
1405.8	226
1406	230
1406.2	230
1406.4	244
1406.6	235
1406.8	237
1407	242
1407.2	237
1407.4	256
1407.6	249
1407.8	244
1408	251
1408.2	242
1408.4	242
1408.6	253
1408.8	242
1409	247
1409.2	242
1409.4	237
1409.6	240
1409.8	235
1410	228
1410.2	240
1410.4	235
1410.6	244
1410.8	249
1411	235
1411.2	240
1411.4	231
1411.6	233
1411.8	240
1412	228
1412.2	224
1412.4	231
1412.6	222
1412.8	231
1413	235
1413.2	231
1413.4	238
1413.6	229
1413.8	229
1414	231
1414.2	224
1414.4	222
1414.6	226
1414.8	217
1415	233
1415.2	229
1415.4	231
1415.6	233
1415.8	236
1416	243
1416.2	245
1416.4	233
1416.6	238
1416.8	236
1417	240
1417.2	245
1417.4	238
1417.6	250
1417.8	252
1418	238
1418.2	252
1418.4	247
1418.6	250
1418.8	250
1419	243
1419.2	243
1419.4	250
1419.6	248
1419.8	250
1420	250
1420.2	252
1420.4	257
1420.6	252
1420.8	257
1421	264
1421.2	248
1421.4	259
1421.6	262
1421.8	257
1422	266
1422.2	259
1422.4	257
1422.6	264
1422.8	259
1423	266
1423.2	266
1423.4	259
1423.6	271
1423.8	271
1424	264
1424.2	273
1424.4	266
1424.6	276
1424.8	283
1425	280
1425.2	283
1425.4	290
1425.6	283
1425.8	290
1426	285
1426.2	285
1426.4	287
1426.6	287
1426.8	294
1427	297
1427.2	294
1427.4	303
1427.6	299
1427.8	304
1428	310
1428.2	301
1428.4	310
1428.6	317
1428.8	317
1429	324
1429.2	320
1429.4	331
1429.6	331
1429.8	327
1430	336
1430.2	345
1430.4	343
1430.6	357
1430.8	354
1431	350
1431.2	366
1431.4	366
1431.6	361
1431.8	373
1432	368
1432.2	378
1432.4	382
1432.6	385
1432.8	398
1433	396
1433.2	405
1433.4	417
1433.6	415
1433.8	421
1434	428
1434.2	422
1434.4	435
1434.6	438
1434.8	435
1435	442
1435.2	435
1435.4	445
1435.6	447
1435.8	442
1436	449
1436.2	445
1436.4	447
1436.6	461
1436.8	452
1437	463
1437.2	468
1437.4	463
1437.6	477
1437.8	475
1438	477
1438.2	484
1438.4	486
1438.6	491
1438.8	505
1439	505
1439.2	519
1439.4	512
1439.6	510
1439.8	526
1440	519
1440.2	516
1440.4	526
1440.6	521
1440.8	530
1441	537
1441.2	528
1441.4	535
1441.6	528
1441.8	528
1442	540
1442.2	533
1442.4	540
1442.6	540
1442.8	533
1443	549
1443.2	542
1443.4	540
1443.6	554
1443.8	547
1444	549
1444.2	565
1444.4	563
1444.6	574
1444.8	584
1445	588
1445.2	593
1445.4	595
1445.6	602
1445.8	611
1446	602
1446.2	616
1446.4	628
1446.6	618
1446.8	639
1447	634
1447.2	646
1447.4	664
1447.6	664
1447.8	678
1448	688
1448.2	699
1448.4	722
1448.6	731
1448.8	747
1449	771
1449.2	784
1449.4	814
1449.6	837
1449.8	851
1450	874
1450.2	902
1450.4	932
1450.6	969
1450.8	996
1451	1033
1451.2	1070
1451.4	1100
1451.6	1141
1451.8	1181
1452	1220
1452.2	1277
1452.4	1317
1452.6	1379
1452.8	1446
1453	1496
1453.2	1558
1453.4	1623
1453.6	1683
1453.8	1775
1454	1832
1454.2	1915
1454.4	1996
1454.6	2074
1454.8	2176
1455	2286
1455.2	2392
1455.4	2526
1455.6	2655
1455.8	2825
1456	3032
1456.2	3269
1456.4	3532
1456.6	3866
1456.8	4232
1457	4699
1457.2	5208
1457.4	5858
1457.6	6560
1457.8	7398
1458	8285
1458.2	9289
1458.4	10194
1458.6	11151
1458.8	11856
1459	12443
1459.2	12724
1459.4	12623
1459.6	12312
1459.8	11739
1460	11048
1460.2	10320
1460.4	9646
1460.6	9054
1460.8	8587
1461	8246
1461.2	8094
1461.4	8098
1461.6	8246
1461.8	8591
1462	9015
1462.2	9561
1462.4	10178
1462.6	10767
1462.8	11189
1463	11467
1463.2	11421
1463.4	11078
1463.6	10542
1463.8	9849
1464	9068
1464.2	8129
1464.4	7279
1464.6	6473
1464.8	5764
1465	5126
1465.2	4599
1465.4	4111
1465.6	3749
1465.8	3418
1466	3164
1466.2	2953
1466.4	2780
1466.6	2642
1466.8	2547
1467	2471
1467.2	2435
1467.4	2423
1467.6	2432
1467.8	2492
1468	2538
1468.2	2651
1468.4	2798
1468.6	2962
1468.8	3185
1469	3459
1469.2	3768
1469.4	4180
1469.6	4657
1469.8	5239
1470	5923
1470.2	6695
1470.4	7586
1470.6	8640
1470.8	9748
1471	10984
1471.2	12060
1471.4	13022
1471.6	13851
1471.8	14252
1472	14365
1472.2	14125
1472.4	13635
1472.6	12951
1472.8	12281
1473	11551
1473.2	10987
1473.4	10506
1473.6	10218
1473.8	10080
1474	10103
1474.2	10315
1474.4	10635
1474.6	11107
1474.8	11669
1475	12343
1475.2	13009
1475.4	13757
1475.6	14317
1475.8	14763
1476	14950
1476.2	14809
1476.4	14388
1476.6	13617
1476.8	12670
1477	11577
1477.2	10520
1477.4	9525
1477.6	8618
1477.8	7835
1478	7259
1478.2	6850
1478.4	6654
1478.6	6677
1478.8	6933
1479	7441
1479.2	8234
1479.4	9122
1479.6	10119
1479.8	11328
1480	12457
1480.2	13355
1480.4	13746
1480.6	13702
1480.8	13122
1481	12051
1481.2	10866
1481.4	9537
1481.6	8335
1481.8	7230
1482	6318
1482.2	5563
1482.4	5038
1482.6	4658
1482.8	4483
1483	4455
1483.2	4559
1483.4	4821
1483.6	5148
1483.8	5535
1484	5927
1484.2	6242
1484.4	6470
1484.6	6521
1484.8	6394
1485	6109
1485.2	5680
1485.4	5146
1485.6	4617
1485.8	4053
1486	3562
1486.2	3136
1486.4	2782
1486.6	2508
1486.8	2303
1487	2178
1487.2	2155
1487.4	2199
1487.6	2310
1487.8	2508
1488	2766
1488.2	3127
1488.4	3440
1488.6	3756
1488.8	4057
1489	4313
1489.2	4458
1489.4	4460
1489.6	4306
1489.8	4060
1490	3756
1490.2	3424
1490.4	3150
1490.6	2893
1490.8	2724
1491	2674
1491.2	2736
1491.4	2934
1491.6	3250
1491.8	3652
1492	4129
1492.2	4682
1492.4	5251
1492.6	5746
1492.8	6070
1493	6287
1493.2	6321
1493.4	6128
1493.6	5810
1493.8	5347
1494	4813
1494.2	4256
1494.4	3752
1494.6	3289
1494.8	2925
1495	2628
1495.2	2430
1495.4	2315
1495.6	2280
1495.8	2347
1496	2444
1496.2	2596
1496.4	2773
1496.6	2925
1496.8	3066
1497	3183
1497.2	3215
1497.4	3192
1497.6	3093
1497.8	2921
1498	2739
1498.2	2488
1498.4	2258
1498.6	2002
1498.8	1788
1499	1595
1499.2	1440
1499.4	1309
1499.6	1219
1499.8	1125
1500	1070
1500.2	1024
1500.4	978
1500.6	948
1500.8	918
1501	893
1501.2	886
1501.4	863
1501.6	856
1501.8	847
1502	835
1502.2	828
1502.4	821
1502.6	801
1502.8	798
1503	778
1503.2	768
1503.4	761
1503.6	741
1503.8	725
1504	718
1504.2	692
1504.4	681
1504.6	663
1504.8	642
1505	633
1505.2	612
1505.4	605
1505.6	596
1505.8	573
1506	568
1506.2	559
1506.4	543
1506.6	543
1506.8	527
1507	520
1507.2	515
1507.4	497
1507.6	502
1507.8	490
1508	486
1508.2	490
1508.4	479
1508.6	481
1508.8	486
1509	479
1509.2	488
1509.4	495
1509.6	493
1509.8	506
1510	513
1510.2	520
1510.4	523
1510.6	530
1510.8	543
1511	555
1511.2	557
1511.4	576
1511.6	580
1511.8	594
1512	617
1512.2	622
1512.4	643
1512.6	666
1512.8	677
1513	700
1513.2	721
1513.4	742
1513.6	776
1513.8	799
1514	829
1514.2	868
1514.4	896
1514.6	935
1514.8	960
1515	1000
1515.2	1041
1515.4	1071
1515.6	1108
1515.8	1156
1516	1195
1516.2	1239
1516.4	1283
1516.6	1331
1516.8	1398
1517	1467
1517.2	1559
1517.4	1691
1517.6	1836
1517.8	2036
1518	2296
1518.2	2639
1518.4	3081
1518.6	3565
1518.8	4134
1519	4795
1519.2	5453
1519.4	6167
1519.6	6812
1519.8	7408
1520	7876
1520.2	8166
1520.4	8262
1520.6	8200
1520.8	7970
1521	7645
1521.2	7282
1521.4	6830
1521.6	6351
1521.8	5787
1522	5235
1522.2	4691
1522.4	4173
1522.6	3738
1522.8	3367
1523	3040
1523.2	2806
1523.4	2614
1523.6	2502
1523.8	2446
1524	2403
1524.2	2384
1524.4	2350
1524.6	2267
1524.8	2200
1525	2097
1525.2	1986
1525.4	1892
1525.6	1772
1525.8	1661
1526	1549
1526.2	1420
1526.4	1309
1526.6	1199
1526.8	1090
1527	1015
1527.2	925
1527.4	858
1527.6	817
1527.8	773
1528	761
1528.2	754
1528.4	754
1528.6	766
1528.8	777
1529	796
1529.2	826
1529.4	856
1529.6	886
1529.8	927
1530	966
1530.2	1040
1530.4	1114
1530.6	1206
1530.8	1335
1531	1480
1531.2	1683
1531.4	1977
1531.6	2337
1531.8	2859
1532	3481
1532.2	4280
1532.4	5167
1532.6	6184
1532.8	7253
1533	8406
1533.2	9406
1533.4	10389
1533.6	11066
1533.8	11476
1534	11600
1534.2	11370
1534.4	11013
1534.6	10594
1534.8	10120
1535	9652
1535.2	9173
1535.4	8648
1535.6	8296
1535.8	8089
1536	8098
1536.2	8338
1536.4	8708
1536.6	9376
1536.8	10143
1537	11165
1537.2	12171
1537.4	13424
1537.6	14195
1537.8	14679
1538	14543
1538.2	13958
1538.4	13146
1538.6	12015
1538.8	10891
1539	9567
1539.2	8395
1539.4	7193
1539.6	6192
1539.8	5255
1540	4506
1540.2	3760
1540.4	3201
1540.6	2694
1540.8	2303
1541	1992
1541.2	1766
1541.4	1596
1541.6	1472
1541.8	1375
1542	1301
1542.2	1237
1542.4	1179
1542.6	1145
1542.8	1099
1543	1069
1543.2	1048
1543.4	1009
1543.6	993
1543.8	979
1544	954
1544.2	947
1544.4	935
1544.6	922
1544.8	929
1545	931
1545.2	956
1545.4	986
1545.6	1018
1545.8	1088
1546	1124
1546.2	1170
1546.4	1233
1546.6	1258
1546.8	1286
1547	1293
1547.2	1274
1547.4	1242
1547.6	1184
1547.8	1122
1548	1072
1548.2	1012
1548.4	970
1548.6	952
1548.8	936
1549	977
1549.2	1042
1549.4	1148
1549.6	1293
1549.8	1452
1550	1629
1550.2	1822
1550.4	1977
1550.6	2149
1550.8	2260
1551	2324
1551.2	2334
1551.4	2274
1551.6	2184
1551.8	2051
1552	1882
1552.2	1712
1552.4	1560
1552.6	1394
1552.8	1270
1553	1157
1553.2	1056
1553.4	996
1553.6	948
1553.8	904
1554	879
1554.2	842
1554.4	826
1554.6	803
1554.8	780
1555	766
1555.2	743
1555.4	722
1555.6	713
1555.8	685
1556	674
1556.2	656
1556.4	635
1556.6	619
1556.8	598
1557	584
1557.2	580
1557.4	559
1557.6	547
1557.8	531
1558	513
1558.2	508
1558.4	495
1558.6	485
1558.8	476
1559	458
1559.2	453
1559.4	451
1559.6	432
1559.8	430
1560	423
1560.2	414
1560.4	414
1560.6	398
1560.8	393
1561	391
1561.2	382
1561.4	384
1561.6	377
1561.8	368
1562	366
1562.2	354
1562.4	354
1562.6	354
1562.8	341
1563	345
1563.2	341
1563.4	336
1563.6	341
1563.8	334
1564	336
1564.2	338
1564.4	329
1564.6	341
1564.8	348
1565	345
1565.2	359
1565.4	362
1565.6	366
1565.8	380
1566	387
1566.2	392
1566.4	408
1566.6	408
1566.8	431
1567	438
1567.2	458
1567.4	484
1567.6	493
1567.8	528
1568	562
1568.2	588
1568.4	634
1568.6	684
1568.8	726
1569	788
1569.2	850
1569.4	924
1569.6	984
1569.8	1046
1570	1113
1570.2	1179
1570.4	1219
1570.6	1255
1570.8	1265
1571	1285
1571.2	1290
1571.4	1272
1571.6	1265
1571.8	1246
1572	1226
1572.2	1216
1572.4	1212
1572.6	1203
1572.8	1217
1573	1228
1573.2	1260
1573.4	1304
1573.6	1339
1573.8	1392
1574	1426
1574.2	1479
1574.4	1539
1574.6	1574
1574.8	1620
1575	1670
1575.2	1693
1575.4	1728
1575.6	1739
1575.8	1751
1576	1758
1576.2	1751
1576.4	1753
1576.6	1746
1576.8	1740
1577	1746
1577.2	1746
1577.4	1740
1577.6	1758
1577.8	1744
1578	1733
1578.2	1733
1578.4	1701
1578.6	1675
1578.8	1650
1579	1592
1579.2	1537
1579.4	1463
1579.6	1394
1579.8	1314
1580	1217
1580.2	1143
1580.4	1063
1580.6	978
1580.8	920
1581	847
1581.2	789
1581.4	743
1581.6	688
1581.8	644
1582	614
1582.2	575
1582.4	554
1582.6	527
1582.8	508
1583	499
1583.2	478
1583.4	467
1583.6	460
1583.8	439
1584	446
1584.2	435
1584.4	428
1584.6	432
1584.8	425
1585	428
1585.2	437
1585.4	435
1585.6	449
1585.8	451
1586	462
1586.2	485
1586.4	499
1586.6	515
1586.8	548
1587	559
1587.2	591
1587.4	626
1587.6	647
1587.8	686
1588	716
1588.2	746
1588.4	783
1588.6	801
1588.8	833
1589	845
1589.2	847
1589.4	856
1589.6	840
1589.8	820
1590	804
1590.2	764
1590.4	735
1590.6	700
1590.8	652
1591	615
1591.2	576
1591.4	530
1591.6	493
1591.8	454
1592	421
1592.2	396
1592.4	357
1592.6	350
1592.8	329
1593	304
1593.2	300
1593.4	283
1593.6	270
1593.8	260
1594	251
1594.2	242
1594.4	233
1594.6	228
1594.8	231
1595	224
1595.2	224
1595.4	221
1595.6	210
1595.8	215
1596	219
1596.2	208
1596.4	222
1596.6	215
1596.8	222
1597	231
1597.2	233
1597.4	235
1597.6	240
1597.8	233
1598	249
1598.2	247
1598.4	242
1598.6	252
1598.8	238
1599	240
1599.2	245
1599.4	231
1599.6	226
1599.8	224
1600	220
1600.2	224
1600.4	217
1600.6	217
1600.8	220
1601	215
1601.2	222
1601.4	220
1601.6	217
1601.8	236
1602	224
1602.2	227
1602.4	245
1602.6	236
1602.8	245
1603	245
1603.2	245
1603.4	254
1603.6	250
1603.8	250
1604	248
1604.2	236
1604.4	236
1604.6	231
1604.8	218
1605	225
1605.2	209
1605.4	197
1605.6	199
1605.8	190
1606	183
1606.2	179
1606.4	165
1606.6	169
1606.8	167
1607	158
1607.2	170
1607.4	163
1607.6	167
1607.8	172
1608	163
1608.2	174
1608.4	174
1608.6	170
1608.8	179
1609	181
1609.2	179
1609.4	184
1609.6	186
1609.8	184
1610	188
1610.2	179
1610.4	188
1610.6	174
1610.8	177
1611	188
1611.2	174
1611.4	179
1611.6	177
1611.8	172
1612	179
1612.2	181
1612.4	172
1612.6	186
1612.8	184
1613	193
1613.2	195
1613.4	188
1613.6	200
1613.8	195
1614	200
1614.2	214
1614.4	207
1614.6	221
1614.8	228
1615	221
1615.2	237
1615.4	237
1615.6	235
1615.8	246
1616	242
1616.2	253
1616.4	265
1616.6	267
1616.8	283
1617	292
1617.2	297
1617.4	320
1617.6	327
1617.8	348
1618	375
1618.2	392
1618.4	426
1618.6	468
1618.8	504
1619	553
1619.2	599
1619.4	647
1619.6	709
1619.8	781
1620	836
1620.2	910
1620.4	967
1620.6	1048
1620.8	1117
1621	1193
1621.2	1269
1621.4	1322
1621.6	1380
1621.8	1426
1622	1442
1622.2	1460
1622.4	1460
1622.6	1437
1622.8	1424
1623	1377
1623.2	1343
1623.4	1299
1623.6	1253
1623.8	1221
1624	1191
1624.2	1147
1624.4	1131
1624.6	1090
1624.8	1062
1625	1037
1625.2	1005
1625.4	966
1625.6	933
1625.8	880
1626	850
1626.2	800
1626.4	756
1626.6	712
1626.8	662
1627	623
1627.2	583
1627.4	533
1627.6	507
1627.8	475
1628	429
1628.2	413
1628.4	392
1628.6	369
1628.8	351
1629	333
1629.2	319
1629.4	307
1629.6	298
1629.8	289
1630	284
1630.2	275
1630.4	284
1630.6	268
1630.8	268
1631	266
1631.2	259
1631.4	266
1631.6	264
1631.8	257
1632	259
1632.2	255
1632.4	259
1632.6	262
1632.8	262
1633	271
1633.2	266
1633.4	275
1633.6	298
1633.8	296
1634	308
1634.2	319
1634.4	319
1634.6	335
1634.8	352
1635	349
1635.2	365
1635.4	363
1635.6	368
1635.8	375
1636	377
1636.2	389
1636.4	389
1636.6	393
1636.8	414
1637	419
1637.2	430
1637.4	453
1637.6	460
1637.8	476
1638	490
1638.2	492
1638.4	497
1638.6	499
1638.8	495
1639	495
1639.2	476
1639.4	467
1639.6	449
1639.8	423
1640	410
1640.2	387
1640.4	364
1640.6	347
1640.8	320
1641	308
1641.2	299
1641.4	272
1641.6	260
1641.8	251
1642	235
1642.2	235
1642.4	219
1642.6	212
1642.8	214
1643	196
1643.2	200
1643.4	191
1643.6	180
1643.8	191
1644	184
1644.2	184
1644.4	193
1644.6	198
1644.8	200
1645	207
1645.2	210
1645.4	221
1645.6	224
1645.8	228
1646	242
1646.2	244
1646.4	263
1646.6	281
1646.8	284
1647	313
1647.2	334
1647.4	346
1647.6	378
1647.8	406
1648	440
1648.2	484
1648.4	521
1648.6	567
1648.8	608
1649	643
1649.2	680
1649.4	705
1649.6	730
1649.8	767
1650	767
1650.2	779
1650.4	783
1650.6	767
1650.8	760
1651	742
1651.2	714
1651.4	687
1651.6	650
1651.8	620
1652	590
1652.2	549
1652.4	514
1652.6	475
1652.8	443
1653	420
1653.2	376
1653.4	346
1653.6	323
1653.8	291
1654	275
1654.2	257
1654.4	234
1654.6	224
1654.8	204
1655	194
1655.2	188
1655.4	174
1655.6	169
1655.8	158
1656	158
1656.2	167
1656.4	165
1656.6	158
1656.8	165
1657	155
1657.2	160
1657.4	165
1657.6	160
1657.8	167
1658	167
1658.2	169
1658.4	186
1658.6	183
1658.8	188
1659	202
1659.2	199
1659.4	222
1659.6	236
1659.8	248
1660	273
1660.2	294
1660.4	317
1660.6	349
1660.8	363
1661	391
1661.2	407
1661.4	428
1661.6	448
1661.8	458
1662	469
1662.2	485
1662.4	471
1662.6	481
1662.8	478
1663	465
1663.2	465
1663.4	451
1663.6	439
1663.8	435
1664	423
1664.2	409
1664.4	405
1664.6	389
1664.8	384
1665	363
1665.2	345
1665.4	336
1665.6	310
1665.8	297
1666	287
1666.2	262
1666.4	251
1666.6	230
1666.8	207
1667	195
1667.2	179
1667.4	166
1667.6	156
1667.8	140
1668	140
1668.2	129
1668.4	120
1668.6	117
1668.8	101
1669	97
1669.2	99
1669.4	94
1669.6	94
1669.8	90
1670	83
1670.2	88
1670.4	81
1670.6	81
1670.8	78
1671	65
1671.2	74
1671.4	74
1671.6	69
1671.8	78
1672	72
1672.2	72
1672.4	79
1672.6	79
1672.8	74
1673	76
1673.2	69
1673.4	81
1673.6	81
1673.8	79
1674	83
1674.2	86
1674.4	88
1674.6	106
1674.8	113
1675	113
1675.2	120
1675.4	127
1675.6	129
1675.8	141
1676	146
1676.2	148
1676.4	169
1676.6	171
1676.8	180
1677	194
1677.2	187
1677.4	203
1677.6	206
1677.8	196
1678	201
1678.2	190
1678.4	185
1678.6	185
1678.8	173
1679	162
1679.2	160
1679.4	141
1679.6	146
1679.8	125
1680	123
1680.2	116
1680.4	105
1680.6	109
1680.8	105
1681	93
1681.2	95
1681.4	91
1681.6	86
1681.8	89
1682	77
1682.2	77
1682.4	77
1682.6	63
1682.8	75
1683	70
1683.2	66
1683.4	70
1683.6	66
1683.8	68
1684	70
1684.2	68
1684.4	70
1684.6	66
1684.8	68
1685	70
1685.2	70
1685.4	66
1685.6	73
1685.8	59
1686	70
1686.2	61
1686.4	59
1686.6	68
1686.8	66
1687	61
1687.2	64
1687.4	57
1687.6	66
1687.8	64
1688	59
1688.2	73
1688.4	64
1688.6	64
1688.8	78
1689	62
1689.2	68
1689.4	71
1689.6	64
1689.8	69
1690	66
1690.2	62
1690.4	69
1690.6	69
1690.8	66
1691	69
1691.2	64
1691.4	71
1691.6	66
1691.8	64
1692	71
1692.2	62
1692.4	71
1692.6	76
1692.8	69
1693	73
1693.2	73
1693.4	67
1693.6	69
1693.8	62
1694	67
1694.2	64
1694.4	57
1694.6	67
1694.8	67
1695	60
1695.2	64
1695.4	57
1695.6	60
1695.8	62
1696	55
1696.2	62
1696.4	62
1696.6	58
1696.8	65
1697	60
1697.2	60
1697.4	67
1697.6	55
1697.8	60
1698	62
1698.2	51
1698.4	60
1698.6	58
1698.8	51
1699	58
1699.2	58
1699.4	51
1699.6	53
1699.8	51
1700	56
1700.2	53
1700.4	56
1700.6	63
1700.8	56
1701	56
1701.2	60
1701.4	53
1701.6	60
1701.8	58
1702	47
1702.2	58
1702.4	56
1702.6	54
1702.8	56
1703	54
1703.2	60
1703.4	56
1703.6	56
1703.8	58
1704	51
1704.2	56
1704.4	65
1704.6	61
1704.8	65
1705	74
1705.2	61
1705.4	74
1705.6	65
1705.8	58
1706	68
1706.2	63
1706.4	68
1706.6	70
1706.8	63
1707	65
1707.2	65
1707.4	54
1707.6	65
1707.8	56
1708	56
1708.2	54
1708.4	49
1708.6	59
1708.8	61
1709	54
1709.2	59
1709.4	54
1709.6	54
1709.8	56
1710	50
1710.2	54
1710.4	47
1710.6	45
1710.8	54
1711	50
1711.2	43
1711.4	47
1711.6	43
1711.8	38
1712	47
1712.2	43
1712.4	50
1712.6	45
1712.8	45
1713	57
1713.2	45
1713.4	50
1713.6	50
1713.8	38
1714	50
1714.2	52
1714.4	41
1714.6	45
1714.8	45
1715	45
1715.2	48
1715.4	41
1715.6	43
1715.8	45
1716	41
1716.2	45
1716.4	32
1716.6	39
1716.8	43
1717	39
1717.2	50
1717.4	53
1717.6	43
1717.8	48
1718	43
1718.2	41
1718.4	46
1718.6	41
1718.8	41
1719	43
1719.2	39
1719.4	43
1719.6	39
1719.8	34
1720	44
1720.2	32
1720.4	39
1720.6	44
1720.8	37
1721	46
1721.2	44
1721.4	41
1721.6	51
1721.8	48
1722	44
1722.2	46
1722.4	39
1722.6	44
1722.8	46
1723	39
1723.2	39
1723.4	39
1723.6	35
1723.8	42
1724	32
1724.2	35
1724.4	42
1724.6	35
1724.8	39
1725	42
1725.2	42
1725.4	44
1725.6	44
1725.8	44
1726	51
1726.2	39
1726.4	46
1726.6	44
1726.8	37
1727	46
1727.2	40
1727.4	37
1727.6	40
1727.8	30
1728	35
1728.2	35
1728.4	33
1728.6	35
1728.8	30
1729	35
1729.2	47
1729.4	37
1729.6	42
1729.8	40
1730	33
1730.2	47
1730.4	44
1730.6	33
1730.8	44
1731	35
1731.2	35
1731.4	38
1731.6	31
1731.8	31
1732	33
1732.2	24
1732.4	35
1732.6	26
1732.8	29
1733	31
1733.2	26
1733.4	38
1733.6	38
1733.8	33
1734	40
1734.2	36
1734.4	33
1734.6	40
1734.8	33
1735	36
1735.2	36
1735.4	24
1735.6	36
1735.8	26
1736	27
1736.2	36
1736.4	27
1736.6	24
1736.8	31
1737	22
1737.2	29
1737.4	34
1737.6	29
1737.8	40
1738	36
1738.2	36
1738.4	43
1738.6	36
1738.8	41
1739	43
1739.2	31
1739.4	41
1739.6	27
1739.8	27
1740	34
1740.2	25
1740.4	29
1740.6	32
1740.8	25
1741	34
1741.2	29
1741.4	29
1741.6	32
1741.8	29
1742	39
1742.2	41
1742.4	34
1742.6	46
1742.8	39
1743	34
1743.2	39
1743.4	32
1743.6	34
1743.8	34
1744	27
1744.2	34
1744.4	34
1744.6	32
1744.8	39
1745	30
1745.2	41
1745.4	39
1745.6	30
1745.8	43
1746	37
1746.2	37
1746.4	46
1746.6	41
1746.8	46
1747	46
1747.2	41
1747.4	41
1747.6	37
1747.8	37
1748	41
1748.2	34
1748.4	34
1748.6	41
1748.8	30
1749	37
1749.2	32
1749.4	25
1749.6	37
1749.8	32
1750	30
1750.2	35
1750.4	28
1750.6	39
1750.8	42
1751	35
1751.2	42
1751.4	35
1751.6	32
1751.8	42
1752	37
1752.2	33
1752.4	33
1752.6	26
1752.8	35
1753	30
1753.2	28
1753.4	30
1753.6	26
1753.8	33
1754	35
1754.2	30
1754.4	35
1754.6	35
1754.8	33
1755	44
1755.2	35
1755.4	35
1755.6	35
1755.8	28
1756	35
1756.2	35
1756.4	33
1756.6	38
1756.8	31
1757	33
1757.2	35
1757.4	24
1757.6	31
1757.8	26
1758	26
1758.2	38
1758.4	40
1758.6	35
1758.8	33
1759	31
1759.2	35
1759.4	35
1759.6	31
1759.8	38
1760	33
1760.2	33
1760.4	45
1760.6	33
1760.8	38
1761	36
1761.2	26
1761.4	29
1761.6	31
1761.8	29
1762	38
1762.2	33
1762.4	36
1762.6	38
1762.8	33
1763	38
1763.2	36
1763.4	31
1763.6	38
1763.8	36
1764	43
1764.2	45
1764.4	34
1764.6	43
1764.8	43
1765	36
1765.2	43
1765.4	38
1765.6	36
1765.8	38
1766	36
1766.2	38
1766.4	36
1766.6	27
1766.8	41
1767	36
1767.2	34
1767.4	41
1767.6	32
1767.8	34
1768	45
1768.2	36
1768.4	45
1768.6	39
1768.8	43
1769	46
1769.2	39
1769.4	43
1769.6	46
1769.8	36
1770	43
1770.2	43
1770.4	32
1770.6	41
1770.8	32
1771	32
1771.2	39
1771.4	32
1771.6	39
1771.8	34
1772	39
1772.2	43
1772.4	44
1772.6	37
1772.8	46
1773	37
1773.2	44
1773.4	46
1773.6	32
1773.8	44
1774	44
1774.2	37
1774.4	48
1774.6	37
1774.8	37
1775	37
1775.2	30
1775.4	39
1775.6	35
1775.8	39
1776	44
1776.2	35
1776.4	42
1776.6	44
1776.8	32
1777	42
1777.2	42
1777.4	42
1777.6	51
1777.8	51
1778	49
1778.2	51
1778.4	42
1778.6	44
1778.8	42
1779	35
1779.2	42
1779.4	33
1779.6	40
1779.8	49
1780	37
1780.2	42
1780.4	42
1780.6	30
1780.8	42
1781	40
1781.2	35
1781.4	47
1781.6	42
1781.8	47
1782	54
1782.2	47
1782.4	51
1782.6	42
1782.8	40
1783	49
1783.2	40
1783.4	40
1783.6	47
1783.8	40
1784	42
1784.2	47
1784.4	38
1784.6	47
1784.8	40
1785	45
1785.2	52
1785.4	38
1785.6	47
1785.8	49
1786	42
1786.2	54
1786.4	49
1786.6	47
1786.8	49
1787	40
1787.2	49
1787.4	49
1787.6	47
1787.8	52
1788	47
1788.2	38
1788.4	47
1788.6	40
1788.8	45
1789	45
1789.2	38
1789.4	50
1789.6	47
1789.8	40
1790	45
1790.2	45
1790.4	43
1790.6	50
1790.8	47
1791	52
1791.2	52
1791.4	47
1791.6	57
1791.8	48
1792	50
1792.2	50
1792.4	34
1792.6	45
1792.8	50
1793	41
1793.2	50
1793.4	48
1793.6	45
1793.8	52
1794	48
1794.2	45
1794.4	45
1794.6	41
1794.8	48
1795	50
1795.2	41
1795.4	52
1795.6	46
1795.8	52
1796	59
1796.2	50
1796.4	50
1796.6	48
1796.8	39
1797	46
1797.2	43
1797.4	43
1797.6	48
1797.8	41
1798	48
1798.2	46
1798.4	39
1798.6	46
1798.8	41
1799	39
1799.2	53
1799.4	41
1799.6	51
1799.8	51
1800	44
1800.2	51
1800.4	53
1800.6	46
1800.8	51
1801	44
1801.2	48
1801.4	48
1801.6	44
1801.8	46
1802	42
1802.2	35
1802.4	48
1802.6	44
1802.8	42
1803	46
1803.2	39
1803.4	46
1803.6	46
1803.8	35
1804	39
1804.2	35
1804.4	49
1804.6	44
1804.8	42
1805	49
1805.2	49
1805.4	40
1805.6	49
1805.8	42
1806	40
1806.2	42
1806.4	37
1806.6	37
1806.8	40
1807	37
1807.2	42
1807.4	35
1807.6	33
1807.8	44
1808	35
1808.2	47
1808.4	42
1808.6	33
1808.8	44
1809	47
1809.2	47
1809.4	49
1809.6	42
1809.8	49
1810	45
1810.2	35
1810.4	40
1810.6	35
1810.8	33
1811	40
1811.2	31
1811.4	40
1811.6	42
1811.8	31
1812	38
1812.2	40
1812.4	36
1812.6	42
1812.8	38
1813	40
1813.2	45
1813.4	40
1813.6	45
1813.8	45
1814	38
1814.2	47
1814.4	43
1814.6	43
1814.8	45
1815	36
1815.2	36
1815.4	43
1815.6	33
1815.8	36
1816	34
1816.2	31
1816.4	40
1816.6	31
1816.8	34
1817	36
1817.2	29
1817.4	38
1817.6	38
1817.8	34
1818	48
1818.2	38
1818.4	38
1818.6	43
1818.8	36
1819	43
1819.2	38
1819.4	38
1819.6	43
1819.8	36
1820	36
1820.2	34
1820.4	20
1820.6	29
1820.8	34
1821	29
1821.2	34
1821.4	29
1821.6	29
1821.8	39
1822	34
1822.2	34
1822.4	39
1822.6	34
1822.8	36
1823	39
1823.2	32
1823.4	39
1823.6	30
1823.8	34
1824	39
1824.2	23
1824.4	37
1824.6	30
1824.8	16
1825	25
1825.2	23
1825.4	21
1825.6	30
1825.8	25
1826	30
1826.2	32
1826.4	21
1826.6	28
1826.8	23
1827	35
1827.2	39
1827.4	32
1827.6	39
1827.8	39
1828	35
1828.2	42
1828.4	44
1828.6	37
1828.8	39
1829	30
1829.2	32
1829.4	28
1829.6	23
1829.8	30
1830	21
1830.2	19
1830.4	26
1830.6	21
1830.8	26
1831	23
1831.2	14
1831.4	26
1831.6	30
1831.8	21
1832	26
1832.2	26
1832.4	30
1832.6	33
1832.8	26
1833	28
1833.2	28
1833.4	26
1833.6	33
1833.8	28
1834	24
1834.2	24
1834.4	17
1834.6	19
1834.8	24
1835	14
1835.2	21
1835.4	24
1835.6	17
1835.8	24
1836	17
1836.2	17
1836.4	24
1836.6	15
1836.8	26
1837	33
1837.2	24
1837.4	31
1837.6	29
1837.8	24
1838	40
1838.2	31
1838.4	33
1838.6	31
1838.8	15
1839	22
1839.2	22
1839.4	15
1839.6	29
1839.8	3
1840	15
1840.2	22
1840.4	6
1840.6	13
1840.8	13
1841	10
1841.2	20
1841.4	17
1841.6	22
1841.8	27
1842	20
1842.2	29
1842.4	22
1842.6	17
1842.8	20
1843	20
1843.2	27
1843.4	34
1843.6	20
1843.8	24
1844	18
1844.2	8
1844.4	15
1844.6	6
1844.8	6
1845	15
1845.2	13
1845.4	20
1845.6	20
1845.8	15
1846	20
1846.2	9
1846.4	11
1846.6	25
1846.8	20
1847	20
1847.2	32
1847.4	20
1847.6	27
1847.8	29
1848	23
1848.2	34
1848.4	25
1848.6	23
1848.8	25
1849	25
1849.2	27
1849.4	23
1849.6	16
1849.8	25
1850	11
1850.2	18
1850.4	20
1850.6	14
1850.8	20
1851	21
1851.2	9
1851.4	9
1851.6	4
1851.8	2
1852	14
1852.2	9
1852.4	11
1852.6	14
1852.8	5
1853	21
1853.2	25
1853.4	16
1853.6	23
1853.8	21
1854	16
1854.2	25
1854.4	23
1854.6	21
1854.8	19
1855	19
1855.2	25
1855.4	21
1855.6	23
1855.8	26
1856	14
1856.2	19
1856.4	28
1856.6	14
1856.8	23
1857	21
1857.2	21
1857.4	26
1857.6	19
1857.8	17
1858	17
1858.2	12
1858.4	17
1858.6	17
1858.8	14
1859	19
1859.2	12
1859.4	10
1859.6	21
1859.8	12
1860	21
1860.2	17
1860.4	8
1860.6	24
1860.8	24
1861	17
1861.2	21
1861.4	15
1861.6	19
1861.8	19
1862	19
1862.2	19
1862.4	19
1862.6	19
1862.8	28
1863	10
1863.2	17
1863.4	17
1863.6	8
1863.8	12
1864	12
1864.2	1
1864.4	3
1864.6	6
1864.8	15
1865	19
1865.2	15
1865.4	24
1865.6	24
1865.8	20
1866	36
1866.2	22
1866.4	24
1866.6	24
1866.8	22
1867	31
1867.2	31
1867.4	24
1867.6	29
1867.8	20
1868	17
1868.2	17
1868.4	13
1868.6	20
1868.8	17
1869	11
1869.2	24
1869.4	18
1869.6	20
1869.8	24
1870	15
1870.2	22
1870.4	22
1870.6	18
1870.8	22
1871	15
1871.2	18
1871.4	22
1871.6	13
1871.8	9
1872	11
1872.2	2
1872.4	15
1872.6	18
1872.8	16
1873	16
1873.2	11
1873.4	13
1873.6	11
1873.8	1
1874	11
1874.2	1
1874.4	6
1874.6	18
1874.8	11
1875	18
1875.2	18
1875.4	11
1875.6	16
1875.8	16
1876	9
1876.2	16
1876.4	16
1876.6	18
1876.8	23
1877	16
1877.2	21
1877.4	16
1877.6	11
1877.8	16
1878	16
1878.2	21
1878.4	30
1878.6	16
1878.8	16
1879	25
1879.2	11
1879.4	16
1879.6	18
1879.8	16
1880	18
1880.2	21
1880.4	23
1880.6	30
1880.8	21
1881	30
1881.2	32
1881.4	19
1881.6	28
1881.8	16
1882	28
1882.2	37
1882.4	30
1882.6	33
1882.8	33
1883	21
1883.2	28
1883.4	23
1883.6	21
1883.8	28
1884	19
1884.2	28
1884.4	35
1884.6	26
1884.8	35
1885	30
1885.2	24
1885.4	40
1885.6	30
1885.8	35
1886	37
1886.2	26
1886.4	28
1886.6	33
1886.8	21
1887	33
1887.2	28
1887.4	31
1887.6	35
1887.8	28
1888	28
1888.2	24
1888.4	15
1888.6	31
1888.8	26
1889	19
1889.2	26
1889.4	22
1889.6	24
1889.8	31
1890	29
1890.2	31
1890.4	26
1890.6	29
1890.8	36
1891	31
1891.2	31
1891.4	38
1891.6	24
1891.8	29
1892	36
1892.2	31
1892.4	38
1892.6	29
1892.8	27
1893	33
1893.2	24
1893.4	29
1893.6	29
1893.8	17
1894	29
1894.2	24
1894.4	22
1894.6	31
1894.8	15
1895	24
1895.2	31
1895.4	24
1895.6	31
1895.8	36
1896	24
1896.2	31
1896.4	36
1896.6	27
1896.8	31
1897	25
1897.2	32
1897.4	34
1897.6	27
1897.8	34
1898	25
1898.2	29
1898.4	32
1898.6	20
1898.8	29
1899	25
1899.2	18
1899.4	27
1899.6	27
1899.8	29
1900	32
1900.2	25
1900.4	32
1900.6	32
1900.8	32
1901	36
1901.2	30
1901.4	25
1901.6	30
1901.8	25
1902	18
1902.2	25
1902.4	18
1902.6	18
1902.8	27
1903	14
1903.2	25
1903.4	21
1903.6	23
1903.8	25
1904	9
