# Optical absorption spectrum of Program fragment delivered error ``Can't call method "sample_" on an undefined value at abs.template line 1.'':LUAG (Ho:Lu3Al5O12)
# assuming unity concentration per meter.  This data was part of the NASA 
# Laser Spectra Database found on the web until December of 2005 which
# was created by Pat Cross working at NASA Langley Research Center, Internal
# Operations Group, Aerospace Electronics Systems Division, Remote Sensing.
#
# The spectra was collected by BMW on 10 February 1993 and was 
# annotated on 10 February 1993.  The sample name was "" was a 9.9300
# long piece of :.   
# The incident light was unpolarized.
#
# Spectra were recorded from 300 to 600nm
# every 0.1nm at room temperature.
#
# FILE NAME ON PC = LUAG5.SP NO_POINTS = 3001. pts DATA_INTV = .000100 æm MIN_LAMBDA = .300000 æm MIN_DATA = .09440 MAX_LAMBDA = .600000 æm MAX_DATA = .86070 SCANSPEED = 15.000000 NM/MIN SLITWIDTH= .20000 NM RESP TIME = .5 sec SENSITIVITY = 5 DATE=93/02/10 16:32:05 93/02/10 LUAG5.
#
##Wavelength (nm)	Absorbance (/meter) 
300	1041
300.1	1062
300.2	551
300.3	696
300.4	792
300.5	765
300.6	436
300.7	353
300.8	1286
300.9	855
301	796
301.1	760
301.2	1113
301.3	903
301.4	695
301.5	1161
301.6	909
301.7	931
301.8	792
301.9	807
302	1208
302.1	635
302.2	1276
302.3	599
302.4	733
302.5	1164
302.6	395
302.7	298
302.8	1073
302.9	813
303	363
303.1	939
303.2	741
303.3	352
303.4	859
303.5	965
303.6	274
303.7	621
303.8	359
303.9	460
304	381
304.1	472
304.2	482
304.3	749
304.4	149
304.5	777
304.6	1299
304.7	956
304.8	443
304.9	101
305	497
305.1	611
305.2	879
305.3	549
305.4	638
305.5	1023
305.6	1001
305.7	1051
305.8	926
305.9	987
306	916
306.1	350
306.2	692
306.3	792
306.4	415
306.5	747
306.6	1022
306.7	1427
306.8	1057
306.9	670
307	576
307.1	44
307.2	812
307.3	715
307.4	464
307.5	641
307.6	477
307.7	350
307.8	458
307.9	727
308	1145
308.1	958
308.2	772
308.3	1248
308.4	932
308.5	545
308.6	644
308.7	766
308.8	886
308.9	681
309	772
309.1	887
309.2	1
309.3	979
309.4	1031
309.5	476
309.6	879
309.7	737
309.8	787
309.9	721
310	782
310.1	812
310.2	923
310.3	717
310.4	820
310.5	1316
310.6	723
310.7	309
310.8	826
310.9	967
311	812
311.1	818
311.2	587
311.3	505
311.4	1104
311.5	787
311.6	473
311.7	659
311.8	642
311.9	633
312	823
312.1	354
312.2	1017
312.3	873
312.4	557
312.5	664
312.6	562
312.7	749
312.8	476
312.9	510
313	934
313.1	714
313.2	812
313.3	724
313.4	514
313.5	842
313.6	747
313.7	599
313.8	885
313.9	848
314	673
314.1	927
314.2	521
314.3	548
314.4	568
314.5	568
314.6	823
314.7	685
314.8	386
314.9	639
315	664
315.1	471
315.2	667
315.3	909
315.4	508
315.5	770
315.6	661
315.7	625
315.8	1043
315.9	667
316	650
316.1	747
316.2	993
316.3	1101
316.4	892
316.5	736
316.6	406
316.7	387
316.8	553
316.9	655
317	443
317.1	566
317.2	983
317.3	802
317.4	671
317.5	869
317.6	832
317.7	943
317.8	889
317.9	858
318	819
318.1	799
318.2	615
318.3	967
318.4	852
318.5	806
318.6	393
318.7	704
318.8	487
318.9	661
319	805
319.1	866
319.2	705
319.3	723
319.4	665
319.5	830
319.6	921
319.7	668
319.8	695
319.9	562
320	430
320.1	837
320.2	757
320.3	696
320.4	593
320.5	425
320.6	736
320.7	739
320.8	1058
320.9	637
321	742
321.1	823
321.2	307
321.3	516
321.4	746
321.5	878
321.6	656
321.7	785
321.8	756
321.9	467
322	611
322.1	808
322.2	889
322.3	821
322.4	487
322.5	912
322.6	781
322.7	920
322.8	844
322.9	933
323	1037
323.1	794
323.2	775
323.3	654
323.4	741
323.5	800
323.6	935
323.7	837
323.8	943
323.9	992
324	1148
324.1	873
324.2	914
324.3	900
324.4	676
324.5	1063
324.6	906
324.7	1009
324.8	855
324.9	975
325	794
325.1	998
325.2	1025
325.3	981
325.4	783
325.5	1090
325.6	762
325.7	401
325.8	933
325.9	768
326	697
326.1	565
326.2	802
326.3	580
326.4	655
326.5	735
326.6	799
326.7	680
326.8	704
326.9	502
327	478
327.1	832
327.2	701
327.3	906
327.4	508
327.5	738
327.6	663
327.7	555
327.8	758
327.9	550
328	662
328.1	759
328.2	825
328.3	913
328.4	774
328.5	852
328.6	845
328.7	1010
328.8	995
328.9	792
329	783
329.1	609
329.2	849
329.3	633
329.4	735
329.5	566
329.6	468
329.7	719
329.8	719
329.9	834
330	1109
330.1	908
330.2	984
330.3	1145
330.4	1685
330.5	1916
330.6	1220
330.7	917
330.8	1231
330.9	1082
331	1181
331.1	901
331.2	769
331.3	796
331.4	1012
331.5	1173
331.6	1428
331.7	1734
331.8	2108
331.9	2343
332	2246
332.1	2291
332.2	1810
332.3	1492
332.4	1599
332.5	1415
332.6	1604
332.7	1338
332.8	1739
332.9	1845
333	1261
333.1	1477
333.2	1951
333.3	2106
333.4	1761
333.5	2055
333.6	2198
333.7	2146
333.8	2139
333.9	2090
334	1560
334.1	1361
334.2	1611
334.3	1619
334.4	1920
334.5	2452
334.6	2522
334.7	2775
334.8	3536
334.9	3531
335	3177
335.1	3832
335.2	3307
335.3	2624
335.4	3069
335.5	3099
335.6	1988
335.7	993
335.8	1141
335.9	900
336	1077
336.1	1489
336.2	1429
336.3	1530
336.4	1197
336.5	924
336.6	1165
336.7	1220
336.8	866
336.9	742
337	930
337.1	960
337.2	943
337.3	782
337.4	794
337.5	846
337.6	1066
337.7	807
337.8	888
337.9	718
338	766
338.1	913
338.2	825
338.3	935
338.4	923
338.5	958
338.6	710
338.7	751
338.8	919
338.9	776
339	800
339.1	879
339.2	913
339.3	656
339.4	661
339.5	678
339.6	790
339.7	763
339.8	1022
339.9	917
340	759
340.1	1011
340.2	1026
340.3	796
340.4	692
340.5	683
340.6	931
340.7	714
340.8	1116
340.9	710
341	766
341.1	1016
341.2	1077
341.3	1184
341.4	1289
341.5	1384
341.6	1329
341.7	1339
341.8	1173
341.9	1437
342	1285
342.1	1107
342.2	878
342.3	959
342.4	1004
342.5	1002
342.6	874
342.7	1160
342.8	1374
342.9	1502
343	1571
343.1	1642
343.2	1528
343.3	1448
343.4	1453
343.5	1229
343.6	1286
343.7	1073
343.8	1349
343.9	1232
344	1309
344.1	1437
344.2	1402
344.3	1350
344.4	1762
344.5	1844
344.6	2284
344.7	2086
344.8	1686
344.9	1369
345	1108
345.1	1257
345.2	1560
345.3	1310
345.4	1156
345.5	1223
345.6	1607
345.7	2120
345.8	2193
345.9	2156
346	1929
346.1	1477
346.2	1153
346.3	1307
346.4	1347
346.5	1475
346.6	1589
346.7	1642
346.8	2328
346.9	2946
347	2895
347.1	2702
347.2	2050
347.3	1447
347.4	1057
347.5	1188
347.6	956
347.7	908
347.8	733
347.9	687
348	1083
348.1	1152
348.2	1259
348.3	1014
348.4	1267
348.5	1163
348.6	1235
348.7	1619
348.8	1897
348.9	1423
349	1428
349.1	1095
349.2	1358
349.3	1209
349.4	1130
349.5	824
349.6	761
349.7	642
349.8	691
349.9	730
350	913
350.1	1038
350.2	1011
350.3	1320
350.4	1251
350.5	1446
350.6	1414
350.7	1167
350.8	951
350.9	846
351	611
351.1	996
351.2	932
351.3	832
351.4	940
351.5	989
351.6	899
351.7	882
351.8	990
351.9	890
352	705
352.1	776
352.2	922
352.3	893
352.4	771
352.5	1043
352.6	987
352.7	1036
352.8	906
352.9	909
353	997
353.1	992
353.2	1143
353.3	937
353.4	866
353.5	971
353.6	915
353.7	906
353.8	957
353.9	1038
354	1026
354.1	1105
354.2	1232
354.3	1729
354.4	1587
354.5	1507
354.6	1210
354.7	1425
354.8	1440
354.9	1700
355	2049
355.1	2142
355.2	2265
355.3	2328
355.4	1739
355.5	1673
355.6	1862
355.7	2037
355.8	2224
355.9	2766
356	2868
356.1	2734
356.2	2392
356.3	1797
356.4	1951
356.5	2015
356.6	2062
356.7	2174
356.8	1959
356.9	1949
357	2071
357.1	2143
357.2	2450
357.3	2529
357.4	2887
357.5	3408
357.6	4319
357.7	4651
357.8	4423
357.9	3595
358	3590
358.1	3349
358.2	2741
358.3	2373
358.4	2816
358.5	2803
358.6	2916
358.7	2903
358.8	2914
358.9	2766
359	2966
359.1	2882
359.2	2762
359.3	2668
359.4	2528
359.5	2380
359.6	2454
359.7	2547
359.8	2830
359.9	2553
360	2500
360.1	2311
360.2	2540
360.3	2909
360.4	3530
360.5	2955
360.6	2618
360.7	2325
360.8	2179
360.9	2415
361	2512
361.1	3045
361.2	3215
361.3	3778
361.4	3745
361.5	3518
361.6	3229
361.7	2836
361.8	2952
361.9	2673
362	2907
362.1	2993
362.2	3102
362.3	3121
362.4	2784
362.5	2741
362.6	2019
362.7	1919
362.8	1909
362.9	1853
363	2000
363.1	2189
363.2	1925
363.3	2137
363.4	1951
363.5	1875
363.6	1888
363.7	2349
363.8	2302
363.9	1768
364	1824
364.1	2157
364.2	3261
364.3	6333
364.4	7684
364.5	5431
364.6	4913
364.7	5116
364.8	4662
364.9	3145
365	1885
365.1	1839
365.2	2669
365.3	4828
365.4	5494
365.5	3721
365.6	3548
365.7	4781
365.8	5306
365.9	5510
366	6241
366.1	5146
366.2	4088
366.3	3458
366.4	2370
366.5	1998
366.6	1788
366.7	1503
366.8	1591
366.9	1825
367	2015
367.1	2048
367.2	2126
367.3	2348
367.4	2718
367.5	2330
367.6	1844
367.7	1895
367.8	1651
367.9	1352
368	1154
368.1	1142
368.2	635
368.3	831
368.4	943
368.5	924
368.6	827
368.7	737
368.8	1121
368.9	733
369	803
369.1	654
369.2	828
369.3	553
369.4	481
369.5	539
369.6	676
369.7	616
369.8	590
369.9	638
370	593
370.1	345
370.2	692
370.3	536
370.4	509
370.5	603
370.6	955
370.7	797
370.8	541
370.9	657
371	652
371.1	868
371.2	710
371.3	459
371.4	883
371.5	718
371.6	543
371.7	857
371.8	1037
371.9	755
372	789
372.1	933
372.2	702
372.3	477
372.4	902
372.5	616
372.6	585
372.7	487
372.8	466
372.9	590
373	442
373.1	743
373.2	371
373.3	731
373.4	572
373.5	623
373.6	611
373.7	479
373.8	520
373.9	382
374	411
374.1	504
374.2	252
374.3	466
374.4	538
374.5	687
374.6	728
374.7	488
374.8	543
374.9	721
375	472
375.1	458
375.2	465
375.3	399
375.4	559
375.5	442
375.6	356
375.7	745
375.8	598
375.9	603
376	723
376.1	505
376.2	400
376.3	517
376.4	372
376.5	717
376.6	90
376.7	346
376.8	611
376.9	595
377	406
377.1	672
377.2	354
377.3	258
377.4	711
377.5	830
377.6	769
377.7	668
377.8	1021
377.9	865
378	611
378.1	470
378.2	904
378.3	909
378.4	880
378.5	241
378.6	416
378.7	747
378.8	543
378.9	524
379	345
379.1	237
379.2	503
379.3	830
379.4	770
379.5	585
379.6	657
379.7	611
379.8	595
379.9	793
380	785
380.1	643
380.2	764
380.3	646
380.4	815
380.5	910
380.6	811
380.7	729
380.8	896
380.9	879
381	1016
381.1	1046
381.2	1016
381.3	841
381.4	771
381.5	737
381.6	764
381.7	844
381.8	861
381.9	883
382	922
382.1	1227
382.2	1529
382.3	1562
382.4	1686
382.5	1364
382.6	1442
382.7	1457
382.8	1563
382.9	2186
383	2233
383.1	2239
383.2	1558
383.3	1064
383.4	788
383.5	969
383.6	986
383.7	859
383.8	1124
383.9	1237
384	1512
384.1	2334
384.2	2781
384.3	2269
384.4	1480
384.5	1310
384.6	1251
384.7	1044
384.8	993
384.9	699
385	808
385.1	910
385.2	842
385.3	940
385.4	1178
385.5	1003
385.6	1075
385.7	1522
385.8	2463
385.9	3641
386	2418
386.1	1740
386.2	2021
386.3	2878
386.4	2830
386.5	1885
386.6	1733
386.7	2166
386.8	1569
386.9	1087
387	1451
387.1	2069
387.2	2242
387.3	1698
387.4	1245
387.5	1818
387.6	1882
387.7	1502
387.8	1450
387.9	1709
388	1288
388.1	1581
388.2	1725
388.3	1443
388.4	981
388.5	1175
388.6	1131
388.7	1153
388.8	1668
388.9	2237
389	2276
389.1	1347
389.2	1487
389.3	1678
389.4	1169
389.5	1182
389.6	1533
389.7	1859
389.8	1603
389.9	1106
390	879
390.1	779
390.2	693
390.3	712
390.4	918
390.5	717
390.6	875
390.7	1169
390.8	1026
390.9	982
391	851
391.1	793
391.2	936
391.3	905
391.4	827
391.5	791
391.6	786
391.7	714
391.8	996
391.9	857
392	879
392.1	889
392.2	850
392.3	775
392.4	921
392.5	882
392.6	899
392.7	742
392.8	1022
392.9	1066
393	800
393.1	1010
393.2	969
393.3	1059
393.4	1008
393.5	874
393.6	847
393.7	1111
393.8	999
393.9	974
394	1092
394.1	958
394.2	814
394.3	977
394.4	907
394.5	929
394.6	1140
394.7	1135
394.8	973
394.9	951
395	913
395.1	893
395.2	874
395.3	884
395.4	952
395.5	901
395.6	1058
395.7	1053
395.8	894
395.9	902
396	895
396.1	759
396.2	769
396.3	651
396.4	692
396.5	757
396.6	844
396.7	871
396.8	969
396.9	932
397	649
397.1	705
397.2	836
397.3	799
397.4	766
397.5	766
397.6	735
397.7	853
397.8	718
397.9	740
398	880
398.1	750
398.2	932
398.3	907
398.4	847
398.5	832
398.6	959
398.7	874
398.8	751
398.9	770
399	778
399.1	884
399.2	863
399.3	870
399.4	735
399.5	902
399.6	805
399.7	866
399.8	851
399.9	711
400	798
400.1	849
400.2	779
400.3	714
400.4	729
400.5	804
400.6	860
400.7	984
400.8	923
400.9	892
401	948
401.1	894
401.2	834
401.3	953
401.4	786
401.5	885
401.6	1054
401.7	801
401.8	726
401.9	908
402	808
402.1	680
402.2	811
402.3	989
402.4	930
402.5	806
402.6	972
402.7	965
402.8	945
402.9	997
403	839
403.1	749
403.2	1007
403.3	934
403.4	946
403.5	1044
403.6	1000
403.7	920
403.8	1037
403.9	888
404	964
404.1	864
404.2	855
404.3	1052
404.4	1089
404.5	935
404.6	953
404.7	906
404.8	1151
404.9	1016
405	1053
405.1	943
405.2	992
405.3	888
405.4	973
405.5	883
405.6	1017
405.7	1064
405.8	971
405.9	862
406	843
406.1	923
406.2	1131
406.3	1048
406.4	904
406.5	1109
406.6	1006
406.7	1068
406.8	965
406.9	917
407	956
407.1	1007
407.2	1213
407.3	1073
407.4	978
407.5	1030
407.6	937
407.7	1096
407.8	996
407.9	891
408	1185
408.1	1175
408.2	1178
408.3	1023
408.4	1006
408.5	1087
408.6	1124
408.7	1223
408.8	1292
408.9	1169
409	1031
409.1	1100
409.2	1137
409.3	1214
409.4	1034
409.5	1231
409.6	1052
409.7	979
409.8	1047
409.9	1232
410	1084
410.1	1153
410.2	1089
410.3	1104
410.4	1240
410.5	1161
410.6	1267
410.7	1223
410.8	1070
410.9	1337
411	1236
411.1	1320
411.2	1323
411.3	1492
411.4	1437
411.5	1412
411.6	1197
411.7	1160
411.8	1400
411.9	1430
412	1416
412.1	1551
412.2	1501
412.3	1652
412.4	1674
412.5	1431
412.6	1359
412.7	1557
412.8	1582
412.9	1422
413	1454
413.1	1509
413.2	1499
413.3	1590
413.4	1482
413.5	1588
413.6	1869
413.7	2370
413.8	3850
413.9	3696
414	2554
414.1	2339
414.2	3075
414.3	3848
414.4	5158
414.5	5282
414.6	4189
414.7	4232
414.8	4347
414.9	4617
415	5431
415.1	5846
415.2	4787
415.3	2810
415.4	2110
415.5	1935
415.6	1853
415.7	2177
415.8	2784
415.9	4841
416	5154
416.1	3755
416.2	3002
416.3	3839
416.4	4993
416.5	5065
416.6	5014
416.7	5573
416.8	5494
416.9	4637
417	3431
417.1	3310
417.2	3846
417.3	5765
417.4	6228
417.5	6786
417.6	9668
417.7	10363
417.8	6816
417.9	4013
418	3501
418.1	4359
418.2	8206
418.3	16014
418.4	19250
418.5	13548
418.6	7385
418.7	4963
418.8	5423
418.9	7857
419	16077
419.1	23469
419.2	14019
419.3	6230
419.4	3403
419.5	2311
419.6	1891
419.7	1731
419.8	1578
419.9	1716
420	1826
420.1	1851
420.2	1953
420.3	2216
420.4	2886
420.5	4310
420.6	7699
420.7	13208
420.8	12884
420.9	9047
421	7990
421.1	7398
421.2	4653
421.3	2756
421.4	1916
421.5	1860
421.6	1708
421.7	1843
421.8	1848
421.9	2040
422	2146
422.1	1968
422.2	1669
422.3	1707
422.4	1581
422.5	1381
422.6	1521
422.7	1558
422.8	1672
422.9	1720
423	1796
423.1	1941
423.2	2199
423.3	2279
423.4	2583
423.5	2473
423.6	2463
423.7	2523
423.8	2642
423.9	2772
424	2687
424.1	2332
424.2	2432
424.3	2244
424.4	2200
424.5	2071
424.6	2105
424.7	2445
424.8	3259
424.9	3770
425	3539
425.1	2742
425.2	2588
425.3	2793
425.4	3164
425.5	2962
425.6	2633
425.7	2298
425.8	2163
425.9	2353
426	2259
426.1	2104
426.2	1779
426.3	1640
426.4	1548
426.5	1767
426.6	1859
426.7	2208
426.8	2416
426.9	2330
427	2128
427.1	2603
427.2	3202
427.3	3147
427.4	2464
427.5	1763
427.6	1434
427.7	1409
427.8	1675
427.9	1832
428	1584
428.1	1367
428.2	1182
428.3	1179
428.4	1254
428.5	1035
428.6	1064
428.7	1089
428.8	960
428.9	1040
429	809
429.1	1094
429.2	1099
429.3	1109
429.4	1117
429.5	1181
429.6	1146
429.7	1243
429.8	1000
429.9	1071
430	1236
430.1	1081
430.2	1069
430.3	1083
430.4	1088
430.5	1096
430.6	891
430.7	1015
430.8	1116
430.9	1060
431	1057
431.1	1153
431.2	1011
431.3	1040
431.4	1272
431.5	1026
431.6	1297
431.7	1024
431.8	1208
431.9	1122
432	1164
432.1	1044
432.2	1166
432.3	1090
432.4	1122
432.5	1098
432.6	1130
432.7	1123
432.8	1199
432.9	1123
433	1074
433.1	1106
433.2	1096
433.3	1180
433.4	1094
433.5	1106
433.6	979
433.7	1063
433.8	1099
433.9	948
434	1056
434.1	1176
434.2	1205
434.3	1139
434.4	1012
434.5	811
434.6	1093
434.7	1037
434.8	1265
434.9	1167
435	1088
435.1	1111
435.2	1071
435.3	1177
435.4	1030
435.5	1187
435.6	957
435.7	1121
435.8	1276
435.9	1217
436	1190
436.1	1222
436.2	1222
436.3	1205
436.4	1146
436.5	1208
436.6	1322
436.7	1342
436.8	1322
436.9	1277
437	1329
437.1	1174
437.2	1241
437.3	1209
437.4	1417
437.5	1236
437.6	1350
437.7	1465
437.8	1273
437.9	1355
438	1403
438.1	1410
438.2	1425
438.3	1418
438.4	1485
438.5	1420
438.6	1465
438.7	1563
438.8	1603
438.9	1441
439	1689
439.1	1717
439.2	1705
439.3	1652
439.4	1629
439.5	1549
439.6	1634
439.7	1537
439.8	1637
439.9	1592
440	1579
440.1	1615
440.2	1728
440.3	1640
440.4	1756
440.5	1673
440.6	1696
440.7	1565
440.8	1563
440.9	1633
441	1701
441.1	1861
441.2	1757
441.3	1760
441.4	1846
441.5	1732
441.6	1887
441.7	1803
441.8	1786
441.9	1647
442	1771
442.1	1819
442.2	1745
442.3	1677
442.4	1517
442.5	1817
442.6	1743
442.7	1896
442.8	1774
442.9	1711
443	1863
443.1	1731
443.2	1769
443.3	1764
443.4	1729
443.5	1732
443.6	1734
443.7	1831
443.8	1884
443.9	1976
444	2076
444.1	1897
444.2	2028
444.3	2015
444.4	2051
444.5	1997
444.6	2033
444.7	2203
444.8	2203
444.9	2451
445	2606
445.1	3291
445.2	4262
445.3	5789
445.4	6535
445.5	6167
445.6	6503
445.7	7910
445.8	7000
445.9	4502
446	3194
446.1	2692
446.2	2820
446.3	2692
446.4	2892
446.5	2959
446.6	2724
446.7	2756
446.8	2925
446.9	3127
447	3189
447.1	3378
447.2	4084
447.3	5575
447.4	8843
447.5	13552
447.6	16625
447.7	13529
447.8	10563
447.9	9968
448	12190
448.1	17524
448.2	19808
448.3	14602
448.4	9395
448.5	6580
448.6	5315
448.7	4853
448.8	5066
448.9	6475
449	10038
449.1	14275
449.2	13189
449.3	10373
449.4	8856
449.5	6678
449.6	4593
449.7	3917
449.8	3559
449.9	3559
450	3629
450.1	3726
450.2	3867
450.3	4050
450.4	4896
450.5	6108
450.6	6627
450.7	5741
450.8	5006
450.9	5915
451	8240
451.1	9272
451.2	7283
451.3	4985
451.4	3750
451.5	3245
451.6	3175
451.7	3264
451.8	3812
451.9	4114
452	4352
452.1	4383
452.2	4226
452.3	3576
452.4	3328
452.5	3194
452.6	2968
452.7	3197
452.8	3347
452.9	3749
453	4451
453.1	6190
453.2	9314
453.3	16467
453.4	32971
453.5	44700
453.6	27586
453.7	16352
453.8	13104
453.9	10273
454	8229
454.1	9110
454.2	12813
454.3	14622
454.4	11478
454.5	7352
454.6	4832
454.7	3857
454.8	3470
454.9	3921
455	5264
455.1	5616
455.2	5376
455.3	5276
455.4	4933
455.5	4841
455.6	5144
455.7	5857
455.8	7677
455.9	9487
456	9361
456.1	9232
456.2	10688
456.3	12062
456.4	11509
456.5	10364
456.6	7769
456.7	5599
456.8	4934
456.9	5182
457	5095
457.1	4705
457.2	4591
457.3	4955
457.4	5152
457.5	4547
457.6	4256
457.7	4340
457.8	4354
457.9	3700
458	2972
458.1	2616
458.2	2595
458.3	2571
458.4	2411
458.5	2195
458.6	2152
458.7	2167
458.8	2289
458.9	2490
459	2815
459.1	2979
459.2	2864
459.3	2409
459.4	2029
459.5	1820
459.6	1741
459.7	1621
459.8	1613
459.9	1593
460	1463
460.1	1571
460.2	1478
460.3	1543
460.4	1571
460.5	1466
460.6	1504
460.7	1566
460.8	1539
460.9	1579
461	1557
461.1	1562
461.2	1547
461.3	1457
461.4	1482
461.5	1539
461.6	1485
461.7	1627
461.8	1630
461.9	1852
462	2036
462.1	2292
462.2	2464
462.3	2556
462.4	2433
462.5	2475
462.6	2475
462.7	2704
462.8	3063
462.9	3483
463	3546
463.1	3535
463.2	3288
463.3	2335
463.4	2285
463.5	2801
463.6	3231
463.7	3806
463.8	3566
463.9	3366
464	3256
464.1	3167
464.2	2807
464.3	2325
464.4	2393
464.5	2786
464.6	3043
464.7	3211
464.8	3135
464.9	2388
465	1746
465.1	1480
465.2	1558
465.3	1663
465.4	1545
465.5	1483
465.6	1461
465.7	1546
465.8	1638
465.9	1591
466	1337
466.1	1344
466.2	1536
466.3	1742
466.4	1654
466.5	1494
466.6	1464
466.7	1437
466.8	1727
466.9	2025
467	2125
467.1	2146
467.2	2113
467.3	1877
467.4	1440
467.5	1435
467.6	1512
467.7	1690
467.8	1814
467.9	1970
468	1711
468.1	1465
468.2	1299
468.3	1578
468.4	1704
468.5	1790
468.6	2137
468.7	2998
468.8	4897
468.9	4779
469	2446
469.1	1646
469.2	1664
469.3	2728
469.4	4721
469.5	4430
469.6	3688
469.7	2822
469.8	1763
469.9	1342
470	1219
470.1	1207
470.2	1452
470.3	2172
470.4	3385
470.5	3161
470.6	1908
470.7	1365
470.8	1485
470.9	1837
471	1988
471.1	1620
471.2	1568
471.3	1993
471.4	3059
471.5	3927
471.6	4438
471.7	4125
471.8	3306
471.9	2725
472	2768
472.1	3587
472.2	4758
472.3	4941
472.4	3996
472.5	3375
472.6	3400
472.7	2840
472.8	1956
472.9	1429
473	1444
473.1	1552
473.2	1852
473.3	2146
473.4	1956
473.5	1758
473.6	1587
473.7	1688
473.8	1954
473.9	2128
474	2663
474.1	3197
474.2	4093
474.3	4287
474.4	3770
474.5	3812
474.6	4420
474.7	5062
474.8	5053
474.9	4914
475	4559
475.1	3620
475.2	2821
475.3	2593
475.4	2591
475.5	2415
475.6	1823
475.7	1461
475.8	1369
475.9	1308
476	1231
476.1	1288
476.2	1224
476.3	1212
476.4	1281
476.5	1412
476.6	1547
476.7	1766
476.8	1933
476.9	2366
477	2692
477.1	3061
477.2	3401
477.3	3341
477.4	2999
477.5	2598
477.6	2232
477.7	2093
477.8	1972
477.9	1868
478	1570
478.1	1566
478.2	1626
478.3	1491
478.4	1461
478.5	1376
478.6	1396
478.7	1489
478.8	1340
478.9	1263
479	1280
479.1	1266
479.2	1194
479.3	1335
479.4	1009
479.5	979
479.6	1136
479.7	1224
479.8	1232
479.9	1293
480	1247
480.1	1166
480.2	944
480.3	1060
480.4	1041
480.5	1132
480.6	1129
480.7	1220
480.8	1124
480.9	1245
481	1228
481.1	1441
481.2	1817
481.3	2258
481.4	3292
481.5	3722
481.6	2992
481.7	2906
481.8	3983
481.9	3784
482	2527
482.1	2295
482.2	2596
482.3	3468
482.4	3559
482.5	4274
482.6	5122
482.7	4151
482.8	3182
482.9	3092
483	2159
483.1	1685
483.2	1537
483.3	1328
483.4	1368
483.5	1318
483.6	1190
483.7	1100
483.8	1146
483.9	1274
484	1400
484.1	1686
484.2	1769
484.3	1995
484.4	2383
484.5	2687
484.6	3822
484.7	4786
484.8	5331
484.9	5124
485	4379
485.1	4218
485.2	4495
485.3	4730
485.4	5776
485.5	6336
485.6	4875
485.7	3103
485.8	3328
485.9	5100
486	5437
486.1	5617
486.2	8558
486.3	9672
486.4	8340
486.5	5657
486.6	3807
486.7	3707
486.8	2774
486.9	1450
487	1075
487.1	941
487.2	932
487.3	908
487.4	910
487.5	1095
487.6	1287
487.7	1625
487.8	1701
487.9	1573
488	2445
488.1	4344
488.2	6351
488.3	5766
488.4	4689
488.5	6990
488.6	10628
488.7	9704
488.8	5409
488.9	2992
489	2462
489.1	2316
489.2	1541
489.3	1101
489.4	800
489.5	779
489.6	719
489.7	688
489.8	676
489.9	642
490	621
490.1	623
490.2	609
490.3	683
490.4	478
490.5	576
490.6	684
490.7	657
490.8	720
490.9	818
491	937
491.1	1076
491.2	1297
491.3	1513
491.4	1413
491.5	1408
491.6	1181
491.7	1272
491.8	1518
491.9	1250
492	1162
492.1	1162
492.2	1285
492.3	1278
492.4	1461
492.5	1439
492.6	1295
492.7	1089
492.8	1035
492.9	1077
493	1089
493.1	1065
493.2	941
493.3	960
493.4	786
493.5	801
493.6	987
493.7	927
493.8	927
493.9	857
494	876
494.1	758
494.2	710
494.3	660
494.4	619
494.5	617
494.6	577
494.7	567
494.8	627
494.9	639
495	558
495.1	560
495.2	553
495.3	680
495.4	658
495.5	728
495.6	689
495.7	733
495.8	834
495.9	931
496	892
496.1	812
496.2	707
496.3	825
496.4	1043
496.5	1146
496.6	1043
496.7	965
496.8	839
496.9	782
497	753
497.1	738
497.2	703
497.3	794
497.4	1005
497.5	864
497.6	794
497.7	756
497.8	619
497.9	603
498	562
498.1	557
498.2	684
498.3	675
498.4	565
498.5	548
498.6	532
498.7	522
498.8	425
498.9	449
499	428
499.1	397
499.2	423
499.3	444
499.4	411
499.5	371
499.6	433
499.7	447
499.8	419
499.9	414
500	483
500.1	431
500.2	377
500.3	374
500.4	414
500.5	398
500.6	398
500.7	474
500.8	398
500.9	401
501	351
501.1	344
501.2	427
501.3	363
501.4	373
501.5	380
501.6	463
501.7	399
501.8	335
501.9	404
502	389
502.1	397
502.2	394
502.3	371
502.4	385
502.5	371
502.6	392
502.7	352
502.8	371
502.9	376
503	393
503.1	416
503.2	430
503.3	376
503.4	459
503.5	414
503.6	454
503.7	393
503.8	367
503.9	365
504	403
504.1	384
504.2	365
504.3	403
504.4	443
504.5	370
504.6	335
504.7	415
504.8	377
504.9	380
505	413
505.1	401
505.2	394
505.3	389
505.4	422
505.5	427
505.6	392
505.7	439
505.8	425
505.9	430
506	399
506.1	435
506.2	364
506.3	456
506.4	437
506.5	395
506.6	416
506.7	435
506.8	327
506.9	336
507	379
507.1	386
507.2	367
507.3	417
507.4	417
507.5	417
507.6	358
507.7	393
507.8	372
507.9	351
508	436
508.1	368
508.2	377
508.3	372
508.4	450
508.5	288
508.6	377
508.7	417
508.8	420
508.9	356
509	432
509.1	363
509.2	309
509.3	366
509.4	378
509.5	404
509.6	397
509.7	352
509.8	404
509.9	402
510	475
510.1	369
510.2	444
510.3	418
510.4	341
510.5	338
510.6	310
510.7	405
510.8	405
510.9	386
511	402
511.1	443
511.2	348
511.3	374
511.4	384
511.5	393
511.6	443
511.7	419
511.8	429
511.9	346
512	394
512.1	434
512.2	417
512.3	420
512.4	399
512.5	394
512.6	427
512.7	328
512.8	295
512.9	411
513	356
513.1	347
513.2	394
513.3	418
513.4	366
513.5	329
513.6	454
513.7	411
513.8	341
513.9	449
514	494
514.1	428
514.2	404
514.3	336
514.4	383
514.5	452
514.6	419
514.7	405
514.8	471
514.9	398
515	476
515.1	419
515.2	377
515.3	407
515.4	471
515.5	462
515.6	429
515.7	481
515.8	505
515.9	427
516	441
516.1	526
516.2	420
516.3	439
516.4	401
516.5	429
516.6	394
516.7	430
516.8	479
516.9	420
517	408
517.1	385
517.2	418
517.3	444
517.4	402
517.5	456
517.6	458
517.7	489
517.8	508
517.9	402
518	478
518.1	513
518.2	404
518.3	459
518.4	563
518.5	445
518.6	533
518.7	440
518.8	447
518.9	509
519	495
519.1	433
519.2	457
519.3	552
519.4	521
519.5	479
519.6	490
519.7	469
519.8	420
519.9	484
520	476
520.1	446
520.2	436
520.3	479
520.4	484
520.5	546
520.6	404
520.7	470
520.8	522
520.9	432
521	501
521.1	498
521.2	437
521.3	529
521.4	522
521.5	477
521.6	549
521.7	587
521.8	539
521.9	630
522	575
522.1	513
522.2	568
522.3	506
522.4	518
522.5	540
522.6	461
522.7	571
522.8	454
522.9	549
523	628
523.1	599
523.2	564
523.3	576
523.4	564
523.5	545
523.6	612
523.7	686
523.8	607
523.9	633
524	574
524.1	633
524.2	610
524.3	657
524.4	705
524.5	569
524.6	596
524.7	615
524.8	615
524.9	651
525	698
525.1	761
525.2	663
525.3	577
525.4	727
525.5	694
525.6	694
525.7	730
525.8	670
525.9	642
526	728
526.1	718
526.2	738
526.3	694
526.4	766
526.5	781
526.6	819
526.7	769
526.8	774
526.9	712
527	822
527.1	755
527.2	887
527.3	786
527.4	866
527.5	762
527.6	774
527.7	813
527.8	777
527.9	830
528	881
528.1	803
528.2	832
528.3	886
528.4	816
528.5	842
528.6	1002
528.7	1075
528.8	821
528.9	770
529	785
529.1	934
529.2	903
529.3	947
529.4	889
529.5	802
529.6	833
529.7	1005
529.8	896
529.9	1005
530	925
530.1	996
530.2	1025
530.3	1020
530.4	1088
530.5	989
530.6	1074
530.7	1057
530.8	1130
530.9	1140
531	1228
531.1	1307
531.2	1307
531.3	1288
531.4	1275
531.5	1202
531.6	1084
531.7	1162
531.8	1199
531.9	1320
532	1263
532.1	1195
532.2	1222
532.3	1273
532.4	1254
532.5	1116
532.6	1234
532.7	1301
532.8	1357
532.9	1355
533	1529
533.1	1532
533.2	1420
533.3	1612
533.4	1818
533.5	2238
533.6	3163
533.7	4528
533.8	5507
533.9	4683
534	3692
534.1	3687
534.2	3851
534.3	4150
534.4	4454
534.5	4709
534.6	4762
534.7	5426
534.8	7088
534.9	11478
535	21091
535.1	29597
535.2	20823
535.3	12360
535.4	8245
535.5	7187
535.6	8214
535.7	10047
535.8	10815
535.9	12553
536	12722
536.1	9428
536.2	5661
536.3	4174
536.4	3838
536.5	3716
536.6	3878
536.7	5156
536.8	9045
536.9	16827
537	22597
537.1	16255
537.2	9540
537.3	6436
537.4	5352
537.5	5157
537.6	5732
537.7	7139
537.8	10777
537.9	17199
538	25543
538.1	33138
538.2	29073
538.3	28560
538.4	32513
538.5	26331
538.6	19474
538.7	15668
538.8	12732
538.9	12162
539	10789
539.1	8243
539.2	7905
539.3	10663
539.4	12646
539.5	9946
539.6	6862
539.7	5377
539.8	3871
539.9	3329
540	3765
540.1	5326
540.2	7048
540.3	6527
540.4	5152
540.5	4457
540.6	4883
540.7	6009
540.8	6454
540.9	5432
541	5805
541.1	8085
541.2	13787
541.3	21888
541.4	19855
541.5	12591
541.6	9959
541.7	8106
541.8	5120
541.9	4146
542	4969
542.1	6627
542.2	9131
542.3	10288
542.4	7903
542.5	4311
542.6	2910
542.7	2623
542.8	3057
542.9	5692
543	7320
543.1	5476
543.2	4872
543.3	6753
543.4	7877
543.5	8274
543.6	7447
543.7	6899
543.8	7849
543.9	6789
544	4560
544.1	3012
544.2	1852
544.3	1498
544.4	1277
544.5	1295
544.6	1233
544.7	1094
544.8	940
544.9	970
545	1082
545.1	895
545.2	1050
545.3	1143
545.4	1084
545.5	1224
545.6	1177
545.7	1394
545.8	1548
545.9	1901
546	2439
546.1	3360
546.2	3743
546.3	4097
546.4	4213
546.5	4055
546.6	3327
546.7	2718
546.8	2531
546.9	2283
547	2209
547.1	2416
547.2	2320
547.3	2367
547.4	2479
547.5	2333
547.6	2346
547.7	2139
547.8	2134
547.9	2124
548	2279
548.1	2484
548.2	2560
548.3	2907
548.4	3512
548.5	4044
548.6	4067
548.7	3561
548.8	3090
548.9	2900
549	3405
549.1	3879
549.2	4087
549.3	3592
549.4	2621
549.5	2063
549.6	1718
549.7	1665
549.8	1473
549.9	1545
550	1503
550.1	1618
550.2	1711
550.3	1809
550.4	1787
550.5	1516
550.6	1283
550.7	1172
550.8	1224
550.9	1402
551	1310
551.1	1419
551.2	1330
551.3	1576
551.4	1601
551.5	1656
551.6	1840
551.7	2041
551.8	2064
551.9	1646
552	1589
552.1	1264
552.2	1171
552.3	1068
552.4	1328
552.5	1240
552.6	1144
552.7	1168
552.8	1149
552.9	1054
553	981
553.1	1042
553.2	882
553.3	1035
553.4	1022
553.5	793
553.6	781
553.7	764
553.8	860
553.9	817
554	865
554.1	902
554.2	767
554.3	652
554.4	733
554.5	810
554.6	827
554.7	767
554.8	1004
554.9	1028
555	1106
555.1	960
555.2	849
555.3	878
555.4	864
555.5	1006
555.6	1006
555.7	1298
555.8	1364
555.9	1065
556	1099
556.1	919
556.2	833
556.3	785
556.4	586
556.5	823
556.6	763
556.7	990
556.8	869
556.9	946
557	723
557.1	684
557.2	771
557.3	668
557.4	708
557.5	809
557.6	1007
557.7	913
557.8	838
557.9	976
558	1088
558.1	1291
558.2	1213
558.3	1042
558.4	865
558.5	841
558.6	841
558.7	757
558.8	535
558.9	623
559	502
559.1	516
559.2	476
559.3	652
559.4	547
559.5	652
559.6	631
559.7	597
559.8	631
559.9	605
560	707
560.1	729
560.2	517
560.3	552
560.4	562
560.5	579
560.6	703
560.7	557
560.8	617
560.9	404
561	641
561.1	584
561.2	612
561.3	603
561.4	593
561.5	562
561.6	451
561.7	553
561.8	449
561.9	501
562	670
562.1	641
562.2	584
562.3	732
562.4	546
562.5	608
562.6	615
562.7	535
562.8	435
562.9	509
563	587
563.1	596
563.2	459
563.3	556
563.4	518
563.5	544
563.6	549
563.7	540
563.8	497
563.9	457
564	526
564.1	495
564.2	688
564.3	669
564.4	486
564.5	628
564.6	547
564.7	576
564.8	505
564.9	550
565	597
565.1	650
565.2	628
565.3	688
565.4	425
565.5	548
565.6	552
565.7	538
565.8	598
565.9	550
566	591
566.1	669
566.2	527
566.3	489
566.4	574
566.5	435
566.6	551
566.7	686
566.8	567
566.9	439
567	508
567.1	520
567.2	615
567.3	608
567.4	577
567.5	584
567.6	641
567.7	649
567.8	506
567.9	518
568	480
568.1	644
568.2	480
568.3	542
568.4	485
568.5	628
568.6	675
568.7	616
568.8	666
568.9	525
569	575
569.1	609
569.2	633
569.3	502
569.4	519
569.5	542
569.6	666
569.7	595
569.8	578
569.9	583
570	683
570.1	638
570.2	650
570.3	609
570.4	417
570.5	564
570.6	595
570.7	451
570.8	633
570.9	593
571	507
571.1	572
571.2	527
571.3	655
571.4	619
571.5	508
571.6	607
571.7	524
571.8	612
571.9	584
572	624
572.1	620
572.2	544
572.3	644
572.4	577
572.5	589
572.6	656
572.7	703
572.8	615
572.9	492
573	651
573.1	649
573.2	670
573.3	704
573.4	563
573.5	623
573.6	637
573.7	608
573.8	656
573.9	668
574	632
574.1	578
574.2	654
574.3	654
574.4	459
574.5	640
574.6	776
574.7	526
574.8	576
574.9	616
575	460
575.1	623
575.2	666
575.3	764
575.4	621
575.5	578
575.6	519
575.7	583
575.8	567
575.9	548
576	648
576.1	683
576.2	569
576.3	519
576.4	548
576.5	700
576.6	645
576.7	598
576.8	460
576.9	700
577	648
577.1	643
577.2	710
577.3	558
577.4	600
577.5	596
577.6	682
577.7	684
577.8	780
577.9	570
578	622
578.1	613
578.2	513
578.3	584
578.4	701
578.5	563
578.6	639
578.7	670
578.8	625
578.9	752
579	778
579.1	673
579.2	678
579.3	742
579.4	678
579.5	599
579.6	488
579.7	621
579.8	628
579.9	528
580	545
580.1	614
580.2	661
580.3	476
580.4	559
580.5	626
580.6	573
580.7	516
580.8	516
580.9	583
581	678
581.1	564
581.2	495
581.3	626
581.4	543
581.5	557
581.6	581
581.7	602
581.8	550
581.9	657
582	758
582.1	736
582.2	698
582.3	650
582.4	667
582.5	734
582.6	775
582.7	732
582.8	610
582.9	505
583	646
583.1	662
583.2	717
583.3	613
583.4	596
583.5	529
583.6	687
583.7	617
583.8	663
583.9	577
584	653
584.1	639
584.2	661
584.3	622
584.4	482
584.5	582
584.6	620
584.7	635
584.8	613
584.9	709
585	697
585.1	716
585.2	726
585.3	585
585.4	549
585.5	668
585.6	568
585.7	738
585.8	649
585.9	509
586	630
586.1	616
586.2	750
586.3	664
586.4	538
586.5	645
586.6	578
586.7	671
586.8	547
586.9	659
587	562
587.1	686
587.2	698
587.3	612
587.4	612
587.5	700
587.6	650
587.7	583
587.8	569
587.9	527
588	576
588.1	562
588.2	550
588.3	674
588.4	465
588.5	615
588.6	608
588.7	603
588.8	698
588.9	662
589	560
589.1	660
589.2	629
589.3	544
589.4	804
589.5	615
589.6	718
589.7	708
589.8	615
589.9	768
590	637
590.1	596
590.2	677
590.3	561
590.4	831
590.5	485
590.6	656
590.7	608
590.8	573
590.9	589
591	566
591.1	673
591.2	587
591.3	604
591.4	752
591.5	642
591.6	771
591.7	685
591.8	666
591.9	630
592	597
592.1	576
592.2	576
592.3	676
592.4	736
592.5	607
592.6	666
592.7	488
592.8	686
592.9	597
593	583
593.1	616
593.2	801
593.3	719
593.4	593
593.5	581
593.6	564
593.7	602
593.8	727
593.9	610
594	584
594.1	576
594.2	636
594.3	581
594.4	693
594.5	710
594.6	646
594.7	665
594.8	603
594.9	539
595	577
595.1	442
595.2	617
595.3	694
595.4	710
595.5	563
595.6	582
595.7	608
595.8	682
595.9	646
596	732
596.1	615
596.2	639
596.3	573
596.4	589
596.5	518
596.6	677
596.7	523
596.8	706
596.9	544
597	497
597.1	609
597.2	578
597.3	632
597.4	478
597.5	754
597.6	509
597.7	561
597.8	647
597.9	561
598	680
598.1	702
598.2	664
598.3	602
598.4	688
598.5	650
598.6	642
598.7	652
598.8	719
598.9	762
599	717
599.1	624
599.2	609
599.3	536
599.4	545
599.5	655
599.6	779
599.7	679
599.8	669
599.9	500
600	591
