# Optical absorption spectrum of Program fragment delivered error ``Can't call method "sample_" on an undefined value at abs.template line 1.'':LUAG (Ho:Lu3Al5O12)
# assuming unity concentration per meter.  This data was part of the NASA 
# Laser Spectra Database found on the web until December of 2005 which
# was created by Pat Cross working at NASA Langley Research Center, Internal
# Operations Group, Aerospace Electronics Systems Division, Remote Sensing.
#
# The spectra was collected by BMW on 10 February 1993 and was 
# annotated on 10 February 1993.  The sample name was "" was a 9.9300
# long piece of :.   
# The incident light was unpolarized.
#
# Spectra were recorded from 600 to 700nm
# every 0.1nm at room temperature.
#
# FILE NAME ON PC = LUAG4.SP NO_POINTS = 1001. pts DATA_INTV = .000100 æm MIN_LAMBDA = .600000 æm MIN_DATA = .18650 MAX_LAMBDA = .700000 æm MAX_DATA = .98530 SCANSPEED = 15.000000 NM/MIN SLITWIDTH= .00000 æm RESP TIME = .5 sec SENSITIVITY = 5 DATE=93/02/10 15:01:22 93/02/10 LUAG4.
#
##Wavelength (nm)	Absorbance (/meter) 
600	420
600.1	239
600.2	336
600.3	379
600.4	413
600.5	176
600.6	197
600.7	290
600.8	509
600.9	282
601	257
601.1	304
601.2	287
601.3	285
601.4	393
601.5	326
601.6	421
601.7	306
601.8	272
601.9	246
602	273
602.1	273
602.2	339
602.3	356
602.4	373
602.5	410
602.6	321
602.7	508
602.8	413
602.9	182
603	258
603.1	202
603.2	332
603.3	292
603.4	578
603.5	280
603.6	302
603.7	511
603.8	482
603.9	450
604	217
604.1	428
604.2	258
604.3	365
604.4	522
604.5	442
604.6	394
604.7	268
604.8	526
604.9	271
605	444
605.1	440
605.2	396
605.3	337
605.4	359
605.5	313
605.6	416
605.7	410
605.8	364
605.9	316
606	312
606.1	353
606.2	444
606.3	425
606.4	440
606.5	224
606.6	460
606.7	273
606.8	212
606.9	345
607	455
607.1	151
607.2	392
607.3	405
607.4	353
607.5	294
607.6	512
607.7	385
607.8	386
607.9	502
608	499
608.1	343
608.2	495
608.3	329
608.4	205
608.5	357
608.6	401
608.7	414
608.8	404
608.9	331
609	130
609.1	241
609.2	231
609.3	227
609.4	320
609.5	310
609.6	346
609.7	380
609.8	372
609.9	305
610	412
610.1	360
610.2	394
610.3	392
610.4	252
610.5	246
610.6	297
610.7	207
610.8	260
610.9	394
611	302
611.1	444
611.2	326
611.3	574
611.4	214
611.5	308
611.6	441
611.7	359
611.8	257
611.9	379
612	283
612.1	489
612.2	386
612.3	340
612.4	278
612.5	436
612.6	268
612.7	200
612.8	311
612.9	511
613	531
613.1	518
613.2	362
613.3	289
613.4	269
613.5	501
613.6	425
613.7	310
613.8	510
613.9	489
614	445
614.1	345
614.2	461
614.3	226
614.4	531
614.5	367
614.6	344
614.7	321
614.8	232
614.9	550
615	360
615.1	335
615.2	229
615.3	328
615.4	435
615.5	463
615.6	417
615.7	308
615.8	521
615.9	562
616	442
616.1	274
616.2	316
616.3	420
616.4	420
616.5	366
616.6	246
616.7	427
616.8	453
616.9	447
617	460
617.1	424
617.2	429
617.3	366
617.4	329
617.5	270
617.6	477
617.7	408
617.8	328
617.9	417
618	506
618.1	419
618.2	342
618.3	467
618.4	541
618.5	442
618.6	417
618.7	529
618.8	466
618.9	530
619	439
619.1	467
619.2	478
619.3	388
619.4	551
619.5	619
619.6	475
619.7	301
619.8	427
619.9	468
620	418
620.1	363
620.2	579
620.3	467
620.4	427
620.5	386
620.6	403
620.7	462
620.8	418
620.9	353
621	379
621.1	453
621.2	553
621.3	456
621.4	458
621.5	465
621.6	455
621.7	535
621.8	502
621.9	418
622	431
622.1	486
622.2	558
622.3	419
622.4	557
622.5	612
622.6	488
622.7	442
622.8	599
622.9	565
623	570
623.1	426
623.2	647
623.3	598
623.4	707
623.5	658
623.6	819
623.7	399
623.8	645
623.9	604
624	514
624.1	493
624.2	582
624.3	508
624.4	479
624.5	592
624.6	701
624.7	677
624.8	466
624.9	742
625	668
625.1	628
625.2	600
625.3	701
625.4	750
625.5	695
625.6	691
625.7	602
625.8	537
625.9	647
626	776
626.1	669
626.2	655
626.3	532
626.4	594
626.5	601
626.6	652
626.7	659
626.8	725
626.9	619
627	683
627.1	632
627.2	838
627.3	691
627.4	702
627.5	702
627.6	537
627.7	652
627.8	917
627.9	834
628	764
628.1	772
628.2	649
628.3	795
628.4	885
628.5	961
628.6	729
628.7	678
628.8	777
628.9	917
629	709
629.1	812
629.2	806
629.3	777
629.4	747
629.5	771
629.6	823
629.7	838
629.8	886
629.9	723
630	788
630.1	846
630.2	780
630.3	746
630.4	802
630.5	689
630.6	826
630.7	820
630.8	666
630.9	703
631	989
631.1	1067
631.2	1087
631.3	1103
631.4	1088
631.5	1021
631.6	879
631.7	1117
631.8	1137
631.9	1177
632	1177
632.1	1186
632.2	1379
632.3	1174
632.4	1360
632.5	1325
632.6	1556
632.7	1650
632.8	1812
632.9	1579
633	1756
633.1	1810
633.2	1971
633.3	2172
633.4	2209
633.5	2196
633.6	2513
633.7	2471
633.8	2718
633.9	2652
634	2732
634.1	2982
634.2	3059
634.3	3186
634.4	3751
634.5	4064
634.6	4269
634.7	4842
634.8	5564
634.9	6492
635	7086
635.1	8017
635.2	9386
635.3	11341
635.4	14330
635.5	19082
635.6	25892
635.7	32040
635.8	33397
635.9	30310
636	24653
636.1	18633
636.2	14371
636.3	10859
636.4	8477
636.5	6966
636.6	6726
636.7	6632
636.8	7628
636.9	9863
637	11652
637.1	12499
637.2	11156
637.3	9452
637.4	7778
637.5	6743
637.6	6038
637.7	5047
637.8	4380
637.9	3973
638	3955
638.1	4473
638.2	5280
638.3	7796
638.4	13359
638.5	20522
638.6	25527
638.7	20324
638.8	12145
638.9	7166
639	4440
639.1	3536
639.2	2954
639.3	2959
639.4	2598
639.5	2629
639.6	2601
639.7	2494
639.8	2562
639.9	2959
640	3607
640.1	3791
640.2	4098
640.3	4332
640.4	4859
640.5	4933
640.6	4729
640.7	4706
640.8	5206
640.9	5853
641	6303
641.1	6519
641.2	6431
641.3	6494
641.4	6763
641.5	6774
641.6	6500
641.7	6113
641.8	5472
641.9	5467
642	5972
642.1	6682
642.2	7680
642.3	7382
642.4	5615
642.5	4352
642.6	3389
642.7	3155
642.8	2933
642.9	2566
643	2664
643.1	2513
643.2	2632
643.3	2446
643.4	2512
643.5	2699
643.6	3346
643.7	4510
643.8	4824
643.9	4521
644	4228
644.1	4370
644.2	5583
644.3	7615
644.4	9163
644.5	7881
644.6	6070
644.7	5803
644.8	6734
644.9	6546
645	4460
645.1	2912
645.2	1928
645.3	1541
645.4	1271
645.5	1258
645.6	1487
645.7	2201
645.8	3293
645.9	3867
646	3063
646.1	2285
646.2	1902
646.3	1806
646.4	1307
646.5	1253
646.6	1092
646.7	1277
646.8	1500
646.9	1620
647	1710
647.1	1514
647.2	1583
647.3	2151
647.4	2232
647.5	1990
647.6	1397
647.7	1311
647.8	1356
647.9	1455
648	1495
648.1	1968
648.2	2598
648.3	3801
648.4	4772
648.5	4868
648.6	3373
648.7	2266
648.8	1803
648.9	1476
649	1435
649.1	1107
649.2	956
649.3	982
649.4	1039
649.5	895
649.6	824
649.7	1118
649.8	909
649.9	894
650	1203
650.1	1226
650.2	1423
650.3	1846
650.4	2037
650.5	2945
650.6	4477
650.7	6435
650.8	7836
650.9	6769
651	5937
651.1	5590
651.2	5289
651.3	4344
651.4	3580
651.5	3405
651.6	3301
651.7	2605
651.8	2293
651.9	2554
652	2926
652.1	3141
652.2	3752
652.3	4506
652.4	4175
652.5	3496
652.6	2928
652.7	2247
652.8	2319
652.9	2453
653	3240
653.1	3800
653.2	3885
653.3	3707
653.4	2912
653.5	2149
653.6	1494
653.7	1262
653.8	1073
653.9	946
654	1000
654.1	910
654.2	874
654.3	1016
654.4	781
654.5	856
654.6	936
654.7	614
654.8	394
654.9	628
655	768
655.1	798
655.2	916
655.3	788
655.4	836
655.5	1001
655.6	1101
655.7	972
655.8	1082
655.9	1247
656	1007
656.1	1072
656.2	1216
656.3	1251
656.4	869
656.5	1054
656.6	1041
656.7	846
656.8	1062
656.9	1299
657	1402
657.1	1409
657.2	1809
657.3	1751
657.4	1551
657.5	1747
657.6	1826
657.7	1878
657.8	1818
657.9	1998
658	2012
658.1	2170
658.2	1795
658.3	1795
658.4	2052
658.5	2105
658.6	1990
658.7	2117
658.8	2063
658.9	1916
659	1957
659.1	1960
659.2	2221
659.3	2162
659.4	1945
659.5	1860
659.6	1710
659.7	1313
659.8	1206
659.9	992
660	845
660.1	847
660.2	574
660.3	822
660.4	752
660.5	702
660.6	995
660.7	963
660.8	724
660.9	460
661	614
661.1	735
661.2	776
661.3	698
661.4	860
661.5	833
661.6	820
661.7	761
661.8	765
661.9	660
662	485
662.1	561
662.2	559
662.3	446
662.4	615
662.5	579
662.6	654
662.7	610
662.8	616
662.9	459
663	653
663.1	455
663.2	700
663.3	839
663.4	867
663.5	646
663.6	767
663.7	928
663.8	905
663.9	1192
664	856
664.1	916
664.2	874
664.3	812
664.4	527
664.5	649
664.6	734
664.7	762
664.8	1043
664.9	812
665	977
665.1	960
665.2	1081
665.3	965
665.4	1156
665.5	970
665.6	853
665.7	1159
665.8	1283
665.9	1620
666	1609
666.1	1922
666.2	2147
666.3	1986
666.4	1786
666.5	2014
666.6	2037
666.7	2240
666.8	2489
666.9	2920
667	3254
667.1	3156
667.2	3221
667.3	2911
667.4	2660
667.5	2119
667.6	1761
667.7	2109
667.8	2301
667.9	2377
668	3016
668.1	3390
668.2	3566
668.3	3608
668.4	3418
668.5	2779
668.6	1955
668.7	1439
668.8	1289
668.9	1195
669	1224
669.1	987
669.2	1002
669.3	1147
669.4	1241
669.5	1087
669.6	1165
669.7	867
669.8	833
669.9	765
670	825
670.1	559
670.2	713
670.3	709
670.4	610
670.5	415
670.6	537
670.7	670
670.8	439
670.9	675
671	629
671.1	396
671.2	372
671.3	481
671.4	479
671.5	444
671.6	398
671.7	434
671.8	320
671.9	466
672	540
672.1	373
672.2	327
672.3	154
672.4	125
672.5	366
672.6	414
672.7	387
672.8	226
672.9	407
673	226
673.1	287
673.2	456
673.3	221
673.4	1
673.5	263
673.6	228
673.7	297
673.8	493
673.9	477
674	427
674.1	404
674.2	177
674.3	368
674.4	401
674.5	256
674.6	517
674.7	444
674.8	245
674.9	596
675	326
675.1	269
675.2	477
675.3	507
675.4	534
675.5	522
675.6	357
675.7	329
675.8	314
675.9	358
676	444
676.1	318
676.2	380
676.3	535
676.4	310
676.5	151
676.6	551
676.7	222
676.8	305
676.9	167
677	406
677.1	315
677.2	327
677.3	307
677.4	359
677.5	395
677.6	262
677.7	123
677.8	203
677.9	109
678	222
678.1	349
678.2	250
678.3	232
678.4	178
678.5	411
678.6	218
678.7	418
678.8	204
678.9	176
679	331
679.1	321
679.2	376
679.3	589
679.4	318
679.5	118
679.6	203
679.7	534
679.8	222
679.9	436
680	306
680.1	402
680.2	275
680.3	406
680.4	604
680.5	345
680.6	330
680.7	556
680.8	479
680.9	228
681	195
681.1	328
681.2	52
681.3	404
681.4	487
681.5	317
681.6	249
681.7	243
681.8	142
681.9	279
682	398
682.1	354
682.2	563
682.3	526
682.4	621
682.5	468
682.6	452
682.7	559
682.8	574
682.9	455
683	390
683.1	535
683.2	354
683.3	76
683.4	415
683.5	394
683.6	562
683.7	562
683.8	429
683.9	356
684	517
684.1	501
684.2	453
684.3	539
684.4	516
684.5	632
684.6	504
684.7	576
684.8	83
684.9	453
685	362
685.1	429
685.2	373
685.3	635
685.4	359
685.5	480
685.6	237
685.7	402
685.8	298
685.9	286
686	355
686.1	289
686.2	295
686.3	318
686.4	369
686.5	603
686.6	517
686.7	384
686.8	380
686.9	378
687	211
687.1	423
687.2	125
687.3	345
687.4	169
687.5	322
687.6	372
687.7	389
687.8	452
687.9	336
688	363
688.1	539
688.2	242
688.3	321
688.4	127
688.5	173
688.6	503
688.7	244
688.8	178
688.9	277
689	417
689.1	542
689.2	303
689.3	673
689.4	399
689.5	337
689.6	119
689.7	319
689.8	407
689.9	386
690	170
690.1	184
690.2	379
690.3	226
690.4	413
690.5	384
690.6	372
690.7	575
690.8	191
690.9	87
691	373
691.1	392
691.2	256
691.3	383
691.4	548
691.5	394
691.6	429
691.7	511
691.8	407
691.9	374
692	226
692.1	467
692.2	486
692.3	369
692.4	163
692.5	462
692.6	393
692.7	437
692.8	336
692.9	419
693	143
693.1	347
693.2	269
693.3	373
693.4	433
693.5	457
693.6	415
693.7	518
693.8	531
693.9	510
694	548
694.1	307
694.2	471
694.3	413
694.4	190
694.5	150
694.6	452
694.7	465
694.8	480
694.9	393
695	474
695.1	447
695.2	496
695.3	454
695.4	305
695.5	447
695.6	227
695.7	404
695.8	288
695.9	708
696	315
696.1	421
696.2	482
696.3	420
696.4	629
696.5	454
696.6	571
696.7	486
696.8	159
696.9	296
697	354
697.1	375
697.2	471
697.3	307
697.4	341
697.5	507
697.6	133
697.7	433
697.8	508
697.9	278
698	326
698.1	345
698.2	593
698.3	525
698.4	402
698.5	382
698.6	223
698.7	205
698.8	564
698.9	489
699	249
699.1	173
699.2	85
699.3	505
699.4	660
699.5	541
699.6	460
699.7	417
699.8	262
699.9	486
700	254
