# Optical absorption spectrum of Program fragment delivered error ``Can't call method "sample_" on an undefined value at abs.template line 1.'':LUAG (Ho:Lu3Al5O12)
# assuming unity concentration per meter.  This data was part of the NASA 
# Laser Spectra Database found on the web until December of 2005 which
# was created by Pat Cross working at NASA Langley Research Center, Internal
# Operations Group, Aerospace Electronics Systems Division, Remote Sensing.
#
# The spectra was collected by BMW on 10 February 1993 and was 
# annotated on 10 February 1993.  The sample name was "" was a 9.9300
# long piece of :.   
# The incident light was unpolarized.
#
# Spectra were recorded from 860 to 910nm
# every 0.1nm at room temperature.
#
# FILE NAME ON PC = LUAG3.SP NO_POINTS = 501. pts DATA_INTV = .000100 æm MIN_LAMBDA = .860000 æm MIN_DATA = .77230 MAX_LAMBDA = .910000 æm MAX_DATA = 1.08810 SCANSPEED = 15.000000 NM/MIN SLITWIDTH= .00000 æm RESP TIME = .5 sec SENSITIVITY = 5 DATE=93/02/10 14:56:15 93/02/10 LUAG3.
#
##Wavelength (nm)	Absorbance (/meter) 
860	1
860.1	1
860.2	1
860.3	1
860.4	1
860.5	1
860.6	1
860.7	1
860.8	1
860.9	6
861	44
861.1	13
861.2	1
861.3	1
861.4	1
861.5	100
861.6	32
861.7	93
861.8	32
861.9	40
862	86
862.1	15
862.2	54
862.3	28
862.4	32
862.5	42
862.6	1
862.7	76
862.8	105
862.9	13
863	1
863.1	42
863.2	6
863.3	76
863.4	35
863.5	3
863.6	69
863.7	23
863.8	35
863.9	1
864	50
864.1	11
864.2	25
864.3	1
864.4	1
864.5	30
864.6	1
864.7	1
864.8	1
864.9	72
865	1
865.1	4
865.2	1
865.3	4
865.4	28
865.5	38
865.6	72
865.7	1
865.8	1
865.9	43
866	9
866.1	9
866.2	45
866.3	72
866.4	82
866.5	38
866.6	1
866.7	1
866.8	86
866.9	50
867	6
867.1	16
867.2	1
867.3	1
867.4	1
867.5	1
867.6	1
867.7	62
867.8	60
867.9	79
868	4
868.1	31
868.2	1
868.3	19
868.4	21
868.5	74
868.6	65
868.7	1
868.8	21
868.9	1
869	1
869.1	1
869.2	9
869.3	36
869.4	92
869.5	1
869.6	1
869.7	31
869.8	1
869.9	67
870	65
870.1	26
870.2	1
870.3	38
870.4	1
870.5	1
870.6	80
870.7	16
870.8	1
870.9	46
871	1
871.1	85
871.2	12
871.3	1
871.4	1
871.5	75
871.6	51
871.7	14
871.8	1
871.9	1
872	1
872.1	1
872.2	46
872.3	5
872.4	22
872.5	1
872.6	1
872.7	17
872.8	99
872.9	1
873	1
873.1	2
873.2	60
873.3	48
873.4	151
873.5	187
873.6	68
873.7	310
873.8	190
873.9	219
874	124
874.1	224
874.2	199
874.3	207
874.4	234
874.5	104
874.6	19
874.7	2
874.8	32
874.9	10
875	90
875.1	153
875.2	66
875.3	36
875.4	49
875.5	27
875.6	122
875.7	87
875.8	1
875.9	1
876	207
876.1	112
876.2	232
876.3	107
876.4	286
876.5	288
876.6	237
876.7	354
876.8	528
876.9	672
877	859
877.1	793
877.2	685
877.3	672
877.4	650
877.5	523
877.6	254
877.7	330
877.8	144
877.9	122
878	34
878.1	1
878.2	49
878.3	30
878.4	117
878.5	254
878.6	88
878.7	51
878.8	66
878.9	127
879	127
879.1	73
879.2	20
879.3	1
879.4	144
879.5	276
879.6	269
879.7	266
879.8	318
879.9	335
880	503
880.1	703
880.2	940
880.3	1144
880.4	1488
880.5	1496
880.6	1454
880.7	1490
880.8	1247
880.9	1098
881	821
881.1	531
881.2	264
881.3	394
881.4	335
881.5	98
881.6	64
881.7	171
881.8	61
881.9	127
882	66
882.1	1
882.2	152
882.3	142
882.4	96
882.5	303
882.6	284
882.7	201
882.8	636
882.9	811
883	801
883.1	1004
883.2	1175
883.3	1142
883.4	1057
883.5	842
883.6	728
883.7	756
883.8	457
883.9	606
884	526
884.1	444
884.2	481
884.3	174
884.4	247
884.5	184
884.6	363
884.7	123
884.8	287
884.9	198
885	225
885.1	611
885.2	452
885.3	519
885.4	299
885.5	427
885.6	571
885.7	704
885.8	699
885.9	586
886	544
886.1	651
886.2	284
886.3	596
886.4	454
886.5	316
886.6	223
886.7	415
886.8	430
886.9	172
887	358
887.1	248
887.2	216
887.3	380
887.4	221
887.5	206
887.6	169
887.7	245
887.8	199
887.9	228
888	326
888.1	410
888.2	634
888.3	659
888.4	624
888.5	759
888.6	769
888.7	564
888.8	487
888.9	346
889	517
889.1	504
889.2	346
889.3	182
889.4	1
889.5	167
889.6	165
889.7	50
889.8	1
889.9	199
890	358
890.1	65
890.2	148
890.3	1
890.4	341
890.5	1
890.6	41
890.7	1
890.8	1
890.9	7
891	1
891.1	1
891.2	92
891.3	277
891.4	243
891.5	359
891.6	322
891.7	435
891.8	542
891.9	423
892	567
892.1	679
892.2	642
892.3	527
892.4	557
892.5	557
892.6	89
892.7	219
892.8	393
892.9	515
893	231
893.1	136
893.2	332
893.3	470
893.4	212
893.5	295
893.6	5
893.7	283
893.8	58
893.9	75
894	231
894.1	253
894.2	241
894.3	248
894.4	129
894.5	483
894.6	517
894.7	740
894.8	557
894.9	667
895	488
895.1	448
895.2	371
895.3	381
895.4	192
895.5	217
895.6	231
895.7	275
895.8	396
895.9	83
896	158
896.1	170
896.2	170
896.3	320
896.4	246
896.5	117
896.6	386
896.7	258
896.8	202
896.9	293
897	418
897.1	75
897.2	249
897.3	1
897.4	161
897.5	146
897.6	127
897.7	1
897.8	1
897.9	1
898	1
898.1	54
898.2	1
898.3	1
898.4	42
898.5	1
898.6	10
898.7	1
898.8	1
898.9	15
899	1
899.1	144
899.2	1
899.3	17
899.4	1
899.5	1
899.6	1
899.7	1
899.8	1
899.9	1
900	158
900.1	8
900.2	30
900.3	22
900.4	1
900.5	107
900.6	156
900.7	1
900.8	8
900.9	1
901	1
901.1	151
901.2	1
901.3	32
901.4	1
901.5	1
901.6	1
901.7	1
901.8	1
901.9	1
902	18
902.1	1
902.2	1
902.3	1
902.4	1
902.5	37
902.6	64
902.7	1
902.8	1
902.9	91
903	1
903.1	1
903.2	1
903.3	1
903.4	1
903.5	1
903.6	1
903.7	1
903.8	139
903.9	28
904	156
904.1	69
904.2	1
904.3	1
904.4	154
904.5	174
904.6	181
904.7	1
904.8	1
904.9	1
905	1
905.1	1
905.2	1
905.3	1
905.4	1
905.5	1
905.6	176
905.7	1
905.8	1
905.9	1
906	132
906.1	181
906.2	1
906.3	33
906.4	1
906.5	1
906.6	40
906.7	169
906.8	1
906.9	1
907	1
907.1	1
907.2	98
907.3	1
907.4	81
907.5	60
907.6	323
907.7	35
907.8	1
907.9	103
908	390
908.1	1
908.2	208
908.3	196
908.4	108
908.5	1
908.6	89
908.7	1
908.8	218
908.9	62
909	1
909.1	1
909.2	1
909.3	62
909.4	1
909.5	28
909.6	43
909.7	1
909.8	1
909.9	1
910	1
