# Optical absorption spectrum of Program fragment delivered error ``Can't call method "sample_" on an undefined value at abs.template line 1.'':LUAG (Ho:Lu3Al5O12)
# assuming unity concentration per meter.  This data was part of the NASA 
# Laser Spectra Database found on the web until December of 2005 which
# was created by Pat Cross working at NASA Langley Research Center, Internal
# Operations Group, Aerospace Electronics Systems Division, Remote Sensing.
#
# The spectra was collected by BMW on 12 February 1993 and was 
# annotated on 12 February 1993.  The sample name was "" was a 9.9300
# long piece of :.   
# The incident light was unpolarized.
#
# Spectra were recorded from 1050 to 1250nm
# every 0.2nm at room temperature.
#
# FILE NAME ON PC = LUAG2.SP NO_POINTS = 1001. pts DATA_INTV = .000200 æm MIN_LAMBDA = 1.050000 æm MIN_DATA = .61790 MAX_LAMBDA = 1.250000 æm MAX_DATA = .85300 SCANSPEED = 15.000000 NM/MIN SLITWIDTH= .00000 æm RESP TIME = .5 sec SENSITIVITY = 5 DATE=93/02/12 12:07:12 93/02/12 LUAG2.
#
##Wavelength (nm)	Absorbance (/meter) 
1050	293
1050.2	236
1050.4	219
1050.6	188
1050.8	275
1051	228
1051.2	316
1051.4	218
1051.6	213
1051.8	282
1052	224
1052.2	262
1052.4	217
1052.6	203
1052.8	219
1053	138
1053.2	261
1053.4	209
1053.6	142
1053.8	216
1054	161
1054.2	213
1054.4	294
1054.6	175
1054.8	258
1055	222
1055.2	307
1055.4	207
1055.6	212
1055.8	266
1056	238
1056.2	188
1056.4	213
1056.6	304
1056.8	301
1057	318
1057.2	382
1057.4	267
1057.6	346
1057.8	257
1058	198
1058.2	210
1058.4	91
1058.6	166
1058.8	204
1059	187
1059.2	249
1059.4	270
1059.6	282
1059.8	313
1060	203
1060.2	263
1060.4	279
1060.6	179
1060.8	276
1061	262
1061.2	219
1061.4	359
1061.6	316
1061.8	247
1062	376
1062.2	304
1062.4	263
1062.6	265
1062.8	225
1063	258
1063.2	303
1063.4	193
1063.6	298
1063.8	228
1064	285
1064.2	300
1064.4	268
1064.6	316
1064.8	232
1065	196
1065.2	213
1065.4	203
1065.6	296
1065.8	296
1066	334
1066.2	322
1066.4	372
1066.6	252
1066.8	324
1067	283
1067.2	211
1067.4	364
1067.6	197
1067.8	206
1068	249
1068.2	113
1068.4	213
1068.6	234
1068.8	222
1069	245
1069.2	271
1069.4	233
1069.6	254
1069.8	247
1070	192
1070.2	161
1070.4	142
1070.6	289
1070.8	275
1071	177
1071.2	234
1071.4	167
1071.6	179
1071.8	205
1072	171
1072.2	195
1072.4	245
1072.6	230
1072.8	237
1073	232
1073.2	206
1073.4	294
1073.6	108
1073.8	265
1074	270
1074.2	106
1074.4	207
1074.6	160
1074.8	195
1075	221
1075.2	178
1075.4	223
1075.6	266
1075.8	275
1076	223
1076.2	210
1076.4	144
1076.6	213
1076.8	80
1077	65
1077.2	183
1077.4	110
1077.6	186
1077.8	235
1078	178
1078.2	178
1078.4	187
1078.6	180
1078.8	263
1079	241
1079.2	201
1079.4	182
1079.6	227
1079.8	191
1080	255
1080.2	247
1080.4	247
1080.6	214
1080.8	180
1081	197
1081.2	159
1081.4	163
1081.6	151
1081.8	115
1082	258
1082.2	229
1082.4	248
1082.6	224
1082.8	150
1083	174
1083.2	176
1083.4	107
1083.6	168
1083.8	161
1084	135
1084.2	163
1084.4	237
1084.6	368
1084.8	332
1085	241
1085.2	248
1085.4	162
1085.6	176
1085.8	181
1086	164
1086.2	142
1086.4	126
1086.6	159
1086.8	225
1087	268
1087.2	260
1087.4	225
1087.6	205
1087.8	212
1088	293
1088.2	286
1088.4	205
1088.6	102
1088.8	171
1089	195
1089.2	228
1089.4	163
1089.6	249
1089.8	232
1090	277
1090.2	158
1090.4	243
1090.6	226
1090.8	248
1091	198
1091.2	326
1091.4	316
1091.6	257
1091.8	259
1092	230
1092.2	244
1092.4	242
1092.6	163
1092.8	225
1093	163
1093.2	265
1093.4	219
1093.6	283
1093.8	264
1094	393
1094.2	352
1094.4	333
1094.6	249
1094.8	299
1095	168
1095.2	85
1095.4	125
1095.6	227
1095.8	231
1096	312
1096.2	236
1096.4	231
1096.6	331
1096.8	331
1097	364
1097.2	271
1097.4	326
1097.6	330
1097.8	273
1098	239
1098.2	258
1098.4	248
1098.6	241
1098.8	310
1099	286
1099.2	274
1099.4	288
1099.6	200
1099.8	333
1100	280
1100.2	316
1100.4	237
1100.6	275
1100.8	260
1101	284
1101.2	224
1101.4	200
1101.6	288
1101.8	145
1102	274
1102.2	343
1102.4	271
1102.6	326
1102.8	311
1103	335
1103.2	364
1103.4	265
1103.6	330
1103.8	409
1104	262
1104.2	279
1104.4	250
1104.6	322
1104.8	290
1105	176
1105.2	312
1105.4	335
1105.6	306
1105.8	323
1106	344
1106.2	270
1106.4	334
1106.6	294
1106.8	332
1107	339
1107.2	245
1107.4	255
1107.6	305
1107.8	247
1108	403
1108.2	318
1108.4	302
1108.6	304
1108.8	311
1109	397
1109.2	294
1109.4	248
1109.6	360
1109.8	408
1110	360
1110.2	331
1110.4	288
1110.6	290
1110.8	393
1111	261
1111.2	309
1111.4	361
1111.6	229
1111.8	322
1112	315
1112.2	322
1112.4	336
1112.6	375
1112.8	322
1113	374
1113.2	360
1113.4	352
1113.6	180
1113.8	199
1114	270
1114.2	282
1114.4	313
1114.6	368
1114.8	274
1115	334
1115.2	423
1115.4	379
1115.6	475
1115.8	333
1116	384
1116.2	403
1116.4	419
1116.6	388
1116.8	407
1117	390
1117.2	549
1117.4	551
1117.6	556
1117.8	694
1118	733
1118.2	772
1118.4	1066
1118.6	1331
1118.8	1686
1119	2046
1119.2	2287
1119.4	2382
1119.6	2229
1119.8	1957
1120	1629
1120.2	1355
1120.4	1154
1120.6	1051
1120.8	927
1121	940
1121.2	1004
1121.4	1021
1121.6	1095
1121.8	1065
1122	1023
1122.2	966
1122.4	882
1122.6	805
1122.8	798
1123	805
1123.2	753
1123.4	797
1123.6	876
1123.8	1039
1124	1106
1124.2	1273
1124.4	1513
1124.6	1579
1124.8	1761
1125	1918
1125.2	1784
1125.4	1645
1125.6	1438
1125.8	1262
1126	1134
1126.2	1034
1126.4	1041
1126.6	1086
1126.8	1223
1127	1562
1127.2	2117
1127.4	2613
1127.6	3522
1127.8	4607
1128	5578
1128.2	6223
1128.4	6514
1128.6	6181
1128.8	5343
1129	4256
1129.2	3408
1129.4	2649
1129.6	2120
1129.8	2002
1130	1831
1130.2	1981
1130.4	2343
1130.6	2848
1130.8	3460
1131	4100
1131.2	4453
1131.4	4488
1131.6	4335
1131.8	4039
1132	3884
1132.2	3886
1132.4	4180
1132.6	4364
1132.8	4402
1133	4261
1133.2	3848
1133.4	3472
1133.6	2954
1133.8	2556
1134	2327
1134.2	2145
1134.4	1944
1134.6	1853
1134.8	1796
1135	1829
1135.2	1904
1135.4	2118
1135.6	2472
1135.8	2727
1136	3089
1136.2	3394
1136.4	3598
1136.6	3675
1136.8	3799
1137	3691
1137.2	3491
1137.4	3240
1137.6	2901
1137.8	2593
1138	2197
1138.2	1899
1138.4	1580
1138.6	1336
1138.8	1147
1139	1057
1139.2	916
1139.4	948
1139.6	889
1139.8	871
1140	952
1140.2	908
1140.4	977
1140.6	1019
1140.8	1121
1141	1306
1141.2	1618
1141.4	2018
1141.6	2490
1141.8	2794
1142	3230
1142.2	3106
1142.4	2935
1142.6	2737
1142.8	2391
1143	2263
1143.2	2314
1143.4	2521
1143.6	2986
1143.8	3609
1144	4272
1144.2	4744
1144.4	5048
1144.6	5203
1144.8	5008
1145	4776
1145.2	4385
1145.4	3903
1145.6	3402
1145.8	2973
1146	2799
1146.2	2728
1146.4	2877
1146.6	3157
1146.8	3370
1147	3448
1147.2	3454
1147.4	3134
1147.6	2852
1147.8	2458
1148	2106
1148.2	1934
1148.4	1714
1148.6	1686
1148.8	1835
1149	1853
1149.2	1988
1149.4	1988
1149.6	1852
1149.8	1744
1150	1531
1150.2	1379
1150.4	1013
1150.6	913
1150.8	748
1151	687
1151.2	521
1151.4	524
1151.6	446
1151.8	414
1152	562
1152.2	438
1152.4	416
1152.6	518
1152.8	440
1153	406
1153.2	353
1153.4	326
1153.6	314
1153.8	276
1154	307
1154.2	338
1154.4	340
1154.6	337
1154.8	352
1155	323
1155.2	358
1155.4	344
1155.6	324
1155.8	339
1156	267
1156.2	319
1156.4	355
1156.6	312
1156.8	383
1157	374
1157.2	419
1157.4	463
1157.6	458
1157.8	596
1158	749
1158.2	840
1158.4	1068
1158.6	1232
1158.8	1252
1159	1404
1159.2	1434
1159.4	1454
1159.6	1655
1159.8	1576
1160	1581
1160.2	1499
1160.4	1440
1160.6	1372
1160.8	1407
1161	1422
1161.2	1475
1161.4	1462
1161.6	1449
1161.8	1383
1162	1227
1162.2	1144
1162.4	1022
1162.6	770
1162.8	579
1163	586
1163.2	465
1163.4	503
1163.6	399
1163.8	534
1164	541
1164.2	454
1164.4	536
1164.6	568
1164.8	439
1165	470
1165.2	439
1165.4	299
1165.6	354
1165.8	272
1166	241
1166.2	291
1166.4	210
1166.6	262
1166.8	190
1167	195
1167.2	221
1167.4	194
1167.6	132
1167.8	173
1168	201
1168.2	287
1168.4	263
1168.6	198
1168.8	351
1169	293
1169.2	181
1169.4	231
1169.6	171
1169.8	92
1170	125
1170.2	1
1170.4	156
1170.6	194
1170.8	227
1171	241
1171.2	251
1171.4	308
1171.6	337
1171.8	200
1172	219
1172.2	271
1172.4	166
1172.6	228
1172.8	190
1173	175
1173.2	290
1173.4	282
1173.6	172
1173.8	277
1174	231
1174.2	289
1174.4	150
1174.6	219
1174.8	327
1175	235
1175.2	192
1175.4	280
1175.6	213
1175.8	227
1176	323
1176.2	225
1176.4	294
1176.6	217
1176.8	274
1177	315
1177.2	303
1177.4	307
1177.6	367
1177.8	286
1178	425
1178.2	478
1178.4	367
1178.6	410
1178.8	359
1179	268
1179.2	318
1179.4	282
1179.6	236
1179.8	286
1180	252
1180.2	233
1180.4	288
1180.6	350
1180.8	297
1181	292
1181.2	369
1181.4	323
1181.6	229
1181.8	296
1182	296
1182.2	243
1182.4	229
1182.6	286
1182.8	255
1183	281
1183.2	290
1183.4	297
1183.6	352
1183.8	266
1184	383
1184.2	321
1184.4	282
1184.6	349
1184.8	354
1185	344
1185.2	365
1185.4	356
1185.6	295
1185.8	382
1186	307
1186.2	237
1186.4	287
1186.6	323
1186.8	299
1187	357
1187.2	246
1187.4	373
1187.6	315
1187.8	353
1188	332
1188.2	334
1188.4	216
1188.6	249
1188.8	254
1189	299
1189.2	256
1189.4	287
1189.6	366
1189.8	337
1190	356
1190.2	412
1190.4	358
1190.6	377
1190.8	334
1191	363
1191.2	399
1191.4	415
1191.6	442
1191.8	439
1192	502
1192.2	504
1192.4	511
1192.6	443
1192.8	460
1193	518
1193.2	513
1193.4	556
1193.6	578
1193.8	578
1194	588
1194.2	619
1194.4	604
1194.6	592
1194.8	609
1195	567
1195.2	521
1195.4	496
1195.6	448
1195.8	540
1196	438
1196.2	525
1196.4	617
1196.6	505
1196.8	471
1197	434
1197.2	483
1197.4	478
1197.6	494
1197.8	460
1198	513
1198.2	545
1198.4	598
1198.6	649
1198.8	639
1199	669
1199.2	671
1199.4	690
1199.6	700
1199.8	690
1200	704
1200.2	756
1200.4	667
1200.6	667
1200.8	780
1201	834
1201.2	866
1201.4	910
1201.6	994
1201.8	1099
1202	1174
1202.2	1312
1202.4	1372
1202.6	1573
1202.8	1630
1203	1601
1203.2	1581
1203.4	1591
1203.6	1435
1203.8	1331
1204	1290
1204.2	1187
1204.4	1259
1204.6	1099
1204.8	1206
1205	1287
1205.2	1327
1205.4	1461
1205.6	1456
1205.8	1525
1206	1558
1206.2	1588
1206.4	1399
1206.6	1328
1206.8	1257
1207	1057
1207.2	1004
1207.4	875
1207.6	907
1207.8	850
1208	847
1208.2	874
1208.4	835
1208.6	810
1208.8	790
1209	841
1209.2	807
1209.4	940
1209.6	890
1209.8	890
1210	890
1210.2	885
1210.4	956
1210.6	1021
1210.8	1108
1211	1198
1211.2	1213
1211.4	1405
1211.6	1321
1211.8	1341
1212	1162
1212.2	1032
1212.4	965
1212.6	910
1212.8	858
1213	791
1213.2	756
1213.4	619
1213.6	553
1213.8	553
1214	516
1214.2	448
1214.4	499
1214.6	528
1214.8	557
1215	574
1215.2	661
1215.4	676
1215.6	693
1215.8	786
1216	781
1216.2	879
1216.4	892
1216.6	941
1216.8	956
1217	1020
1217.2	940
1217.4	950
1217.6	770
1217.8	730
1218	742
1218.2	605
1218.4	641
1218.6	546
1218.8	560
1219	575
1219.2	555
1219.4	611
1219.6	535
1219.8	603
1220	657
1220.2	603
1220.4	598
1220.6	588
1220.8	503
1221	464
1221.2	447
1221.4	347
1221.6	403
1221.8	400
1222	296
1222.2	323
1222.4	342
1222.6	344
1222.8	334
1223	202
1223.2	254
1223.4	139
1223.6	261
1223.8	259
1224	191
1224.2	203
1224.4	301
1224.6	260
1224.8	219
1225	241
1225.2	238
1225.4	231
1225.6	202
1225.8	228
1226	175
1226.2	125
1226.4	61
1226.6	172
1226.8	179
1227	127
1227.2	215
1227.4	112
1227.6	224
1227.8	308
1228	260
1228.2	257
1228.4	207
1228.6	262
1228.8	297
1229	220
1229.2	249
1229.4	256
1229.6	189
1229.8	217
1230	253
1230.2	128
1230.4	250
1230.6	159
1230.8	202
1231	168
1231.2	175
1231.4	235
1231.6	273
1231.8	149
1232	237
1232.2	208
1232.4	203
1232.6	227
1232.8	136
1233	183
1233.2	257
1233.4	190
1233.6	180
1233.8	218
1234	235
1234.2	358
1234.4	263
1234.6	232
1234.8	201
1235	124
1235.2	239
1235.4	234
1235.6	164
1235.8	174
1236	193
1236.2	168
1236.4	219
1236.6	218
1236.8	261
1237	261
1237.2	179
1237.4	234
1237.6	328
1237.8	208
1238	258
1238.2	210
1238.4	164
1238.6	305
1238.8	228
1239	219
1239.2	204
1239.4	111
1239.6	189
1239.8	187
1240	155
1240.2	249
1240.4	155
1240.6	179
1240.8	272
1241	267
1241.2	315
1241.4	293
1241.6	209
1241.8	235
1242	273
1242.2	244
1242.4	225
1242.6	194
1242.8	141
1243	261
1243.2	232
1243.4	267
1243.6	248
1243.8	262
1244	327
1244.2	264
1244.4	266
1244.6	300
1244.8	177
1245	177
1245.2	199
1245.4	184
1245.6	181
1245.8	220
1246	265
1246.2	212
1246.4	272
1246.6	240
1246.8	274
1247	199
1247.2	221
1247.4	295
1247.6	240
1247.8	259
1248	316
1248.2	186
1248.4	306
1248.6	258
1248.8	250
1249	212
1249.2	212
1249.4	152
1249.6	223
1249.8	190
1250	230
