# Optical absorption spectrum of Program fragment delivered error ``Can't call method "sample_" on an undefined value at abs.template line 1.'':YAG (Ho:Y3Al5O12)
# assuming unity concentration per meter.  This data was part of the NASA 
# Laser Spectra Database found on the web until December of 2005 which
# was created by Pat Cross working at NASA Langley Research Center, Internal
# Operations Group, Aerospace Electronics Systems Division, Remote Sensing.
#
# The spectra was collected by TLL on 25 July 1988 and was 
# annotated on 10 August 1988.  The sample name was "" was a 4.8400
# long piece of :.   
# The incident light had unknown polarization.
#
# Spectra were recorded from 300 to 860nm
# every 0.2nm at room temperature.
#
# FILE NAME ON PE-3600 = 002T9.SP ON PC = 002T0009.SP NO_POINTS = 2801. pts DATA_INTV = .000200 æm MIN_LAMBDA = .300000 æm MIN_DATA = .00000 MAX_LAMBDA = .860000 æm MAX_DATA = 43301.00 SCANSPEED = .03000000 æm/min SLITWIDTH= .00020 æmITA = 0. RESP = .500 sec ISMS = 0. DATE=88/07/25 INST = 509. ? = 0.
#
##Wavelength (nm)	Absorbance (/meter) 
300	683
300.2	700
300.4	595
300.6	577
300.8	426
301	465
301.2	536
301.4	392
301.6	387
301.8	428
302	394
302.2	607
302.4	502
302.6	621
302.8	600
303	349
303.2	477
303.4	453
303.6	497
303.8	297
304	331
304.2	457
304.4	329
304.6	361
304.8	446
305	424
305.2	585
305.4	419
305.6	406
305.8	449
306	326
306.2	541
306.4	398
306.6	436
306.8	405
307	433
307.2	307
307.4	412
307.6	426
307.8	389
308	439
308.2	492
308.4	402
308.6	320
308.8	354
309	383
309.2	348
309.4	352
309.6	495
309.8	328
310	368
310.2	304
310.4	606
310.6	467
310.8	404
311	364
311.2	347
311.4	357
311.6	312
311.8	376
312	356
312.2	320
312.4	366
312.6	330
312.8	474
313	400
313.2	362
313.4	446
313.6	462
313.8	351
314	220
314.2	462
314.4	440
314.6	378
314.8	336
315	292
315.2	355
315.4	313
315.6	421
315.8	254
316	402
316.2	392
316.4	327
316.6	441
316.8	377
317	420
317.2	347
317.4	430
317.6	371
317.8	438
318	342
318.2	336
318.4	409
318.6	303
318.8	347
319	389
319.2	471
319.4	311
319.6	237
319.8	332
320	303
320.2	358
320.4	333
320.6	346
320.8	334
321	254
321.2	344
321.4	302
321.6	340
321.8	351
322	330
322.2	265
322.4	267
322.6	369
322.8	344
323	369
323.2	393
323.4	430
323.6	367
323.8	441
324	653
324.2	281
324.4	370
324.6	452
324.8	515
325	714
325.2	431
325.4	365
325.6	580
325.8	320
326	396
326.2	422
326.4	434
326.6	425
326.8	351
327	308
327.2	279
327.4	430
327.6	399
327.8	407
328	328
328.2	384
328.4	349
328.6	294
328.8	381
329	435
329.2	401
329.4	395
329.6	367
329.8	509
330	780
330.2	1005
330.4	1017
330.6	1783
330.8	940
331	1026
331.2	677
331.4	499
331.6	805
331.8	1486
332	1645
332.2	2266
332.4	1853
332.6	1120
332.8	1194
333	1334
333.2	1315
333.4	2194
333.6	1973
333.8	1692
334	2492
334.2	1904
334.4	1262
334.6	3193
334.8	2216
335	5200
335.2	4228
335.4	1917
335.6	3407
335.8	1133
336	843
336.2	833
336.4	1600
336.6	917
336.8	723
337	629
337.2	620
337.4	693
337.6	698
337.8	684
338	608
338.2	645
338.4	679
338.6	575
338.8	475
339	453
339.2	502
339.4	495
339.6	633
339.8	553
340	457
340.2	662
340.4	556
340.6	509
340.8	590
341	646
341.2	654
341.4	1011
341.6	1204
341.8	1111
342	1054
342.2	767
342.4	713
342.6	722
342.8	851
343	1267
343.2	1794
343.4	1540
343.6	1184
343.8	862
344	922
344.2	983
344.4	1130
344.6	1766
344.8	1854
345	1481
345.2	1166
345.4	1441
345.6	1227
345.8	1921
346	2575
346.2	1099
346.4	931
346.6	1547
346.8	2636
347	2032
347.2	2377
347.4	1829
347.6	699
347.8	636
348	549
348.2	791
348.4	1040
348.6	977
348.8	1332
349	1161
349.2	849
349.4	804
349.6	1035
349.8	617
350	561
350.2	623
350.4	646
350.6	684
350.8	976
351	1338
351.2	722
351.4	752
351.6	702
351.8	638
352	633
352.2	639
352.4	648
352.6	631
352.8	804
353	965
353.2	874
353.4	708
353.6	629
353.8	667
354	772
354.2	928
354.4	1280
354.6	1229
354.8	1537
355	1952
355.2	2392
355.4	1852
355.6	1537
355.8	1837
356	2485
356.2	2864
356.4	2226
356.6	1759
356.8	1819
357	1913
357.2	2270
357.4	2626
357.6	3116
357.8	4893
358	5152
358.2	4239
358.4	3761
358.6	3082
358.8	2257
359	2216
359.2	2843
359.4	3362
359.6	3208
359.8	3083
360	3784
360.2	4205
360.4	3869
360.6	2438
360.8	2330
361	2594
361.2	3426
361.4	4795
361.6	4642
361.8	3625
362	3002
362.2	3255
362.4	3547
362.6	2651
362.8	2100
363	1884
363.2	2087
363.4	2262
363.6	2473
363.8	2898
364	3177
364.2	7228
364.4	6963
364.6	5753
364.8	4616
365	2812
365.2	6427
365.4	3362
365.6	3526
365.8	7741
366	5755
366.2	4438
366.4	2582
366.6	1782
366.8	1560
367	1658
367.2	2419
367.4	2818
367.6	1988
367.8	1941
368	1235
368.2	820
368.4	801
368.6	659
368.8	544
369	532
369.2	327
369.4	380
369.6	384
369.8	263
370	344
370.2	408
370.4	264
370.6	264
370.8	343
371	381
371.2	348
371.4	279
371.6	391
371.8	387
372	311
372.2	189
372.4	385
372.6	194
372.8	202
373	276
373.2	303
373.4	239
373.6	262
373.8	214
374	332
374.2	367
374.4	280
374.6	234
374.8	257
375	224
375.2	189
375.4	212
375.6	158
375.8	146
376	269
376.2	269
376.4	258
376.6	335
376.8	226
377	309
377.2	256
377.4	190
377.6	238
377.8	227
378	259
378.2	225
378.4	265
378.6	404
378.8	243
379	202
379.2	321
379.4	348
379.6	320
379.8	341
380	308
380.2	347
380.4	550
380.6	426
380.8	491
381	588
381.2	686
381.4	405
381.6	423
381.8	468
382	627
382.2	1210
382.4	1145
382.6	1127
382.8	1399
383	2166
383.2	1100
383.4	715
383.6	434
383.8	435
384	809
384.2	1989
384.4	2238
384.6	935
384.8	615
385	456
385.2	590
385.4	554
385.6	691
385.8	3199
386	1353
386.2	647
386.4	1767
386.6	3985
386.8	1302
387	945
387.2	765
387.4	1443
387.6	1968
387.8	973
388	868
388.2	1999
388.4	849
388.6	605
388.8	798
389	1168
389.2	1891
389.4	1134
389.6	761
389.8	884
390	972
390.2	321
390.4	269
390.6	305
390.8	389
391	396
391.2	299
391.4	242
391.6	225
391.8	317
392	257
392.2	331
392.4	324
392.6	400
392.8	485
393	371
393.2	479
393.4	411
393.6	489
393.8	626
394	432
394.2	285
394.4	344
394.6	615
394.8	466
395	363
395.2	358
395.4	340
395.6	532
395.8	274
396	135
396.2	198
396.4	175
396.6	154
396.8	212
397	209
397.2	147
397.4	184
397.6	191
397.8	209
398	200
398.2	197
398.4	218
398.6	210
398.8	255
399	215
399.2	223
399.4	227
399.6	189
399.8	249
400	157
400.2	165
400.4	183
400.6	175
400.8	222
401	238
401.2	241
401.4	209
401.6	178
401.8	274
402	251
402.2	242
402.4	239
402.6	245
402.8	242
403	235
403.2	176
403.4	249
403.6	191
403.8	167
404	210
404.2	183
404.4	219
404.6	191
404.8	244
405	173
405.2	201
405.4	246
405.6	252
405.8	269
406	297
406.2	237
406.4	240
406.6	284
406.8	272
407	300
407.2	340
407.4	316
407.6	344
407.8	362
408	332
408.2	340
408.4	381
408.6	354
408.8	378
409	379
409.2	441
409.4	401
409.6	406
409.8	419
410	461
410.2	487
410.4	452
410.6	475
410.8	574
411	569
411.2	534
411.4	588
411.6	651
411.8	701
412	751
412.2	835
412.4	816
412.6	795
412.8	804
413	837
413.2	870
413.4	894
413.6	1370
413.8	3927
414	2492
414.2	2954
414.4	4997
414.6	5871
414.8	4288
415	6457
415.2	6632
415.4	1707
415.6	1228
415.8	1507
416	4397
416.2	2421
416.4	2879
416.6	6234
416.8	7976
417	4999
417.2	3168
417.4	5929
417.6	6298
417.8	6328
418	13807
418.2	12255
418.4	11154
418.6	7783
418.8	8072
419	17920
419.2	15661
419.4	3999
419.6	2070
419.8	1139
420	906
420.2	969
420.4	1077
420.6	1719
420.8	5631
421	15406
421.2	8607
421.4	6282
421.6	1797
421.8	1829
422	1629
422.2	1128
422.4	1047
422.6	1056
422.8	1132
423	1207
423.2	1832
423.4	1974
423.6	2214
423.8	2592
424	2093
424.2	1349
424.4	1070
424.6	1341
424.8	2688
425	3163
425.2	1531
425.4	2299
425.6	2458
425.8	2323
426	1626
426.2	974
426.4	840
426.6	1195
426.8	1202
427	1136
427.2	2993
427.4	3647
427.6	1510
427.8	1086
428	498
428.2	285
428.4	285
428.6	260
428.8	206
429	179
429.2	223
429.4	247
429.6	240
429.8	245
430	154
430.2	199
430.4	219
430.6	213
430.8	251
431	241
431.2	272
431.4	291
431.6	281
431.8	251
432	253
432.2	246
432.4	216
432.6	315
432.8	345
433	376
433.2	376
433.4	378
433.6	384
433.8	311
434	329
434.2	363
434.4	300
434.6	315
434.8	323
435	322
435.2	347
435.4	398
435.6	404
435.8	360
436	394
436.2	466
436.4	421
436.6	440
436.8	453
437	504
437.2	536
437.4	622
437.6	669
437.8	657
438	637
438.2	635
438.4	672
438.6	744
438.8	806
439	858
439.2	885
439.4	938
439.6	987
439.8	1010
440	994
440.2	1089
440.4	1088
440.6	1106
440.8	1119
441	1106
441.2	1108
441.4	1154
441.6	1154
441.8	1192
442	1241
442.2	1232
442.4	1280
442.6	1327
442.8	1335
443	1328
443.2	1316
443.4	1325
443.6	1357
443.8	1490
444	1526
444.2	1584
444.4	1634
444.6	1731
444.8	1952
445	2339
445.2	3898
445.4	6655
445.6	6444
445.8	7568
446	7381
446.2	3141
446.4	2342
446.6	2461
446.8	2650
447	2865
447.2	3372
447.4	5256
447.6	14233
447.8	17371
448	10713
448.2	20793
448.4	16041
448.6	7907
448.8	7550
449	11293
449.2	14735
449.4	5864
449.6	6618
449.8	7793
450	4200
450.2	3224
450.4	3526
450.6	4984
450.8	6949
451	9100
451.2	9662
451.4	8153
451.6	5198
451.8	3739
452	4751
452.2	5465
452.4	4913
452.6	3808
452.8	4316
453	7854
453.2	17144
453.4	43301
453.6	20800
453.8	15717
454	10637
454.2	18941
454.4	10408
454.6	4533
454.8	4162
455	6319
455.2	6961
455.4	4987
455.6	4068
455.8	4990
456	7731
456.2	11482
456.4	14491
456.6	13332
456.8	11834
457	6993
457.2	5646
457.4	4974
457.6	5642
457.8	3734
458	2522
458.2	2889
458.4	2399
458.6	2099
458.8	1994
459	2602
459.2	2853
459.4	2228
459.6	1668
459.8	1505
460	1441
460.2	1371
460.4	1345
460.6	1315
460.8	1288
461	1243
461.2	1233
461.4	1282
461.6	1596
461.8	2185
462	2878
462.2	2968
462.4	3638
462.6	4592
462.8	3247
463	2348
463.2	3095
463.4	2682
463.6	3406
463.8	3555
464	3611
464.2	3558
464.4	2002
464.6	3644
464.8	3318
465	1434
465.2	1213
465.4	1508
465.6	1242
465.8	1164
466	902
466.2	883
466.4	941
466.6	1413
466.8	1213
467	1207
467.2	1546
467.4	1650
467.6	1817
467.8	1443
468	1934
468.2	2254
468.4	2684
468.6	3690
468.8	4810
469	1652
469.2	5107
469.4	2438
469.6	2931
469.8	1101
470	949
470.2	2203
470.4	1495
470.6	1577
470.8	1680
471	1834
471.2	1805
471.4	2974
471.6	4668
471.8	3566
472	3323
472.2	5745
472.4	3730
472.6	2496
472.8	2845
473	1459
473.2	2095
473.4	1846
473.6	1323
473.8	1577
474	1821
474.2	1699
474.4	2399
474.6	4844
474.8	4824
475	6919
475.2	4774
475.4	2801
475.6	1897
475.8	1798
476	1354
476.2	1015
476.4	1022
476.6	1126
476.8	1272
477	1591
477.2	2450
477.4	3691
477.6	4148
477.8	3316
478	2407
478.2	1875
478.4	1466
478.6	1358
478.8	1051
479	1134
479.2	1042
479.4	863
479.6	955
479.8	1219
480	1036
480.2	1162
480.4	1060
480.6	1085
480.8	1185
481	1386
481.2	2954
481.4	4548
481.6	2531
481.8	4722
482	2320
482.2	3912
482.4	4636
482.6	5722
482.8	3545
483	2301
483.2	1469
483.4	1183
483.6	1052
483.8	958
484	1035
484.2	1402
484.4	1834
484.6	3185
484.8	4379
485	5119
485.2	3208
485.4	3903
485.6	5552
485.8	10874
486	8577
486.2	8131
486.4	2941
486.6	6555
486.8	3582
487	1793
487.2	698
487.4	583
487.6	625
487.8	636
488	1001
488.2	1621
488.4	3254
488.6	9065
488.8	12694
489	3734
489.2	2023
489.4	1739
489.6	1441
489.8	538
490	448
490.2	400
490.4	422
490.6	591
490.8	930
491	1441
491.2	1313
491.4	1077
491.6	1262
491.8	1431
492	1444
492.2	1494
492.4	1085
492.6	881
492.8	765
493	813
493.2	624
493.4	478
493.6	629
493.8	1011
494	834
494.2	491
494.4	402
494.6	364
494.8	405
495	355
495.2	382
495.4	487
495.6	645
495.8	656
496	569
496.2	469
496.4	749
496.6	1630
496.8	1102
497	557
497.2	393
497.4	513
497.6	1083
497.8	701
498	545
498.2	549
498.4	350
498.6	335
498.8	238
499	218
499.2	190
499.4	186
499.6	188
499.8	186
500	186
500.2	143
500.4	149
500.6	158
500.8	153
501	173
501.2	166
501.4	152
501.6	158
501.8	164
502	123
502.2	131
502.4	153
502.6	149
502.8	169
503	147
503.2	159
503.4	149
503.6	136
503.8	135
504	113
504.2	141
504.4	140
504.6	131
504.8	148
505	139
505.2	126
505.4	131
505.6	135
505.8	148
506	144
506.2	123
506.4	172
506.6	147
506.8	133
507	170
507.2	142
507.4	138
507.6	155
507.8	155
508	152
508.2	178
508.4	163
508.6	148
508.8	168
509	178
509.2	140
509.4	129
509.6	159
509.8	139
510	156
510.2	125
510.4	124
510.6	135
510.8	136
511	169
511.2	178
511.4	165
511.6	159
511.8	156
512	145
512.2	148
512.4	137
512.6	164
512.8	147
513	135
513.2	155
513.4	176
513.6	185
513.8	165
514	168
514.2	189
514.4	165
514.6	126
514.8	180
515	155
515.2	192
515.4	183
515.6	173
515.8	196
516	177
516.2	157
516.4	164
516.6	210
516.8	203
517	208
517.2	195
517.4	186
517.6	234
517.8	244
518	193
518.2	209
518.4	256
518.6	230
518.8	235
519	254
519.2	200
519.4	254
519.6	229
519.8	238
520	273
520.2	231
520.4	240
520.6	259
520.8	275
521	242
521.2	277
521.4	295
521.6	286
521.8	273
522	359
522.2	330
522.4	298
522.6	319
522.8	368
523	387
523.2	402
523.4	426
523.6	422
523.8	430
524	400
524.2	425
524.4	411
524.6	440
524.8	495
525	466
525.2	462
525.4	495
525.6	512
525.8	516
526	499
526.2	542
526.4	542
526.6	576
526.8	535
527	581
527.2	621
527.4	625
527.6	625
527.8	642
528	629
528.2	677
528.4	672
528.6	673
528.8	720
529	693
529.2	702
529.4	727
529.6	773
529.8	834
530	836
530.2	827
530.4	938
530.6	1087
530.8	1164
531	1148
531.2	1149
531.4	1089
531.6	1085
531.8	1156
532	1212
532.2	1226
532.4	1217
532.6	1250
532.8	1307
533	1542
533.2	1996
533.4	3850
533.6	6149
533.8	3458
534	4360
534.2	3931
534.4	6207
534.6	8501
534.8	16489
535	37963
535.2	15005
535.4	6563
535.6	7117
535.8	16221
536	12209
536.2	5644
536.4	4373
536.6	4752
536.8	11300
537	18145
537.2	5639
537.4	3704
537.6	4697
537.8	8774
538	24716
538.2	34326
538.4	27466
538.6	12413
538.8	8122
539	15519
539.2	15734
539.4	18705
539.6	12201
539.8	5447
540	3915
540.2	4543
540.4	10147
540.6	5399
540.8	3587
541	5704
541.2	7145
541.4	11214
541.6	26081
541.8	8496
542	4297
542.2	6268
542.4	4803
542.6	3739
542.8	9688
543	5791
543.2	3313
543.4	6937
543.6	4935
543.8	7497
544	10433
544.2	6553
544.4	6116
544.6	1694
544.8	1100
545	988
545.2	915
545.4	910
545.6	1030
545.8	1196
546	1490
546.2	2476
546.4	4230
546.6	5054
546.8	5848
547	3238
547.2	2373
547.4	2159
547.6	2115
547.8	2276
548	2406
548.2	3070
548.4	4598
548.6	2705
548.8	2448
549	2727
549.2	3641
549.4	4343
549.6	2004
549.8	1723
550	2001
550.2	1904
550.4	2041
550.6	1223
550.8	1064
551	1224
551.2	1355
551.4	1576
551.6	1692
551.8	1659
552	1169
552.2	876
552.4	741
552.6	1183
552.8	1780
553	1118
553.2	610
553.4	500
553.6	508
553.8	636
554	649
554.2	563
554.4	493
554.6	618
554.8	596
555	504
555.2	589
555.4	788
555.6	1095
555.8	809
556	493
556.2	428
556.4	423
556.6	553
556.8	644
557	616
557.2	676
557.4	603
557.6	723
557.8	1120
558	964
558.2	507
558.4	336
558.6	227
558.8	236
559	246
559.2	229
559.4	201
559.6	211
559.8	157
560	216
560.2	177
560.4	184
560.6	175
560.8	202
561	177
561.2	190
561.4	193
561.6	158
561.8	188
562	129
562.2	144
562.4	170
562.6	222
562.8	208
563	193
563.2	180
563.4	186
563.6	203
563.8	165
564	165
564.2	170
564.4	172
564.6	161
564.8	161
565	158
565.2	168
565.4	196
565.6	206
565.8	138
566	177
566.2	206
566.4	164
566.6	138
566.8	143
567	178
567.2	176
567.4	202
567.6	147
567.8	191
568	122
568.2	123
568.4	146
568.6	196
568.8	168
569	237
569.2	224
569.4	170
569.6	147
569.8	100
570	157
570.2	141
570.4	165
570.6	231
570.8	156
571	147
571.2	161
571.4	197
571.6	165
571.8	148
572	183
572.2	174
572.4	132
572.6	199
572.8	199
573	172
573.2	153
573.4	141
573.6	216
573.8	191
574	167
574.2	143
574.4	141
574.6	144
574.8	157
575	131
575.2	125
575.4	199
575.6	190
575.8	159
576	161
576.2	179
576.4	180
576.6	132
576.8	143
577	159
577.2	178
577.4	207
577.6	158
577.8	205
578	182
578.2	125
578.4	203
578.6	211
578.8	219
579	192
579.2	197
579.4	183
579.6	178
579.8	179
580	148
580.2	208
580.4	184
580.6	162
580.8	197
581	150
581.2	204
581.4	199
581.6	228
581.8	193
582	150
582.2	220
582.4	185
582.6	181
582.8	142
583	152
583.2	193
583.4	215
583.6	171
583.8	197
584	150
584.2	147
584.4	162
584.6	163
584.8	116
585	191
585.2	146
585.4	137
585.6	192
585.8	195
586	175
586.2	175
586.4	173
586.6	176
586.8	189
587	172
587.2	177
587.4	202
587.6	179
587.8	183
588	179
588.2	149
588.4	140
588.6	235
588.8	228
589	194
589.2	230
589.4	153
589.6	190
589.8	164
590	148
590.2	185
590.4	256
590.6	255
590.8	182
591	246
591.2	154
591.4	186
591.6	166
591.8	148
592	161
592.2	183
592.4	155
592.6	143
592.8	179
593	174
593.2	143
593.4	222
593.6	232
593.8	158
594	189
594.2	207
594.4	154
594.6	171
594.8	204
595	211
595.2	168
595.4	142
595.6	123
595.8	164
596	223
596.2	226
596.4	182
596.6	190
596.8	154
597	171
597.2	215
597.4	222
597.6	162
597.8	159
598	176
598.2	220
598.4	232
598.6	175
598.8	142
599	199
599.2	198
599.4	196
599.6	177
599.8	184
600	175
600.2	152
600.4	168
600.6	199
600.8	180
601	140
601.2	150
601.4	211
601.6	229
601.8	196
602	208
602.2	188
602.4	169
602.6	163
602.8	161
603	183
603.2	181
603.4	181
603.6	220
603.8	246
604	238
604.2	231
604.4	242
604.6	210
604.8	183
605	152
605.2	187
605.4	220
605.6	166
605.8	233
606	198
606.2	202
606.4	223
606.6	234
606.8	228
607	233
607.2	196
607.4	265
607.6	258
607.8	195
608	222
608.2	225
608.4	217
608.6	251
608.8	215
609	286
609.2	226
609.4	193
609.6	250
609.8	220
610	210
610.2	241
610.4	232
610.6	259
610.8	211
611	205
611.2	230
611.4	256
611.6	252
611.8	272
612	272
612.2	276
612.4	251
612.6	316
612.8	257
613	257
613.2	294
613.4	271
613.6	318
613.8	228
614	276
614.2	285
614.4	333
614.6	290
614.8	307
615	299
615.2	341
615.4	295
615.6	253
615.8	302
616	273
616.2	275
616.4	299
616.6	339
616.8	362
617	315
617.2	336
617.4	347
617.6	316
617.8	355
618	341
618.2	345
618.4	380
618.6	363
618.8	420
619	404
619.2	367
619.4	411
619.6	412
619.8	414
620	424
620.2	376
620.4	374
620.6	425
620.8	430
621	402
621.2	379
621.4	420
621.6	460
621.8	430
622	441
622.2	460
622.4	444
622.6	468
622.8	500
623	455
623.2	523
623.4	536
623.6	511
623.8	574
624	504
624.2	559
624.4	595
624.6	674
624.8	553
625	613
625.2	574
625.4	615
625.6	575
625.8	588
626	595
626.2	563
626.4	612
626.6	595
626.8	600
627	606
627.2	656
627.4	637
627.6	704
627.8	721
628	744
628.2	766
628.4	788
628.6	782
628.8	737
629	799
629.2	825
629.4	781
629.6	848
629.8	872
630	916
630.2	939
630.4	1005
630.6	984
630.8	1017
631	1041
631.2	1101
631.4	1205
631.6	1241
631.8	1355
632	1477
632.2	1583
632.4	1760
632.6	1937
632.8	2161
633	2371
633.2	2605
633.4	2949
633.6	3216
633.8	3618
634	4223
634.2	5204
634.4	6422
634.6	8422
634.8	12107
635	19295
635.2	32458
635.4	41105
635.6	30973
635.8	15880
636	9048
636.2	6272
636.4	5331
636.6	5565
636.8	7246
637	12146
637.2	18930
637.4	14198
637.6	8059
637.8	5609
638	5696
638.2	10283
638.4	23458
638.6	13970
638.8	7245
639	5366
639.2	3049
639.4	2252
639.6	2050
639.8	2118
640	2618
640.2	3765
640.4	5485
640.6	4921
640.8	4057
641	4496
641.2	6042
641.4	7830
641.6	7781
641.8	7126
642	5277
642.2	3712
642.4	3161
642.6	3378
642.8	4922
643	8629
643.2	9026
643.4	5209
643.6	3725
643.8	3293
644	3032
644.2	3886
644.4	6024
644.6	9087
644.8	10846
645	10545
645.2	4890
645.4	3643
645.6	4750
645.8	2295
646	1549
646.2	1647
646.4	1585
646.6	1488
646.8	1876
647	1695
647.2	2246
647.4	1628
647.6	1263
647.8	1107
648	1215
648.2	2118
648.4	4615
648.6	4757
648.8	1987
649	1454
649.2	1025
649.4	904
649.6	855
649.8	919
650	998
650.2	1121
650.4	1312
650.6	1648
650.8	2947
651	6753
651.2	9550
651.4	5146
651.6	5547
651.8	3254
652	2266
652.2	3690
652.4	4045
652.6	2530
652.8	4107
653	5231
653.2	3015
653.4	3046
653.6	6039
653.8	4384
654	1833
654.2	1244
654.4	1010
654.6	906
654.8	873
655	903
655.2	892
655.4	973
655.6	1082
655.8	1210
656	1375
656.2	1445
656.4	1564
656.6	1819
656.8	2066
657	2172
657.2	2081
657.4	2006
657.6	2017
657.8	1844
658	1454
658.2	1215
658.4	1110
658.6	1169
658.8	1351
659	1564
659.2	1948
659.4	2403
659.6	2751
659.8	2541
660	1763
660.2	1271
660.4	970
660.6	834
660.8	842
661	838
661.2	861
661.4	885
661.6	829
661.8	708
662	598
662.2	664
662.4	662
662.6	760
662.8	875
663	1000
663.2	1070
663.4	995
663.6	863
663.8	769
664	721
664.2	790
664.4	821
664.6	823
664.8	993
665	1236
665.2	1471
665.4	1694
665.6	2039
665.8	2130
666	1916
666.2	1701
666.4	1711
666.6	2193
666.8	3085
667	2752
667.2	2682
667.4	3239
667.6	3647
667.8	3342
668	3767
668.2	4255
668.4	2415
668.6	1468
668.8	1360
669	1706
669.2	1725
669.4	1155
669.6	840
669.8	878
670	776
670.2	581
670.4	450
670.6	420
670.8	457
671	412
671.2	400
671.4	349
671.6	317
671.8	327
672	338
672.2	338
672.4	282
672.6	265
672.8	283
673	303
673.2	293
673.4	235
673.6	285
673.8	204
674	255
674.2	295
674.4	316
674.6	287
674.8	253
675	262
675.2	300
675.4	256
675.6	274
675.8	285
676	288
676.2	214
676.4	270
676.6	320
676.8	269
677	257
677.2	253
677.4	283
677.6	278
677.8	294
678	237
678.2	203
678.4	216
678.6	214
678.8	243
679	304
679.2	260
679.4	220
679.6	286
679.8	314
680	250
680.2	214
680.4	322
680.6	239
680.8	210
681	271
681.2	234
681.4	313
681.6	225
681.8	231
682	255
682.2	327
682.4	286
682.6	267
682.8	214
683	331
683.2	284
683.4	318
683.6	206
683.8	254
684	249
684.2	248
684.4	203
684.6	282
684.8	285
685	280
685.2	236
685.4	218
685.6	225
685.8	236
686	256
686.2	146
686.4	286
686.6	232
686.8	208
687	244
687.2	242
687.4	276
687.6	278
687.8	272
688	219
688.2	174
688.4	246
688.6	253
688.8	285
689	248
689.2	266
689.4	246
689.6	219
689.8	228
690	247
690.2	267
690.4	285
690.6	221
690.8	248
691	267
691.2	240
691.4	252
691.6	344
691.8	256
692	243
692.2	233
692.4	282
692.6	261
692.8	234
693	226
693.2	203
693.4	258
693.6	220
693.8	232
694	217
694.2	265
694.4	279
694.6	254
694.8	272
695	236
695.2	230
695.4	199
695.6	212
695.8	230
696	247
696.2	287
696.4	277
696.6	224
696.8	247
697	245
697.2	260
697.4	252
697.6	273
697.8	246
698	249
698.2	207
698.4	243
698.6	273
698.8	292
699	254
699.2	252
699.4	206
699.6	185
699.8	234
700	260
700.2	252
700.4	222
700.6	300
700.8	232
701	173
701.2	186
701.4	187
701.6	240
701.8	191
702	219
702.2	234
702.4	201
702.6	226
702.8	270
703	192
703.2	217
703.4	240
703.6	198
703.8	243
704	141
704.2	198
704.4	251
704.6	129
704.8	190
705	232
705.2	221
705.4	180
705.6	218
705.8	253
706	267
706.2	224
706.4	221
706.6	237
706.8	202
707	201
707.2	195
707.4	236
707.6	186
707.8	242
708	241
708.2	261
708.4	219
708.6	182
708.8	211
709	180
709.2	183
709.4	189
709.6	258
709.8	275
710	258
710.2	285
710.4	250
710.6	221
710.8	216
711	238
711.2	239
711.4	260
711.6	207
711.8	181
712	248
712.2	319
712.4	206
712.6	235
712.8	242
713	268
713.2	265
713.4	246
713.6	169
713.8	203
714	267
714.2	208
714.4	251
714.6	240
714.8	254
715	288
715.2	234
715.4	187
715.6	252
715.8	286
716	202
716.2	235
716.4	193
716.6	212
716.8	192
717	255
717.2	252
717.4	272
717.6	201
717.8	203
718	216
718.2	214
718.4	236
718.6	245
718.8	216
719	233
719.2	199
719.4	273
719.6	302
719.8	232
720	254
720.2	171
720.4	238
720.6	245
720.8	259
721	241
721.2	247
721.4	290
721.6	255
721.8	273
722	246
722.2	251
722.4	194
722.6	278
722.8	252
723	223
723.2	184
723.4	370
723.6	264
723.8	321
724	235
724.2	249
724.4	306
724.6	287
724.8	331
725	263
725.2	313
725.4	181
725.6	222
725.8	258
726	246
726.2	248
726.4	270
726.6	212
726.8	238
727	194
727.2	203
727.4	229
727.6	299
727.8	255
728	288
728.2	279
728.4	220
728.6	233
728.8	280
729	186
729.2	219
729.4	196
729.6	240
729.8	189
730	253
730.2	196
730.4	235
730.6	180
730.8	196
731	191
731.2	279
731.4	266
731.6	220
731.8	201
732	238
732.2	212
732.4	227
732.6	211
732.8	275
733	247
733.2	154
733.4	166
733.6	252
733.8	335
734	238
734.2	219
734.4	234
734.6	267
734.8	216
735	214
735.2	221
735.4	200
735.6	236
735.8	149
736	269
736.2	254
736.4	289
736.6	192
736.8	237
737	312
737.2	372
737.4	328
737.6	272
737.8	335
738	300
738.2	267
738.4	319
738.6	239
738.8	222
739	254
739.2	253
739.4	225
739.6	206
739.8	271
740	233
740.2	243
740.4	204
740.6	221
740.8	245
741	272
741.2	220
741.4	138
741.6	235
741.8	191
742	299
742.2	226
742.4	250
742.6	268
742.8	287
743	228
743.2	223
743.4	188
743.6	180
743.8	261
744	164
744.2	237
744.4	208
744.6	232
744.8	266
745	263
745.2	219
745.4	249
745.6	201
745.8	202
746	194
746.2	163
746.4	345
746.6	385
746.8	432
747	273
747.2	286
747.4	263
747.6	216
747.8	241
748	191
748.2	327
748.4	357
748.6	160
748.8	347
749	291
749.2	219
749.4	294
749.6	376
749.8	353
750	325
750.2	300
750.4	301
750.6	321
750.8	217
751	282
751.2	232
751.4	253
751.6	309
751.8	248
752	287
752.2	247
752.4	321
752.6	187
752.8	219
753	301
753.2	318
753.4	227
753.6	321
753.8	266
754	213
754.2	292
754.4	221
754.6	221
754.8	266
755	257
755.2	271
755.4	228
755.6	269
755.8	307
756	183
756.2	232
756.4	317
756.6	167
756.8	257
757	369
757.2	321
757.4	372
757.6	280
757.8	263
758	317
758.2	345
758.4	356
758.6	271
758.8	227
759	243
759.2	333
759.4	410
759.6	236
759.8	239
760	177
760.2	285
760.4	262
760.6	286
760.8	239
761	214
761.2	333
761.4	272
761.6	338
761.8	225
762	319
762.2	240
762.4	308
762.6	390
762.8	280
763	196
763.2	271
763.4	294
763.6	318
763.8	170
764	169
764.2	242
764.4	199
764.6	287
764.8	223
765	291
765.2	201
765.4	212
765.6	212
765.8	244
766	212
766.2	191
766.4	242
766.6	272
766.8	277
767	258
767.2	229
767.4	300
767.6	236
767.8	98
768	245
768.2	267
768.4	282
768.6	304
768.8	105
769	252
769.2	204
769.4	327
769.6	219
769.8	259
770	254
770.2	204
770.4	281
770.6	290
770.8	271
771	257
771.2	170
771.4	298
771.6	293
771.8	238
772	165
772.2	246
772.4	352
772.6	174
772.8	239
773	173
773.2	173
773.4	173
773.6	207
773.8	151
774	163
774.2	283
774.4	209
774.6	253
774.8	307
775	266
775.2	248
775.4	368
775.6	295
775.8	285
776	220
776.2	320
776.4	312
776.6	293
776.8	237
777	277
777.2	341
777.4	278
777.6	263
777.8	379
778	265
778.2	240
778.4	231
778.6	146
778.8	280
779	226
779.2	247
779.4	219
779.6	183
779.8	165
780	261
780.2	242
780.4	189
780.6	106
780.8	289
781	257
781.2	241
781.4	321
781.6	182
781.8	198
782	256
782.2	232
782.4	305
782.6	261
782.8	211
783	278
783.2	263
783.4	266
783.6	422
783.8	309
784	274
784.2	164
784.4	208
784.6	113
784.8	341
785	256
785.2	257
785.4	134
785.6	208
785.8	288
786	194
786.2	254
786.4	312
786.6	282
786.8	159
787	255
787.2	293
787.4	322
787.6	212
787.8	296
788	170
788.2	169
788.4	317
788.6	319
788.8	269
789	240
789.2	309
789.4	237
789.6	287
789.8	273
790	221
790.2	232
790.4	318
790.6	215
790.8	242
791	155
791.2	285
791.4	150
791.6	234
791.8	215
792	233
792.2	124
792.4	159
792.6	225
792.8	284
793	272
793.2	292
793.4	246
793.6	217
793.8	207
794	254
794.2	166
794.4	226
794.6	333
794.8	292
795	258
795.2	289
795.4	222
795.6	230
795.8	176
796	237
796.2	298
796.4	228
796.6	219
796.8	180
797	252
797.2	173
797.4	155
797.6	256
797.8	233
798	355
798.2	234
798.4	243
798.6	240
798.8	261
799	101
799.2	156
799.4	160
799.6	218
799.8	315
800	224
800.2	117
800.4	256
800.6	232
800.8	323
801	289
801.2	271
801.4	349
801.6	285
801.8	332
802	234
802.2	204
802.4	222
802.6	221
802.8	309
803	288
803.2	158
803.4	194
803.6	146
803.8	163
804	214
804.2	235
804.4	172
804.6	116
804.8	232
805	270
805.2	248
805.4	183
805.6	158
805.8	240
806	292
806.2	282
806.4	396
806.6	328
806.8	307
807	125
807.2	242
807.4	32
807.6	254
807.8	204
808	342
808.2	281
808.4	151
808.6	183
808.8	228
809	216
809.2	309
809.4	315
809.6	233
809.8	201
810	330
810.2	314
810.4	217
810.6	324
810.8	128
811	293
811.2	250
811.4	222
811.6	236
811.8	193
812	298
812.2	331
812.4	310
812.6	361
812.8	273
813	371
813.2	253
813.4	332
813.6	270
813.8	191
814	159
814.2	394
814.4	346
814.6	249
814.8	298
815	154
815.2	314
815.4	365
815.6	170
815.8	296
816	363
816.2	138
816.4	112
816.6	309
816.8	266
817	241
817.2	170
817.4	285
817.6	209
817.8	135
818	249
818.2	234
818.4	222
818.6	220
818.8	258
819	346
819.2	414
819.4	280
819.6	102
819.8	298
820	374
820.2	236
820.4	219
820.6	277
820.8	282
821	311
821.2	237
821.4	260
821.6	239
821.8	245
822	273
822.2	268
822.4	447
822.6	187
822.8	3
823	32
823.2	219
823.4	162
823.6	225
823.8	249
824	267
824.2	201
824.4	182
824.6	45
824.8	161
825	189
825.2	82
825.4	226
825.6	303
825.8	352
826	302
826.2	321
826.4	282
826.6	296
826.8	162
827	257
827.2	136
827.4	309
827.6	175
827.8	279
828	278
828.2	284
828.4	121
828.6	403
828.8	306
829	214
829.2	225
829.4	256
829.6	386
829.8	238
830	222
830.2	245
830.4	165
830.6	329
830.8	295
831	306
831.2	236
831.4	214
831.6	231
831.8	128
832	270
832.2	227
832.4	114
832.6	238
832.8	159
833	134
833.2	178
833.4	149
833.6	447
833.8	260
834	332
834.2	242
834.4	81
834.6	333
834.8	309
835	396
835.2	374
835.4	212
835.6	405
835.8	396
836	120
836.2	406
836.4	288
836.6	228
836.8	300
837	179
837.2	262
837.4	125
837.6	213
837.8	220
838	208
838.2	161
838.4	211
838.6	258
838.8	304
839	424
839.2	144
839.4	413
839.6	92
839.8	115
840	154
840.2	261
840.4	337
840.6	425
840.8	1
841	115
841.2	166
841.4	435
841.6	348
841.8	340
842	255
842.2	268
842.4	103
842.6	297
842.8	183
843	203
843.2	197
843.4	3
843.6	255
843.8	185
844	252
844.2	243
844.4	192
844.6	161
844.8	279
845	232
845.2	360
845.4	146
845.6	24
845.8	284
846	210
846.2	283
846.4	312
846.6	180
846.8	104
847	231
847.2	272
847.4	16
847.6	215
847.8	99
848	306
848.2	217
848.4	112
848.6	216
848.8	295
849	236
849.2	189
849.4	215
849.6	1190
849.8	1192
850	1195
850.2	1191
850.4	1183
850.6	1191
850.8	1186
851	1189
851.2	1188
851.4	1188
851.6	1182
851.8	1189
852	1191
852.2	1191
852.4	1191
852.6	1182
852.8	1188
853	1191
853.2	1187
853.4	1194
853.6	1192
853.8	1195
854	1190
854.2	1197
854.4	1197
854.6	1198
854.8	1191
855	1188
855.2	1193
855.4	1194
855.6	1189
855.8	1188
856	1183
856.2	1184
856.4	1188
856.6	1189
856.8	1191
857	1190
857.2	1186
857.4	1185
857.6	1181
857.8	1181
858	1181
858.2	1182
858.4	1177
858.6	1183
858.8	1186
859	1180
859.2	1184
859.4	1183
859.6	1187
859.8	1199
860	1199
