# Optical absorption spectrum of Program fragment delivered error ``Can't call method "sample_" on an undefined value at abs.template line 1.'':YAG (Ho:Y3Al5O12)
# assuming unity concentration per meter.  This data was part of the NASA 
# Laser Spectra Database found on the web until December of 2005 which
# was created by Pat Cross working at NASA Langley Research Center, Internal
# Operations Group, Aerospace Electronics Systems Division, Remote Sensing.
#
# The spectra was collected by TLL on 12 August 1988 and was 
# annotated on 16 August 1988.  The sample name was "" was a 4.8400
# long piece of :.   
# The incident light had unknown polarization.
#
# Spectra were recorded from 840 to 1400nm
# every 0.2nm at room temperature.
#
# FILE NAME ON PE-3600 = 002T17.SP ON PC = 002T0017.SP NO_POINTS = 2801. pts DATA_INTV = .000200 æm MIN_LAMBDA = .840000 æm MIN_DATA = 0.00010 MAX_LAMBDA = 1.400000 æm MAX_DATA = 5297.400 SCANSPEED = .03000000 æm/min SLITWIDTH= .00020 æmITA = 0. RESP = .500 sec ISMS = 0. DATE=88/08/12 INST = 509. ? = 0.
#
##Wavelength (nm)	Absorbance (/meter) 
840	1
840.2	1
840.4	1
840.6	1
840.8	1
841	1
841.2	1
841.4	1
841.6	1
841.8	1
842	1
842.2	1
842.4	1
842.6	1
842.8	1
843	1
843.2	1
843.4	1
843.6	1
843.8	1
844	1
844.2	1
844.4	1
844.6	1
844.8	1
845	1
845.2	1
845.4	1
845.6	1
845.8	1
846	1
846.2	1
846.4	1
846.6	1
846.8	1
847	1
847.2	1
847.4	1
847.6	1
847.8	1
848	1
848.2	1
848.4	1
848.6	1
848.8	1
849	1
849.2	1
849.4	1
849.6	178
849.8	182
850	177
850.2	175
850.4	172
850.6	173
850.8	166
851	164
851.2	164
851.4	161
851.6	154
851.8	153
852	149
852.2	143
852.4	144
852.6	140
852.8	130
853	129
853.2	132
853.4	127
853.6	125
853.8	124
854	120
854.2	117
854.4	123
854.6	122
854.8	115
855	112
855.2	103
855.4	110
855.6	109
855.8	105
856	103
856.2	101
856.4	102
856.6	101
856.8	95
857	101
857.2	94
857.4	100
857.6	95
857.8	93
858	90
858.2	89
858.4	85
858.6	90
858.8	89
859	88
859.2	86
859.4	81
859.6	80
859.8	83
860	85
860.2	81
860.4	80
860.6	82
860.8	83
861	88
861.2	81
861.4	80
861.6	81
861.8	84
862	83
862.2	78
862.4	79
862.6	77
862.8	83
863	85
863.2	78
863.4	76
863.6	78
863.8	79
864	79
864.2	77
864.4	80
864.6	74
864.8	84
865	80
865.2	86
865.4	84
865.6	87
865.8	92
866	93
866.2	101
866.4	96
866.6	92
866.8	102
867	102
867.2	107
867.4	108
867.6	105
867.8	108
868	108
868.2	118
868.4	116
868.6	121
868.8	134
869	132
869.2	133
869.4	136
869.6	143
869.8	150
870	151
870.2	158
870.4	156
870.6	162
870.8	176
871	183
871.2	186
871.4	195
871.6	196
871.8	198
872	214
872.2	215
872.4	219
872.6	229
872.8	234
873	245
873.2	256
873.4	257
873.6	271
873.8	275
874	289
874.2	296
874.4	306
874.6	313
874.8	316
875	328
875.2	345
875.4	348
875.6	356
875.8	365
876	387
876.2	391
876.4	403
876.6	413
876.8	415
877	425
877.2	441
877.4	452
877.6	462
877.8	469
878	473
878.2	484
878.4	498
878.6	501
878.8	507
879	509
879.2	521
879.4	531
879.6	541
879.8	553
880	551
880.2	555
880.4	569
880.6	576
880.8	576
881	583
881.2	595
881.4	598
881.6	601
881.8	607
882	608
882.2	602
882.4	609
882.6	617
882.8	616
883	616
883.2	623
883.4	653
883.6	667
883.8	666
884	666
884.2	659
884.4	654
884.6	654
884.8	662
885	655
885.2	651
885.4	649
885.6	645
885.8	649
886	644
886.2	643
886.4	637
886.6	628
886.8	629
887	626
887.2	619
887.4	613
887.6	607
887.8	601
888	606
888.2	603
888.4	601
888.6	598
888.8	594
889	596
889.2	595
889.4	593
889.6	589
889.8	589
890	581
890.2	579
890.4	574
890.6	562
890.8	562
891	560
891.2	561
891.4	558
891.6	553
891.8	547
892	549
892.2	549
892.4	546
892.6	543
892.8	540
893	533
893.2	527
893.4	523
893.6	522
893.8	518
894	511
894.2	504
894.4	504
894.6	503
894.8	496
895	487
895.2	479
895.4	470
895.6	471
895.8	458
896	453
896.2	437
896.4	422
896.6	418
896.8	406
897	398
897.2	390
897.4	373
897.6	364
897.8	350
898	347
898.2	336
898.4	325
898.6	315
898.8	300
899	286
899.2	273
899.4	263
899.6	255
899.8	242
900	233
900.2	225
900.4	219
900.6	207
900.8	195
901	188
901.2	184
901.4	174
901.6	170
901.8	164
902	154
902.2	154
902.4	149
902.6	149
902.8	142
903	138
903.2	133
903.4	132
903.6	135
903.8	129
904	127
904.2	124
904.4	126
904.6	127
904.8	126
905	123
905.2	122
905.4	122
905.6	124
905.8	124
906	121
906.2	123
906.4	127
906.6	125
906.8	131
907	132
907.2	126
907.4	131
907.6	134
907.8	137
908	139
908.2	135
908.4	134
908.6	134
908.8	140
909	146
909.2	140
909.4	146
909.6	151
909.8	153
910	152
910.2	152
910.4	155
910.6	160
910.8	165
911	166
911.2	168
911.4	173
911.6	169
911.8	172
912	176
912.2	183
912.4	184
912.6	185
912.8	188
913	191
913.2	193
913.4	193
913.6	192
913.8	204
914	196
914.2	199
914.4	199
914.6	199
914.8	202
915	204
915.2	211
915.4	214
915.6	212
915.8	223
916	221
916.2	230
916.4	232
916.6	231
916.8	234
917	229
917.2	241
917.4	245
917.6	252
917.8	253
918	255
918.2	259
918.4	267
918.6	273
918.8	281
919	282
919.2	286
919.4	292
919.6	296
919.8	302
920	305
920.2	312
920.4	307
920.6	311
920.8	316
921	313
921.2	319
921.4	315
921.6	314
921.8	318
922	314
922.2	315
922.4	320
922.6	319
922.8	321
923	315
923.2	316
923.4	309
923.6	309
923.8	298
924	295
924.2	291
924.4	278
924.6	278
924.8	267
925	267
925.2	265
925.4	260
925.6	255
925.8	254
926	252
926.2	249
926.4	248
926.6	246
926.8	232
927	232
927.2	224
927.4	224
927.6	218
927.8	215
928	210
928.2	211
928.4	209
928.6	209
928.8	205
929	202
929.2	199
929.4	194
929.6	190
929.8	183
930	185
930.2	175
930.4	173
930.6	167
930.8	164
931	159
931.2	153
931.4	153
931.6	155
931.8	153
932	149
932.2	146
932.4	146
932.6	139
932.8	141
933	142
933.2	135
933.4	138
933.6	134
933.8	134
934	131
934.2	123
934.4	127
934.6	128
934.8	131
935	129
935.2	126
935.4	125
935.6	125
935.8	128
936	126
936.2	127
936.4	131
936.6	127
936.8	131
937	133
937.2	139
937.4	136
937.6	138
937.8	136
938	141
938.2	143
938.4	142
938.6	141
938.8	140
939	148
939.2	152
939.4	152
939.6	146
939.8	146
940	149
940.2	155
940.4	154
940.6	150
940.8	151
941	147
941.2	153
941.4	158
941.6	152
941.8	153
942	157
942.2	154
942.4	152
942.6	155
942.8	156
943	148
943.2	150
943.4	150
943.6	151
943.8	147
944	143
944.2	141
944.4	134
944.6	132
944.8	130
945	128
945.2	123
945.4	117
945.6	118
945.8	116
946	110
946.2	111
946.4	106
946.6	106
946.8	97
947	102
947.2	90
947.4	89
947.6	95
947.8	90
948	87
948.2	90
948.4	84
948.6	81
948.8	80
949	83
949.2	84
949.4	81
949.6	77
949.8	74
950	74
950.2	74
950.4	77
950.6	69
950.8	69
951	74
951.2	72
951.4	71
951.6	74
951.8	69
952	64
952.2	69
952.4	71
952.6	71
952.8	70
953	71
953.2	70
953.4	68
953.6	69
953.8	69
954	67
954.2	64
954.4	66
954.6	71
954.8	70
955	63
955.2	63
955.4	67
955.6	59
955.8	60
956	64
956.2	63
956.4	62
956.6	61
956.8	68
957	67
957.2	58
957.4	62
957.6	61
957.8	62
958	63
958.2	64
958.4	59
958.6	61
958.8	63
959	67
959.2	65
959.4	60
959.6	63
959.8	66
960	68
960.2	63
960.4	61
960.6	59
960.8	62
961	61
961.2	63
961.4	61
961.6	60
961.8	60
962	58
962.2	63
962.4	60
962.6	59
962.8	61
963	60
963.2	61
963.4	63
963.6	56
963.8	61
964	55
964.2	57
964.4	61
964.6	55
964.8	53
965	56
965.2	60
965.4	62
965.6	60
965.8	57
966	54
966.2	58
966.4	63
966.6	66
966.8	63
967	58
967.2	69
967.4	66
967.6	74
967.8	78
968	76
968.2	80
968.4	78
968.6	90
968.8	88
969	91
969.2	95
969.4	96
969.6	106
969.8	108
970	107
970.2	106
970.4	103
970.6	105
970.8	107
971	103
971.2	99
971.4	96
971.6	90
971.8	84
972	79
972.2	80
972.4	77
972.6	71
972.8	70
973	63
973.2	64
973.4	62
973.6	55
973.8	49
974	53
974.2	51
974.4	44
974.6	45
974.8	44
975	42
975.2	45
975.4	41
975.6	40
975.8	34
976	41
976.2	41
976.4	42
976.6	40
976.8	35
977	39
977.2	39
977.4	37
977.6	34
977.8	38
978	38
978.2	37
978.4	39
978.6	40
978.8	35
979	40
979.2	39
979.4	37
979.6	42
979.8	37
980	35
980.2	32
980.4	35
980.6	38
980.8	41
981	39
981.2	37
981.4	35
981.6	37
981.8	38
982	40
982.2	33
982.4	32
982.6	33
982.8	38
983	41
983.2	43
983.4	37
983.6	36
983.8	40
984	37
984.2	36
984.4	34
984.6	30
984.8	36
985	37
985.2	39
985.4	35
985.6	35
985.8	34
986	38
986.2	39
986.4	33
986.6	28
986.8	31
987	33
987.2	36
987.4	34
987.6	30
987.8	29
988	29
988.2	34
988.4	37
988.6	33
988.8	29
989	33
989.2	32
989.4	31
989.6	35
989.8	32
990	26
990.2	33
990.4	33
990.6	35
990.8	33
991	28
991.2	31
991.4	31
991.6	34
991.8	34
992	29
992.2	31
992.4	32
992.6	33
992.8	33
993	30
993.2	32
993.4	24
993.6	32
993.8	34
994	30
994.2	30
994.4	23
994.6	28
994.8	33
995	36
995.2	31
995.4	30
995.6	32
995.8	35
996	33
996.2	34
996.4	28
996.6	27
996.8	24
997	33
997.2	30
997.4	32
997.6	32
997.8	31
998	33
998.2	32
998.4	30
998.6	30
998.8	24
999	28
999.2	32
999.4	31
999.6	34
999.8	28
1000	32
1000.2	31
1000.4	31
1000.6	33
1000.8	30
1001	28
1001.2	32
1001.4	31
1001.6	29
1001.8	28
1002	27
1002.2	27
1002.4	31
1002.6	27
1002.8	27
1003	30
1003.2	30
1003.4	28
1003.6	31
1003.8	28
1004	28
1004.2	27
1004.4	31
1004.6	34
1004.8	32
1005	27
1005.2	25
1005.4	26
1005.6	33
1005.8	35
1006	33
1006.2	25
1006.4	31
1006.6	28
1006.8	31
1007	32
1007.2	28
1007.4	34
1007.6	34
1007.8	27
1008	28
1008.2	31
1008.4	27
1008.6	29
1008.8	30
1009	35
1009.2	33
1009.4	28
1009.6	26
1009.8	30
1010	32
1010.2	31
1010.4	30
1010.6	26
1010.8	28
1011	31
1011.2	31
1011.4	31
1011.6	26
1011.8	24
1012	24
1012.2	25
1012.4	26
1012.6	24
1012.8	27
1013	30
1013.2	30
1013.4	30
1013.6	28
1013.8	24
1014	24
1014.2	28
1014.4	31
1014.6	31
1014.8	24
1015	24
1015.2	22
1015.4	28
1015.6	29
1015.8	28
1016	26
1016.2	30
1016.4	31
1016.6	26
1016.8	26
1017	28
1017.2	28
1017.4	23
1017.6	26
1017.8	25
1018	24
1018.2	24
1018.4	23
1018.6	27
1018.8	29
1019	29
1019.2	29
1019.4	28
1019.6	24
1019.8	31
1020	30
1020.2	29
1020.4	28
1020.6	30
1020.8	27
1021	29
1021.2	31
1021.4	25
1021.6	29
1021.8	33
1022	31
1022.2	33
1022.4	31
1022.6	22
1022.8	25
1023	27
1023.2	32
1023.4	28
1023.6	31
1023.8	29
1024	36
1024.2	31
1024.4	31
1024.6	31
1024.8	29
1025	32
1025.2	40
1025.4	38
1025.6	33
1025.8	31
1026	33
1026.2	35
1026.4	37
1026.6	36
1026.8	34
1027	38
1027.2	33
1027.4	35
1027.6	30
1027.8	29
1028	30
1028.2	32
1028.4	35
1028.6	36
1028.8	34
1029	39
1029.2	33
1029.4	38
1029.6	35
1029.8	40
1030	38
1030.2	33
1030.4	41
1030.6	36
1030.8	42
1031	42
1031.2	38
1031.4	36
1031.6	41
1031.8	39
1032	43
1032.2	42
1032.4	37
1032.6	36
1032.8	38
1033	37
1033.2	35
1033.4	31
1033.6	33
1033.8	36
1034	38
1034.2	32
1034.4	29
1034.6	24
1034.8	26
1035	29
1035.2	33
1035.4	29
1035.6	30
1035.8	29
1036	31
1036.2	27
1036.4	22
1036.6	23
1036.8	23
1037	26
1037.2	30
1037.4	28
1037.6	23
1037.8	28
1038	32
1038.2	31
1038.4	33
1038.6	25
1038.8	28
1039	26
1039.2	27
1039.4	30
1039.6	30
1039.8	30
1040	23
1040.2	25
1040.4	28
1040.6	30
1040.8	26
1041	25
1041.2	25
1041.4	28
1041.6	31
1041.8	28
1042	31
1042.2	23
1042.4	25
1042.6	26
1042.8	30
1043	26
1043.2	28
1043.4	30
1043.6	33
1043.8	32
1044	31
1044.2	31
1044.4	28
1044.6	31
1044.8	29
1045	32
1045.2	30
1045.4	31
1045.6	33
1045.8	32
1046	35
1046.2	32
1046.4	29
1046.6	27
1046.8	28
1047	32
1047.2	34
1047.4	31
1047.6	37
1047.8	32
1048	34
1048.2	39
1048.4	36
1048.6	34
1048.8	31
1049	31
1049.2	34
1049.4	33
1049.6	35
1049.8	36
1050	38
1050.2	41
1050.4	38
1050.6	32
1050.8	30
1051	35
1051.2	37
1051.4	35
1051.6	34
1051.8	33
1052	32
1052.2	37
1052.4	37
1052.6	37
1052.8	33
1053	32
1053.2	34
1053.4	34
1053.6	40
1053.8	39
1054	37
1054.2	34
1054.4	40
1054.6	39
1054.8	39
1055	36
1055.2	35
1055.4	34
1055.6	37
1055.8	38
1056	35
1056.2	31
1056.4	36
1056.6	37
1056.8	40
1057	42
1057.2	40
1057.4	38
1057.6	36
1057.8	37
1058	42
1058.2	36
1058.4	38
1058.6	36
1058.8	42
1059	40
1059.2	41
1059.4	39
1059.6	41
1059.8	42
1060	38
1060.2	39
1060.4	39
1060.6	37
1060.8	36
1061	34
1061.2	38
1061.4	41
1061.6	37
1061.8	38
1062	30
1062.2	33
1062.4	34
1062.6	37
1062.8	39
1063	38
1063.2	40
1063.4	42
1063.6	43
1063.8	40
1064	34
1064.2	39
1064.4	39
1064.6	37
1064.8	45
1065	43
1065.2	40
1065.4	42
1065.6	37
1065.8	40
1066	39
1066.2	44
1066.4	41
1066.6	42
1066.8	44
1067	39
1067.2	39
1067.4	41
1067.6	44
1067.8	40
1068	42
1068.2	41
1068.4	42
1068.6	45
1068.8	45
1069	46
1069.2	44
1069.4	40
1069.6	41
1069.8	44
1070	46
1070.2	43
1070.4	41
1070.6	46
1070.8	46
1071	49
1071.2	56
1071.4	44
1071.6	43
1071.8	41
1072	49
1072.2	47
1072.4	44
1072.6	41
1072.8	42
1073	47
1073.2	45
1073.4	43
1073.6	45
1073.8	41
1074	45
1074.2	51
1074.4	49
1074.6	50
1074.8	50
1075	50
1075.2	52
1075.4	53
1075.6	54
1075.8	52
1076	48
1076.2	52
1076.4	55
1076.6	55
1076.8	50
1077	55
1077.2	53
1077.4	60
1077.6	60
1077.8	50
1078	55
1078.2	56
1078.4	61
1078.6	62
1078.8	63
1079	63
1079.2	57
1079.4	64
1079.6	70
1079.8	70
1080	63
1080.2	61
1080.4	65
1080.6	65
1080.8	65
1081	65
1081.2	66
1081.4	66
1081.6	69
1081.8	72
1082	67
1082.2	66
1082.4	64
1082.6	68
1082.8	70
1083	73
1083.2	73
1083.4	72
1083.6	70
1083.8	72
1084	71
1084.2	74
1084.4	74
1084.6	72
1084.8	75
1085	77
1085.2	80
1085.4	79
1085.6	83
1085.8	71
1086	81
1086.2	85
1086.4	82
1086.6	79
1086.8	79
1087	78
1087.2	80
1087.4	82
1087.6	81
1087.8	84
1088	77
1088.2	87
1088.4	86
1088.6	88
1088.8	83
1089	80
1089.2	87
1089.4	90
1089.6	87
1089.8	83
1090	83
1090.2	86
1090.4	84
1090.6	89
1090.8	92
1091	89
1091.2	92
1091.4	92
1091.6	97
1091.8	95
1092	97
1092.2	97
1092.4	98
1092.6	98
1092.8	99
1093	100
1093.2	95
1093.4	95
1093.6	104
1093.8	103
1094	104
1094.2	106
1094.4	103
1094.6	108
1094.8	110
1095	108
1095.2	109
1095.4	108
1095.6	102
1095.8	107
1096	110
1096.2	109
1096.4	106
1096.6	107
1096.8	105
1097	109
1097.2	109
1097.4	103
1097.6	102
1097.8	100
1098	104
1098.2	101
1098.4	105
1098.6	103
1098.8	101
1099	102
1099.2	106
1099.4	103
1099.6	102
1099.8	101
1100	104
1100.2	109
1100.4	111
1100.6	113
1100.8	106
1101	109
1101.2	104
1101.4	110
1101.6	108
1101.8	110
1102	107
1102.2	110
1102.4	112
1102.6	107
1102.8	112
1103	110
1103.2	111
1103.4	111
1103.6	115
1103.8	115
1104	115
1104.2	110
1104.4	114
1104.6	114
1104.8	120
1105	116
1105.2	118
1105.4	118
1105.6	120
1105.8	122
1106	125
1106.2	117
1106.4	124
1106.6	123
1106.8	125
1107	125
1107.2	125
1107.4	129
1107.6	128
1107.8	130
1108	134
1108.2	128
1108.4	133
1108.6	131
1108.8	141
1109	141
1109.2	143
1109.4	144
1109.6	148
1109.8	152
1110	160
1110.2	158
1110.4	156
1110.6	157
1110.8	159
1111	164
1111.2	168
1111.4	166
1111.6	164
1111.8	163
1112	163
1112.2	166
1112.4	173
1112.6	167
1112.8	167
1113	162
1113.2	171
1113.4	170
1113.6	173
1113.8	175
1114	171
1114.2	176
1114.4	181
1114.6	182
1114.8	188
1115	189
1115.2	197
1115.4	205
1115.6	216
1115.8	222
1116	240
1116.2	255
1116.4	276
1116.6	312
1116.8	352
1117	408
1117.2	496
1117.4	612
1117.6	744
1117.8	905
1118	1066
1118.2	1223
1118.4	1369
1118.6	1487
1118.8	1568
1119	1600
1119.2	1582
1119.4	1520
1119.6	1439
1119.8	1340
1120	1243
1120.2	1131
1120.4	1026
1120.6	931
1120.8	855
1121	790
1121.2	737
1121.4	690
1121.6	658
1121.8	636
1122	625
1122.2	620
1122.4	633
1122.6	657
1122.8	690
1123	748
1123.2	821
1123.4	907
1123.6	994
1123.8	1076
1124	1170
1124.2	1246
1124.4	1306
1124.6	1344
1124.8	1347
1125	1326
1125.2	1275
1125.4	1207
1125.6	1141
1125.8	1067
1126	1006
1126.2	956
1126.4	946
1126.6	969
1126.8	1039
1127	1166
1127.2	1358
1127.4	1655
1127.6	2061
1127.8	2517
1128	3008
1128.2	3522
1128.4	4044
1128.6	4542
1128.8	4941
1129	5209
1129.2	5297
1129.4	5258
1129.6	5135
1129.8	4979
1130	4824
1130.2	4668
1130.4	4552
1130.6	4466
1130.8	4421
1131	4393
1131.2	4331
1131.4	4188
1131.6	3975
1131.8	3750
1132	3539
1132.2	3356
1132.4	3217
1132.6	3115
1132.8	3060
1133	3049
1133.2	3093
1133.4	3160
1133.6	3239
1133.8	3342
1134	3481
1134.2	3613
1134.4	3708
1134.6	3777
1134.8	3840
1135	3881
1135.2	3906
1135.4	3903
1135.6	3826
1135.8	3673
1136	3480
1136.2	3270
1136.4	3065
1136.6	2878
1136.8	2705
1137	2536
1137.2	2404
1137.4	2342
1137.6	2298
1137.8	2283
1138	2276
1138.2	2274
1138.4	2261
1138.6	2235
1138.8	2171
1139	2080
1139.2	1967
1139.4	1844
1139.6	1728
1139.8	1635
1140	1584
1140.2	1608
1140.4	1697
1140.6	1851
1140.8	2049
1141	2271
1141.2	2512
1141.4	2735
1141.6	2891
1141.8	2926
1142	2841
1142.2	2627
1142.4	2363
1142.6	2116
1142.8	1825
1143	1521
1143.2	1278
1143.4	1107
1143.6	975
1143.8	925
1144	950
1144.2	1050
1144.4	1227
1144.6	1514
1144.8	1864
1145	2264
1145.2	2711
1145.4	3217
1145.6	3742
1145.8	4248
1146	4641
1146.2	4862
1146.4	4939
1146.6	4904
1146.8	4746
1147	4479
1147.2	4140
1147.4	3790
1147.6	3505
1147.8	3274
1148	3110
1148.2	2997
1148.4	2944
1148.6	2929
1148.8	2946
1149	2973
1149.2	2961
1149.4	2901
1149.6	2806
1149.8	2688
1150	2567
1150.2	2470
1150.4	2385
1150.6	2309
1150.8	2253
1151	2232
1151.2	2228
1151.4	2207
1151.6	2163
1151.8	2057
1152	1898
1152.2	1695
1152.4	1473
1152.6	1250
1152.8	1025
1153	815
1153.2	631
1153.4	488
1153.6	390
1153.8	327
1154	280
1154.2	248
1154.4	229
1154.6	211
1154.8	201
1155	186
1155.2	177
1155.4	172
1155.6	170
1155.8	165
1156	159
1156.2	161
1156.4	162
1156.6	162
1156.8	166
1157	166
1157.2	163
1157.4	159
1157.6	163
1157.8	169
1158	176
1158.2	175
1158.4	192
1158.6	212
1158.8	249
1159	305
1159.2	392
1159.4	477
1159.6	565
1159.8	676
1160	798
1160.2	940
1160.4	1080
1160.6	1213
1160.8	1316
1161	1406
1161.2	1507
1161.4	1606
1161.6	1676
1161.8	1715
1162	1723
1162.2	1724
1162.4	1721
1162.6	1695
1162.8	1628
1163	1515
1163.2	1377
1163.4	1240
1163.6	1113
1163.8	975
1164	834
1164.2	706
1164.4	596
1164.6	511
1164.8	445
1165	393
1165.2	352
1165.4	322
1165.6	309
1165.8	310
1166	317
1166.2	330
1166.4	354
1166.6	375
1166.8	399
1167	407
1167.2	407
1167.4	390
1167.6	364
1167.8	338
1168	302
1168.2	265
1168.4	225
1168.6	191
1168.8	169
1169	147
1169.2	128
1169.4	115
1169.6	111
1169.8	107
1170	107
1170.2	105
1170.4	102
1170.6	104
1170.8	105
1171	106
1171.2	106
1171.4	107
1171.6	107
1171.8	105
1172	111
1172.2	109
1172.4	112
1172.6	113
1172.8	110
1173	118
1173.2	119
1173.4	128
1173.6	126
1173.8	125
1174	133
1174.2	136
1174.4	145
1174.6	151
1174.8	155
1175	165
1175.2	174
1175.4	186
1175.6	190
1175.8	196
1176	203
1176.2	208
1176.4	208
1176.6	212
1176.8	209
1177	208
1177.2	201
1177.4	201
1177.6	200
1177.8	191
1178	185
1178.2	180
1178.4	177
1178.6	174
1178.8	168
1179	161
1179.2	154
1179.4	154
1179.6	148
1179.8	142
1180	136
1180.2	129
1180.4	128
1180.6	122
1180.8	126
1181	128
1181.2	118
1181.4	123
1181.6	126
1181.8	132
1182	135
1182.2	137
1182.4	141
1182.6	143
1182.8	156
1183	162
1183.2	168
1183.4	168
1183.6	166
1183.8	168
1184	175
1184.2	168
1184.4	169
1184.6	163
1184.8	162
1185	162
1185.2	164
1185.4	163
1185.6	158
1185.8	159
1186	156
1186.2	153
1186.4	150
1186.6	147
1186.8	144
1187	136
1187.2	140
1187.4	143
1187.6	143
1187.8	146
1188	147
1188.2	159
1188.4	164
1188.6	175
1188.8	185
1189	190
1189.2	202
1189.4	212
1189.6	230
1189.8	241
1190	258
1190.2	272
1190.4	274
1190.6	284
1190.8	299
1191	302
1191.2	304
1191.4	318
1191.6	320
1191.8	324
1192	320
1192.2	313
1192.4	314
1192.6	311
1192.8	312
1193	314
1193.2	314
1193.4	318
1193.6	325
1193.8	334
1194	342
1194.2	358
1194.4	371
1194.6	377
1194.8	392
1195	391
1195.2	398
1195.4	400
1195.6	402
1195.8	418
1196	432
1196.2	452
1196.4	479
1196.6	507
1196.8	536
1197	574
1197.2	600
1197.4	627
1197.6	645
1197.8	650
1198	651
1198.2	652
1198.4	648
1198.6	637
1198.8	625
1199	621
1199.2	622
1199.4	632
1199.6	646
1199.8	673
1200	718
1200.2	771
1200.4	828
1200.6	911
1200.8	1004
1201	1103
1201.2	1207
1201.4	1327
1201.6	1455
1201.8	1587
1202	1708
1202.2	1831
1202.4	1932
1202.6	2019
1202.8	2083
1203	2109
1203.2	2118
1203.4	2104
1203.6	2076
1203.8	2035
1204	1982
1204.2	1922
1204.4	1851
1204.6	1775
1204.8	1692
1205	1601
1205.2	1504
1205.4	1399
1205.6	1303
1205.8	1200
1206	1104
1206.2	1014
1206.4	928
1206.6	853
1206.8	779
1207	722
1207.2	670
1207.4	638
1207.6	607
1207.8	603
1208	611
1208.2	637
1208.4	667
1208.6	731
1208.8	804
1209	899
1209.2	980
1209.4	1072
1209.6	1153
1209.8	1209
1210	1251
1210.2	1260
1210.4	1244
1210.6	1188
1210.8	1114
1211	1025
1211.2	920
1211.4	832
1211.6	746
1211.8	676
1212	627
1212.2	593
1212.4	583
1212.6	591
1212.8	603
1213	626
1213.2	653
1213.4	689
1213.6	718
1213.8	745
1214	766
1214.2	772
1214.4	784
1214.6	790
1214.8	789
1215	788
1215.2	785
1215.4	800
1215.6	814
1215.8	829
1216	844
1216.2	855
1216.4	866
1216.6	859
1216.8	842
1217	799
1217.2	753
1217.4	702
1217.6	648
1217.8	597
1218	552
1218.2	514
1218.4	495
1218.6	487
1218.8	504
1219	527
1219.2	548
1219.4	572
1219.6	591
1219.8	609
1220	623
1220.2	611
1220.4	590
1220.6	557
1220.8	517
1221	479
1221.2	433
1221.4	384
1221.6	330
1221.8	293
1222	259
1222.2	235
1222.4	212
1222.6	190
1222.8	175
1223	166
1223.2	157
1223.4	147
1223.6	137
1223.8	132
1224	121
1224.2	120
1224.4	117
1224.6	110
1224.8	104
1225	99
1225.2	94
1225.4	89
1225.6	90
1225.8	86
1226	87
1226.2	82
1226.4	80
1226.6	83
1226.8	80
1227	73
1227.2	74
1227.4	74
1227.6	77
1227.8	76
1228	72
1228.2	71
1228.4	70
1228.6	72
1228.8	71
1229	71
1229.2	67
1229.4	65
1229.6	66
1229.8	69
1230	66
1230.2	62
1230.4	59
1230.6	61
1230.8	58
1231	61
1231.2	58
1231.4	53
1231.6	53
1231.8	56
1232	62
1232.2	60
1232.4	58
1232.6	59
1232.8	57
1233	55
1233.2	60
1233.4	58
1233.6	59
1233.8	56
1234	60
1234.2	60
1234.4	60
1234.6	56
1234.8	54
1235	56
1235.2	56
1235.4	54
1235.6	56
1235.8	52
1236	51
1236.2	52
1236.4	54
1236.6	54
1236.8	49
1237	52
1237.2	53
1237.4	53
1237.6	48
1237.8	52
1238	50
1238.2	46
1238.4	53
1238.6	52
1238.8	45
1239	50
1239.2	44
1239.4	43
1239.6	52
1239.8	48
1240	45
1240.2	43
1240.4	45
1240.6	48
1240.8	44
1241	48
1241.2	40
1241.4	38
1241.6	42
1241.8	45
1242	45
1242.2	39
1242.4	46
1242.6	45
1242.8	48
1243	44
1243.2	45
1243.4	44
1243.6	46
1243.8	49
1244	49
1244.2	50
1244.4	46
1244.6	48
1244.8	50
1245	49
1245.2	49
1245.4	47
1245.6	42
1245.8	46
1246	45
1246.2	46
1246.4	42
1246.6	46
1246.8	43
1247	41
1247.2	46
1247.4	47
1247.6	44
1247.8	44
1248	45
1248.2	44
1248.4	45
1248.6	41
1248.8	47
1249	45
1249.2	47
1249.4	51
1249.6	47
1249.8	45
1250	46
1250.2	46
1250.4	46
1250.6	47
1250.8	46
1251	42
1251.2	40
1251.4	41
1251.6	43
1251.8	44
1252	42
1252.2	40
1252.4	41
1252.6	45
1252.8	43
1253	44
1253.2	46
1253.4	41
1253.6	48
1253.8	45
1254	44
1254.2	47
1254.4	44
1254.6	47
1254.8	48
1255	48
1255.2	46
1255.4	44
1255.6	48
1255.8	46
1256	43
1256.2	49
1256.4	46
1256.6	46
1256.8	49
1257	45
1257.2	44
1257.4	45
1257.6	41
1257.8	43
1258	44
1258.2	47
1258.4	43
1258.6	46
1258.8	45
1259	44
1259.2	50
1259.4	45
1259.6	47
1259.8	43
1260	47
1260.2	45
1260.4	44
1260.6	46
1260.8	46
1261	49
1261.2	43
1261.4	46
1261.6	48
1261.8	41
1262	45
1262.2	42
1262.4	44
1262.6	42
1262.8	43
1263	43
1263.2	42
1263.4	45
1263.6	43
1263.8	46
1264	44
1264.2	46
1264.4	50
1264.6	46
1264.8	47
1265	49
1265.2	46
1265.4	45
1265.6	48
1265.8	46
1266	50
1266.2	48
1266.4	52
1266.6	48
1266.8	46
1267	47
1267.2	45
1267.4	46
1267.6	47
1267.8	46
1268	45
1268.2	42
1268.4	44
1268.6	42
1268.8	46
1269	44
1269.2	48
1269.4	48
1269.6	45
1269.8	45
1270	48
1270.2	47
1270.4	48
1270.6	43
1270.8	46
1271	45
1271.2	47
1271.4	44
1271.6	41
1271.8	39
1272	41
1272.2	45
1272.4	46
1272.6	40
1272.8	48
1273	40
1273.2	43
1273.4	46
1273.6	41
1273.8	42
1274	46
1274.2	46
1274.4	49
1274.6	47
1274.8	46
1275	41
1275.2	45
1275.4	48
1275.6	48
1275.8	51
1276	47
1276.2	48
1276.4	47
1276.6	45
1276.8	43
1277	44
1277.2	43
1277.4	43
1277.6	42
1277.8	41
1278	46
1278.2	45
1278.4	41
1278.6	45
1278.8	47
1279	43
1279.2	49
1279.4	45
1279.6	47
1279.8	47
1280	48
1280.2	47
1280.4	44
1280.6	43
1280.8	45
1281	49
1281.2	47
1281.4	43
1281.6	43
1281.8	39
1282	43
1282.2	45
1282.4	41
1282.6	45
1282.8	43
1283	43
1283.2	44
1283.4	42
1283.6	41
1283.8	43
1284	45
1284.2	43
1284.4	48
1284.6	47
1284.8	44
1285	46
1285.2	46
1285.4	46
1285.6	49
1285.8	46
1286	47
1286.2	46
1286.4	47
1286.6	46
1286.8	46
1287	46
1287.2	46
1287.4	46
1287.6	43
1287.8	41
1288	44
1288.2	46
1288.4	44
1288.6	48
1288.8	42
1289	50
1289.2	46
1289.4	46
1289.6	47
1289.8	48
1290	49
1290.2	45
1290.4	48
1290.6	50
1290.8	51
1291	48
1291.2	45
1291.4	49
1291.6	46
1291.8	44
1292	47
1292.2	42
1292.4	46
1292.6	44
1292.8	47
1293	47
1293.2	43
1293.4	42
1293.6	42
1293.8	44
1294	44
1294.2	44
1294.4	46
1294.6	45
1294.8	45
1295	48
1295.2	51
1295.4	54
1295.6	51
1295.8	50
1296	50
1296.2	47
1296.4	48
1296.6	48
1296.8	50
1297	45
1297.2	47
1297.4	46
1297.6	47
1297.8	44
1298	45
1298.2	48
1298.4	46
1298.6	44
1298.8	45
1299	41
1299.2	45
1299.4	50
1299.6	48
1299.8	50
1300	50
1300.2	48
1300.4	47
1300.6	49
1300.8	51
1301	50
1301.2	52
1301.4	50
1301.6	50
1301.8	49
1302	48
1302.2	48
1302.4	48
1302.6	50
1302.8	49
1303	45
1303.2	46
1303.4	42
1303.6	44
1303.8	44
1304	43
1304.2	44
1304.4	44
1304.6	49
1304.8	48
1305	49
1305.2	48
1305.4	44
1305.6	50
1305.8	49
1306	47
1306.2	50
1306.4	51
1306.6	50
1306.8	49
1307	52
1307.2	49
1307.4	52
1307.6	48
1307.8	46
1308	44
1308.2	45
1308.4	48
1308.6	51
1308.8	46
1309	47
1309.2	50
1309.4	50
1309.6	51
1309.8	50
1310	51
1310.2	48
1310.4	51
1310.6	49
1310.8	50
1311	51
1311.2	54
1311.4	53
1311.6	55
1311.8	51
1312	46
1312.2	47
1312.4	48
1312.6	51
1312.8	49
1313	53
1313.2	47
1313.4	45
1313.6	47
1313.8	48
1314	46
1314.2	47
1314.4	46
1314.6	48
1314.8	50
1315	53
1315.2	48
1315.4	49
1315.6	47
1315.8	51
1316	55
1316.2	49
1316.4	53
1316.6	49
1316.8	51
1317	50
1317.2	52
1317.4	51
1317.6	51
1317.8	53
1318	52
1318.2	49
1318.4	49
1318.6	45
1318.8	50
1319	51
1319.2	47
1319.4	45
1319.6	44
1319.8	47
1320	51
1320.2	48
1320.4	51
1320.6	53
1320.8	53
1321	51
1321.2	55
1321.4	54
1321.6	54
1321.8	54
1322	49
1322.2	52
1322.4	58
1322.6	50
1322.8	51
1323	46
1323.2	50
1323.4	49
1323.6	48
1323.8	50
1324	44
1324.2	48
1324.4	47
1324.6	50
1324.8	48
1325	45
1325.2	49
1325.4	50
1325.6	50
1325.8	51
1326	47
1326.2	52
1326.4	50
1326.6	50
1326.8	55
1327	52
1327.2	50
1327.4	53
1327.6	55
1327.8	53
1328	49
1328.2	46
1328.4	52
1328.6	51
1328.8	49
1329	49
1329.2	48
1329.4	52
1329.6	51
1329.8	54
1330	52
1330.2	51
1330.4	52
1330.6	49
1330.8	48
1331	50
1331.2	59
1331.4	58
1331.6	53
1331.8	53
1332	53
1332.2	56
1332.4	53
1332.6	49
1332.8	49
1333	51
1333.2	54
1333.4	48
1333.6	49
1333.8	49
1334	51
1334.2	49
1334.4	51
1334.6	49
1334.8	51
1335	46
1335.2	49
1335.4	46
1335.6	49
1335.8	50
1336	52
1336.2	51
1336.4	52
1336.6	51
1336.8	49
1337	48
1337.2	50
1337.4	54
1337.6	58
1337.8	56
1338	51
1338.2	54
1338.4	54
1338.6	54
1338.8	57
1339	55
1339.2	51
1339.4	52
1339.6	53
1339.8	55
1340	52
1340.2	49
1340.4	54
1340.6	54
1340.8	56
1341	55
1341.2	55
1341.4	50
1341.6	54
1341.8	58
1342	62
1342.2	57
1342.4	56
1342.6	54
1342.8	56
1343	60
1343.2	56
1343.4	58
1343.6	55
1343.8	53
1344	51
1344.2	56
1344.4	55
1344.6	53
1344.8	51
1345	52
1345.2	53
1345.4	51
1345.6	51
1345.8	51
1346	54
1346.2	56
1346.4	59
1346.6	54
1346.8	59
1347	54
1347.2	58
1347.4	59
1347.6	61
1347.8	59
1348	53
1348.2	54
1348.4	64
1348.6	60
1348.8	64
1349	57
1349.2	58
1349.4	53
1349.6	57
1349.8	54
1350	59
1350.2	60
1350.4	59
1350.6	52
1350.8	57
1351	55
1351.2	58
1351.4	56
1351.6	61
1351.8	63
1352	58
1352.2	61
1352.4	61
1352.6	59
1352.8	61
1353	60
1353.2	55
1353.4	60
1353.6	61
1353.8	56
1354	57
1354.2	59
1354.4	53
1354.6	62
1354.8	55
1355	57
1355.2	64
1355.4	69
1355.6	71
1355.8	60
1356	51
1356.2	57
1356.4	54
1356.6	61
1356.8	54
1357	54
1357.2	56
1357.4	57
1357.6	53
1357.8	57
1358	62
1358.2	59
1358.4	54
1358.6	58
1358.8	56
1359	61
1359.2	65
1359.4	59
1359.6	63
1359.8	58
1360	59
1360.2	61
1360.4	68
1360.6	65
1360.8	64
1361	62
1361.2	58
1361.4	59
1361.6	69
1361.8	73
1362	77
1362.2	69
1362.4	67
1362.6	76
1362.8	72
1363	71
1363.2	68
1363.4	66
1363.6	63
1363.8	59
1364	50
1364.2	60
1364.4	63
1364.6	61
1364.8	63
1365	67
1365.2	70
1365.4	69
1365.6	65
1365.8	69
1366	65
1366.2	59
1366.4	65
1366.6	58
1366.8	55
1367	55
1367.2	58
1367.4	59
1367.6	60
1367.8	64
1368	74
1368.2	79
1368.4	76
1368.6	78
1368.8	68
1369	70
1369.2	70
1369.4	72
1369.6	69
1369.8	62
1370	60
1370.2	60
1370.4	60
1370.6	64
1370.8	69
1371	70
1371.2	74
1371.4	71
1371.6	73
1371.8	78
1372	73
1372.2	68
1372.4	69
1372.6	67
1372.8	75
1373	70
1373.2	66
1373.4	58
1373.6	62
1373.8	72
1374	63
1374.2	63
1374.4	64
1374.6	64
1374.8	70
1375	63
1375.2	62
1375.4	71
1375.6	71
1375.8	75
1376	70
1376.2	70
1376.4	71
1376.6	67
1376.8	69
1377	72
1377.2	70
1377.4	68
1377.6	72
1377.8	71
1378	74
1378.2	79
1378.4	74
1378.6	71
1378.8	71
1379	76
1379.2	76
1379.4	73
1379.6	76
1379.8	72
1380	73
1380.2	75
1380.4	78
1380.6	80
1380.8	75
1381	76
1381.2	74
1381.4	79
1381.6	79
1381.8	79
1382	79
1382.2	92
1382.4	86
1382.6	92
1382.8	89
1383	84
1383.2	84
1383.4	85
1383.6	83
1383.8	78
1384	82
1384.2	73
1384.4	92
1384.6	89
1384.8	77
1385	80
1385.2	73
1385.4	68
1385.6	72
1385.8	74
1386	72
1386.2	74
1386.4	69
1386.6	75
1386.8	74
1387	77
1387.2	69
1387.4	75
1387.6	83
1387.8	85
1388	86
1388.2	82
1388.4	82
1388.6	86
1388.8	81
1389	81
1389.2	81
1389.4	81
1389.6	82
1389.8	84
1390	79
1390.2	72
1390.4	73
1390.6	67
1390.8	66
1391	74
1391.2	74
1391.4	73
1391.6	74
1391.8	75
1392	82
1392.2	84
1392.4	85
1392.6	86
1392.8	84
1393	84
1393.2	90
1393.4	83
1393.6	74
1393.8	74
1394	77
1394.2	77
1394.4	82
1394.6	71
1394.8	77
1395	75
1395.2	77
1395.4	78
1395.6	82
1395.8	91
1396	90
1396.2	82
1396.4	85
1396.6	83
1396.8	81
1397	74
1397.2	80
1397.4	81
1397.6	77
1397.8	75
1398	74
1398.2	71
1398.4	70
1398.6	68
1398.8	72
1399	74
1399.2	73
1399.4	77
1399.6	82
1399.8	85
1400	83
