# Optical absorption spectrum of Program fragment delivered error ``Can't call method "sample_" on an undefined value at abs.template line 1.'':YAG (Ho:Y3Al5O12)
# assuming unity concentration per meter.  This data was part of the NASA 
# Laser Spectra Database found on the web until December of 2005 which
# was created by Pat Cross working at NASA Langley Research Center, Internal
# Operations Group, Aerospace Electronics Systems Division, Remote Sensing.
#
# The spectra was collected by TLL on 16 August 1988 and was 
# annotated on 17 August 1988.  The sample name was "" was a 4.8400
# long piece of :.   
# The incident light had unknown polarization.
#
# Spectra were recorded from 1700 to 2250nm
# every 0.2nm at room temperature.
#
# FILE NAME ON PE-3600 = 003T25.SP ON PC = 003T0025.SP NO_POINTS = 2751. pts DATA_INTV = .000200 æm MIN_LAMBDA = 1.700000 æm MIN_DATA = .00050 MAX_LAMBDA = 2.250000 æm MAX_DATA = 12600.00 SCANSPEED = .03000000 æm/min SLITWIDTH= .00020 æmITA = 0. RESP = .500 sec ISMS = 0. DATE=88/08/16 INST = 509. ? = 0.
#
##Wavelength (nm)	Absorbance (/meter) 
1700	83
1700.2	89
1700.4	92
1700.6	90
1700.8	92
1701	89
1701.2	89
1701.4	89
1701.6	87
1701.8	85
1702	79
1702.2	84
1702.4	82
1702.6	83
1702.8	80
1703	79
1703.2	80
1703.4	79
1703.6	83
1703.8	84
1704	87
1704.2	87
1704.4	90
1704.6	91
1704.8	91
1705	87
1705.2	88
1705.4	88
1705.6	88
1705.8	93
1706	89
1706.2	87
1706.4	86
1706.6	86
1706.8	86
1707	82
1707.2	78
1707.4	74
1707.6	85
1707.8	83
1708	87
1708.2	90
1708.4	90
1708.6	93
1708.8	93
1709	97
1709.2	97
1709.4	91
1709.6	93
1709.8	93
1710	95
1710.2	97
1710.4	97
1710.6	89
1710.8	90
1711	92
1711.2	88
1711.4	86
1711.6	82
1711.8	82
1712	84
1712.2	89
1712.4	93
1712.6	94
1712.8	95
1713	95
1713.2	100
1713.4	98
1713.6	96
1713.8	92
1714	95
1714.2	97
1714.4	97
1714.6	94
1714.8	87
1715	89
1715.2	83
1715.4	84
1715.6	84
1715.8	84
1716	87
1716.2	85
1716.4	91
1716.6	95
1716.8	99
1717	95
1717.2	92
1717.4	95
1717.6	96
1717.8	97
1718	96
1718.2	94
1718.4	95
1718.6	92
1718.8	92
1719	93
1719.2	88
1719.4	94
1719.6	93
1719.8	92
1720	93
1720.2	94
1720.4	96
1720.6	98
1720.8	103
1721	108
1721.2	103
1721.4	103
1721.6	97
1721.8	103
1722	107
1722.2	101
1722.4	99
1722.6	96
1722.8	97
1723	99
1723.2	103
1723.4	103
1723.6	99
1723.8	95
1724	98
1724.2	101
1724.4	101
1724.6	100
1724.8	102
1725	105
1725.2	108
1725.4	107
1725.6	95
1725.8	100
1726	101
1726.2	102
1726.4	99
1726.6	97
1726.8	97
1727	99
1727.2	100
1727.4	97
1727.6	99
1727.8	97
1728	96
1728.2	96
1728.4	104
1728.6	103
1728.8	103
1729	106
1729.2	108
1729.4	110
1729.6	112
1729.8	111
1730	108
1730.2	109
1730.4	106
1730.6	113
1730.8	112
1731	110
1731.2	108
1731.4	111
1731.6	115
1731.8	115
1732	108
1732.2	107
1732.4	107
1732.6	111
1732.8	115
1733	111
1733.2	114
1733.4	113
1733.6	117
1733.8	115
1734	116
1734.2	120
1734.4	115
1734.6	118
1734.8	115
1735	115
1735.2	116
1735.4	109
1735.6	115
1735.8	110
1736	111
1736.2	114
1736.4	109
1736.6	110
1736.8	110
1737	111
1737.2	112
1737.4	108
1737.6	112
1737.8	109
1738	114
1738.2	119
1738.4	119
1738.6	115
1738.8	113
1739	113
1739.2	114
1739.4	114
1739.6	117
1739.8	112
1740	114
1740.2	119
1740.4	121
1740.6	116
1740.8	109
1741	113
1741.2	113
1741.4	115
1741.6	115
1741.8	112
1742	117
1742.2	119
1742.4	120
1742.6	122
1742.8	119
1743	114
1743.2	119
1743.4	115
1743.6	119
1743.8	118
1744	119
1744.2	117
1744.4	117
1744.6	120
1744.8	123
1745	119
1745.2	117
1745.4	121
1745.6	120
1745.8	121
1746	121
1746.2	124
1746.4	127
1746.6	128
1746.8	126
1747	129
1747.2	127
1747.4	124
1747.6	125
1747.8	118
1748	120
1748.2	115
1748.4	118
1748.6	117
1748.8	123
1749	126
1749.2	126
1749.4	123
1749.6	115
1749.8	118
1750	123
1750.2	124
1750.4	123
1750.6	123
1750.8	126
1751	126
1751.2	127
1751.4	127
1751.6	126
1751.8	123
1752	124
1752.2	123
1752.4	123
1752.6	115
1752.8	121
1753	119
1753.2	121
1753.4	119
1753.6	118
1753.8	119
1754	124
1754.2	124
1754.4	127
1754.6	132
1754.8	126
1755	126
1755.2	132
1755.4	132
1755.6	131
1755.8	131
1756	129
1756.2	131
1756.4	127
1756.6	130
1756.8	133
1757	131
1757.2	127
1757.4	126
1757.6	130
1757.8	130
1758	125
1758.2	127
1758.4	120
1758.6	123
1758.8	119
1759	123
1759.2	126
1759.4	125
1759.6	130
1759.8	136
1760	135
1760.2	137
1760.4	131
1760.6	127
1760.8	127
1761	127
1761.2	126
1761.4	120
1761.6	121
1761.8	118
1762	125
1762.2	125
1762.4	120
1762.6	120
1762.8	122
1763	124
1763.2	124
1763.4	123
1763.6	126
1763.8	125
1764	129
1764.2	131
1764.4	136
1764.6	138
1764.8	131
1765	134
1765.2	135
1765.4	131
1765.6	133
1765.8	129
1766	134
1766.2	132
1766.4	132
1766.6	131
1766.8	128
1767	131
1767.2	135
1767.4	132
1767.6	133
1767.8	136
1768	134
1768.2	135
1768.4	138
1768.6	146
1768.8	140
1769	143
1769.2	139
1769.4	145
1769.6	148
1769.8	141
1770	137
1770.2	133
1770.4	135
1770.6	135
1770.8	137
1771	131
1771.2	130
1771.4	130
1771.6	126
1771.8	131
1772	130
1772.2	123
1772.4	128
1772.6	123
1772.8	131
1773	132
1773.2	133
1773.4	132
1773.6	134
1773.8	134
1774	139
1774.2	136
1774.4	129
1774.6	131
1774.8	132
1775	133
1775.2	133
1775.4	136
1775.6	129
1775.8	131
1776	132
1776.2	128
1776.4	131
1776.6	127
1776.8	131
1777	130
1777.2	132
1777.4	140
1777.6	141
1777.8	140
1778	140
1778.2	140
1778.4	140
1778.6	137
1778.8	137
1779	135
1779.2	140
1779.4	143
1779.6	139
1779.8	135
1780	140
1780.2	140
1780.4	141
1780.6	141
1780.8	137
1781	130
1781.2	131
1781.4	134
1781.6	138
1781.8	137
1782	135
1782.2	138
1782.4	137
1782.6	140
1782.8	141
1783	136
1783.2	139
1783.4	136
1783.6	137
1783.8	137
1784	133
1784.2	133
1784.4	138
1784.6	142
1784.8	145
1785	141
1785.2	138
1785.4	139
1785.6	140
1785.8	135
1786	137
1786.2	143
1786.4	146
1786.6	146
1786.8	148
1787	151
1787.2	152
1787.4	151
1787.6	144
1787.8	144
1788	143
1788.2	144
1788.4	141
1788.6	142
1788.8	144
1789	145
1789.2	148
1789.4	142
1789.6	142
1789.8	141
1790	145
1790.2	142
1790.4	146
1790.6	145
1790.8	147
1791	150
1791.2	151
1791.4	154
1791.6	152
1791.8	143
1792	148
1792.2	146
1792.4	145
1792.6	149
1792.8	143
1793	148
1793.2	141
1793.4	146
1793.6	148
1793.8	158
1794	165
1794.2	163
1794.4	156
1794.6	159
1794.8	160
1795	160
1795.2	163
1795.4	168
1795.6	171
1795.8	172
1796	176
1796.2	176
1796.4	176
1796.6	174
1796.8	172
1797	171
1797.2	170
1797.4	165
1797.6	163
1797.8	171
1798	170
1798.2	169
1798.4	167
1798.6	167
1798.8	171
1799	171
1799.2	166
1799.4	176
1799.6	169
1799.8	174
1800	182
1800.2	188
1800.4	188
1800.6	186
1800.8	190
1801	187
1801.2	186
1801.4	183
1801.6	176
1801.8	175
1802	177
1802.2	174
1802.4	174
1802.6	174
1802.8	173
1803	172
1803.2	172
1803.4	174
1803.6	172
1803.8	167
1804	171
1804.2	178
1804.4	181
1804.6	183
1804.8	184
1805	189
1805.2	193
1805.4	192
1805.6	188
1805.8	188
1806	179
1806.2	172
1806.4	174
1806.6	171
1806.8	171
1807	169
1807.2	173
1807.4	176
1807.6	174
1807.8	171
1808	173
1808.2	169
1808.4	170
1808.6	170
1808.8	175
1809	180
1809.2	190
1809.4	187
1809.6	199
1809.8	200
1810	197
1810.2	194
1810.4	191
1810.6	192
1810.8	198
1811	196
1811.2	193
1811.4	191
1811.6	191
1811.8	190
1812	188
1812.2	188
1812.4	184
1812.6	184
1812.8	185
1813	184
1813.2	183
1813.4	184
1813.6	190
1813.8	197
1814	212
1814.2	220
1814.4	217
1814.6	220
1814.8	217
1815	217
1815.2	216
1815.4	211
1815.6	211
1815.8	204
1816	199
1816.2	197
1816.4	199
1816.6	202
1816.8	207
1817	207
1817.2	205
1817.4	204
1817.6	201
1817.8	201
1818	198
1818.2	197
1818.4	204
1818.6	210
1818.8	224
1819	231
1819.2	231
1819.4	226
1819.6	224
1819.8	218
1820	228
1820.2	223
1820.4	222
1820.6	215
1820.8	204
1821	205
1821.2	199
1821.4	199
1821.6	205
1821.8	205
1822	207
1822.2	201
1822.4	205
1822.6	204
1822.8	210
1823	215
1823.2	205
1823.4	210
1823.6	220
1823.8	228
1824	231
1824.2	233
1824.4	231
1824.6	241
1824.8	249
1825	249
1825.2	244
1825.4	238
1825.6	231
1825.8	226
1826	230
1826.2	227
1826.4	239
1826.6	239
1826.8	235
1827	235
1827.2	248
1827.4	259
1827.6	259
1827.8	261
1828	262
1828.2	271
1828.4	280
1828.6	283
1828.8	283
1829	279
1829.2	290
1829.4	307
1829.6	319
1829.8	329
1830	332
1830.2	338
1830.4	351
1830.6	360
1830.8	368
1831	386
1831.2	407
1831.4	424
1831.6	452
1831.8	474
1832	514
1832.2	575
1832.4	649
1832.6	734
1832.8	843
1833	975
1833.2	1133
1833.4	1301
1833.6	1466
1833.8	1630
1834	1780
1834.2	1923
1834.4	2065
1834.6	2198
1834.8	2294
1835	2336
1835.2	2335
1835.4	2283
1835.6	2207
1835.8	2122
1836	2021
1836.2	1900
1836.4	1744
1836.6	1579
1836.8	1406
1837	1248
1837.2	1118
1837.4	986
1837.6	871
1837.8	768
1838	696
1838.2	636
1838.4	582
1838.6	528
1838.8	483
1839	453
1839.2	433
1839.4	414
1839.6	403
1839.8	401
1840	396
1840.2	401
1840.4	382
1840.6	373
1840.8	370
1841	373
1841.2	371
1841.4	377
1841.6	379
1841.8	373
1842	370
1842.2	376
1842.4	384
1842.6	387
1842.8	401
1843	417
1843.2	423
1843.4	435
1843.6	457
1843.8	465
1844	473
1844.2	483
1844.4	505
1844.6	533
1844.8	574
1845	627
1845.2	675
1845.4	731
1845.6	785
1845.8	846
1846	909
1846.2	995
1846.4	1090
1846.6	1183
1846.8	1240
1847	1311
1847.2	1369
1847.4	1434
1847.6	1490
1847.8	1536
1848	1574
1848.2	1595
1848.4	1606
1848.6	1600
1848.8	1597
1849	1588
1849.2	1582
1849.4	1571
1849.6	1553
1849.8	1552
1850	1577
1850.2	1601
1850.4	1629
1850.6	1679
1850.8	1743
1851	1811
1851.2	1882
1851.4	1939
1851.6	1979
1851.8	2019
1852	2047
1852.2	2062
1852.4	2045
1852.6	2026
1852.8	2009
1853	1988
1853.2	1936
1853.4	1897
1853.6	1863
1853.8	1832
1854	1798
1854.2	1766
1854.4	1735
1854.6	1722
1854.8	1709
1855	1683
1855.2	1648
1855.4	1611
1855.6	1559
1855.8	1508
1856	1454
1856.2	1399
1856.4	1344
1856.6	1288
1856.8	1234
1857	1186
1857.2	1149
1857.4	1122
1857.6	1112
1857.8	1105
1858	1098
1858.2	1107
1858.4	1128
1858.6	1170
1858.8	1221
1859	1285
1859.2	1393
1859.4	1539
1859.6	1708
1859.8	1926
1860	2194
1860.2	2508
1860.4	2874
1860.6	3292
1860.8	3752
1861	4185
1861.2	4711
1861.4	5270
1861.6	5782
1861.8	6237
1862	6719
1862.2	7185
1862.4	7586
1862.6	7931
1862.8	8231
1863	8501
1863.2	8695
1863.4	8823
1863.6	8871
1863.8	8801
1864	8640
1864.2	8384
1864.4	8042
1864.6	7630
1864.8	7191
1865	6755
1865.2	6326
1865.4	5915
1865.6	5526
1865.8	5199
1866	4898
1866.2	4629
1866.4	4412
1866.6	4221
1866.8	4086
1867	3991
1867.2	3941
1867.4	3920
1867.6	3919
1867.8	3926
1868	3949
1868.2	3973
1868.4	3999
1868.6	4037
1868.8	4080
1869	4109
1869.2	4123
1869.4	4092
1869.6	4051
1869.8	4004
1870	3938
1870.2	3855
1870.4	3767
1870.6	3685
1870.8	3597
1871	3501
1871.2	3396
1871.4	3264
1871.6	3136
1871.8	3009
1872	2880
1872.2	2760
1872.4	2669
1872.6	2591
1872.8	2525
1873	2476
1873.2	2449
1873.4	2418
1873.6	2409
1873.8	2417
1874	2447
1874.2	2484
1874.4	2539
1874.6	2602
1874.8	2690
1875	2766
1875.2	2834
1875.4	2896
1875.6	2957
1875.8	3029
1876	3103
1876.2	3187
1876.4	3292
1876.6	3433
1876.8	3615
1877	3859
1877.2	4147
1877.4	4467
1877.6	4858
1877.8	5301
1878	5708
1878.2	6180
1878.4	6718
1878.6	7288
1878.8	7869
1879	8453
1879.2	8999
1879.4	9455
1879.6	9816
1879.8	10048
1880	10154
1880.2	10142
1880.4	10008
1880.6	9768
1880.8	9432
1881	9051
1881.2	8646
1881.4	8279
1881.6	7924
1881.8	7615
1882	7344
1882.2	7114
1882.4	6923
1882.6	6766
1882.8	6659
1883	6563
1883.2	6501
1883.4	6449
1883.6	6408
1883.8	6337
1884	6235
1884.2	6095
1884.4	5926
1884.6	5751
1884.8	5568
1885	5393
1885.2	5221
1885.4	5067
1885.6	4923
1885.8	4808
1886	4705
1886.2	4631
1886.4	4587
1886.6	4566
1886.8	4565
1887	4573
1887.2	4582
1887.4	4599
1887.6	4609
1887.8	4606
1888	4596
1888.2	4569
1888.4	4521
1888.6	4463
1888.8	4382
1889	4287
1889.2	4204
1889.4	4105
1889.6	4006
1889.8	3908
1890	3806
1890.2	3702
1890.4	3574
1890.6	3439
1890.8	3307
1891	3186
1891.2	3054
1891.4	2923
1891.6	2792
1891.8	2662
1892	2537
1892.2	2409
1892.4	2296
1892.6	2197
1892.8	2112
1893	2043
1893.2	1989
1893.4	1944
1893.6	1908
1893.8	1875
1894	1858
1894.2	1836
1894.4	1827
1894.6	1820
1894.8	1815
1895	1793
1895.2	1767
1895.4	1742
1895.6	1699
1895.8	1660
1896	1607
1896.2	1558
1896.4	1506
1896.6	1468
1896.8	1426
1897	1392
1897.2	1374
1897.4	1363
1897.6	1367
1897.8	1380
1898	1391
1898.2	1424
1898.4	1466
1898.6	1527
1898.8	1603
1899	1701
1899.2	1791
1899.4	1888
1899.6	2007
1899.8	2122
1900	2246
1900.2	2355
1900.4	2478
1900.6	2592
1900.8	2685
1901	2764
1901.2	2824
1901.4	2875
1901.6	2899
1901.8	2910
1902	2902
1902.2	2897
1902.4	2898
1902.6	2902
1902.8	2921
1903	2956
1903.2	3014
1903.4	3104
1903.6	3206
1903.8	3350
1904	3530
1904.2	3738
1904.4	4014
1904.6	4323
1904.8	4706
1905	5148
1905.2	5607
1905.4	6115
1905.6	6685
1905.8	7302
1906	7981
1906.2	8654
1906.4	9317
1906.6	9976
1906.8	10591
1907	11183
1907.2	11695
1907.4	12113
1907.6	12407
1907.8	12600
1908	12590
1908.2	12460
1908.4	12205
1908.6	11876
1908.8	11488
1909	11069
1909.2	10606
1909.4	10172
1909.6	9723
1909.8	9265
1910	8787
1910.2	8323
1910.4	7915
1910.6	7528
1910.8	7143
1911	6874
1911.2	6643
1911.4	6450
1911.6	6302
1911.8	6173
1912	6083
1912.2	6024
1912.4	5966
1912.6	5916
1912.8	5888
1913	5859
1913.2	5835
1913.4	5795
1913.6	5744
1913.8	5661
1914	5542
1914.2	5400
1914.4	5240
1914.6	5053
1914.8	4834
1915	4607
1915.2	4382
1915.4	4158
1915.6	3943
1915.8	3762
1916	3615
1916.2	3512
1916.4	3452
1916.6	3431
1916.8	3464
1917	3538
1917.2	3648
1917.4	3785
1917.6	3959
1917.8	4157
1918	4386
1918.2	4634
1918.4	4900
1918.6	5130
1918.8	5350
1919	5521
1919.2	5667
1919.4	5740
1919.6	5783
1919.8	5772
1920	5714
1920.2	5615
1920.4	5468
1920.6	5294
1920.8	5084
1921	4842
1921.2	4606
1921.4	4383
1921.6	4156
1921.8	3940
1922	3739
1922.2	3556
1922.4	3423
1922.6	3320
1922.8	3255
1923	3217
1923.2	3220
1923.4	3242
1923.6	3295
1923.8	3364
1924	3456
1924.2	3566
1924.4	3687
1924.6	3812
1924.8	3948
1925	4099
1925.2	4248
1925.4	4399
1925.6	4549
1925.8	4690
1926	4843
1926.2	4979
1926.4	5115
1926.6	5241
1926.8	5339
1927	5435
1927.2	5517
1927.4	5586
1927.6	5629
1927.8	5659
1928	5653
1928.2	5617
1928.4	5563
1928.6	5488
1928.8	5412
1929	5353
1929.2	5297
1929.4	5256
1929.6	5242
1929.8	5244
1930	5272
1930.2	5335
1930.4	5406
1930.6	5507
1930.8	5624
1931	5739
1931.2	5854
1931.4	5960
1931.6	6039
1931.8	6075
1932	6044
1932.2	5942
1932.4	5774
1932.6	5539
1932.8	5272
1933	4986
1933.2	4666
1933.4	4356
1933.6	4056
1933.8	3794
1934	3551
1934.2	3363
1934.4	3202
1934.6	3073
1934.8	2989
1935	2938
1935.2	2928
1935.4	2945
1935.6	2981
1935.8	3035
1936	3096
1936.2	3159
1936.4	3215
1936.6	3260
1936.8	3289
1937	3322
1937.2	3349
1937.4	3388
1937.6	3424
1937.8	3471
1938	3519
1938.2	3574
1938.4	3628
1938.6	3675
1938.8	3723
1939	3760
1939.2	3785
1939.4	3795
1939.6	3783
1939.8	3738
1940	3676
1940.2	3589
1940.4	3473
1940.6	3343
1940.8	3195
1941	3059
1941.2	2926
1941.4	2798
1941.6	2683
1941.8	2564
1942	2470
1942.2	2396
1942.4	2334
1942.6	2275
1942.8	2216
1943	2175
1943.2	2138
1943.4	2102
1943.6	2086
1943.8	2090
1944	2104
1944.2	2126
1944.4	2152
1944.6	2200
1944.8	2248
1945	2295
1945.2	2343
1945.4	2380
1945.6	2405
1945.8	2412
1946	2403
1946.2	2367
1946.4	2313
1946.6	2233
1946.8	2128
1947	2014
1947.2	1888
1947.4	1752
1947.6	1615
1947.8	1476
1948	1337
1948.2	1211
1948.4	1099
1948.6	994
1948.8	894
1949	813
1949.2	754
1949.4	703
1949.6	661
1949.8	625
1950	587
1950.2	571
1950.4	556
1950.6	538
1950.8	517
1951	496
1951.2	481
1951.4	472
1951.6	460
1951.8	453
1952	441
1952.2	429
1952.4	431
1952.6	427
1952.8	430
1953	432
1953.2	428
1953.4	422
1953.6	422
1953.8	419
1954	412
1954.2	408
1954.4	408
1954.6	401
1954.8	402
1955	407
1955.2	405
1955.4	411
1955.6	408
1955.8	405
1956	405
1956.2	407
1956.4	403
1956.6	405
1956.8	407
1957	410
1957.2	413
1957.4	423
1957.6	433
1957.8	455
1958	479
1958.2	503
1958.4	525
1958.6	551
1958.8	581
1959	604
1959.2	634
1959.4	657
1959.6	680
1959.8	700
1960	721
1960.2	736
1960.4	749
1960.6	754
1960.8	758
1961	752
1961.2	747
1961.4	737
1961.6	725
1961.8	715
1962	694
1962.2	682
1962.4	669
1962.6	653
1962.8	650
1963	646
1963.2	645
1963.4	653
1963.6	664
1963.8	678
1964	699
1964.2	733
1964.4	769
1964.6	815
1964.8	877
1965	948
1965.2	1028
1965.4	1113
1965.6	1207
1965.8	1297
1966	1390
1966.2	1483
1966.4	1565
1966.6	1635
1966.8	1692
1967	1725
1967.2	1747
1967.4	1753
1967.6	1756
1967.8	1738
1968	1713
1968.2	1680
1968.4	1619
1968.6	1564
1968.8	1511
1969	1453
1969.2	1388
1969.4	1311
1969.6	1232
1969.8	1160
1970	1098
1970.2	1033
1970.4	968
1970.6	920
1970.8	886
1971	869
1971.2	861
1971.4	868
1971.6	896
1971.8	939
1972	998
1972.2	1077
1972.4	1167
1972.6	1266
1972.8	1367
1973	1461
1973.2	1567
1973.4	1659
1973.6	1731
1973.8	1782
1974	1812
1974.2	1812
1974.4	1787
1974.6	1730
1974.8	1648
1975	1555
1975.2	1442
1975.4	1326
1975.6	1202
1975.8	1078
1976	955
1976.2	857
1976.4	775
1976.6	689
1976.8	627
1977	579
1977.2	536
1977.4	506
1977.6	475
1977.8	448
1978	423
1978.2	406
1978.4	390
1978.6	379
1978.8	365
1979	358
1979.2	348
1979.4	346
1979.6	344
1979.8	348
1980	346
1980.2	349
1980.4	352
1980.6	354
1980.8	357
1981	359
1981.2	349
1981.4	354
1981.6	356
1981.8	355
1982	358
1982.2	359
1982.4	362
1982.6	363
1982.8	368
1983	368
1983.2	368
1983.4	364
1983.6	358
1983.8	355
1984	351
1984.2	346
1984.4	339
1984.6	337
1984.8	336
1985	337
1985.2	343
1985.4	345
1985.6	340
1985.8	340
1986	339
1986.2	339
1986.4	336
1986.6	330
1986.8	323
1987	314
1987.2	309
1987.4	302
1987.6	299
1987.8	298
1988	295
1988.2	295
1988.4	298
1988.6	296
1988.8	298
1989	286
1989.2	284
1989.4	279
1989.6	279
1989.8	274
1990	266
1990.2	263
1990.4	264
1990.6	263
1990.8	265
1991	268
1991.2	268
1991.4	268
1991.6	270
1991.8	272
1992	269
1992.2	266
1992.4	260
1992.6	261
1992.8	256
1993	257
1993.2	254
1993.4	254
1993.6	256
1993.8	256
1994	262
1994.2	262
1994.4	263
1994.6	268
1994.8	266
1995	269
1995.2	267
1995.4	261
1995.6	261
1995.8	261
1996	269
1996.2	274
1996.4	277
1996.6	280
1996.8	283
1997	290
1997.2	292
1997.4	297
1997.6	299
1997.8	295
1998	298
1998.2	301
1998.4	301
1998.6	306
1998.8	305
1999	314
1999.2	321
1999.4	331
1999.6	335
1999.8	344
2000	351
2000.2	357
2000.4	361
2000.6	364
2000.8	365
2001	371
2001.2	373
2001.4	379
2001.6	386
2001.8	394
2002	402
2002.2	410
2002.4	424
2002.6	436
2002.8	441
2003	448
2003.2	451
2003.4	466
2003.6	473
2003.8	478
2004	483
2004.2	484
2004.4	495
2004.6	500
2004.8	508
2005	522
2005.2	525
2005.4	536
2005.6	547
2005.8	554
2006	559
2006.2	563
2006.4	565
2006.6	571
2006.8	579
2007	587
2007.2	585
2007.4	586
2007.6	589
2007.8	596
2008	612
2008.2	621
2008.4	631
2008.6	639
2008.8	646
2009	655
2009.2	662
2009.4	665
2009.6	668
2009.8	676
2010	685
2010.2	695
2010.4	705
2010.6	712
2010.8	728
2011	743
2011.2	763
2011.4	781
2011.6	802
2011.8	827
2012	850
2012.2	873
2012.4	900
2012.6	927
2012.8	959
2013	995
2013.2	1039
2013.4	1081
2013.6	1138
2013.8	1197
2014	1253
2014.2	1321
2014.4	1389
2014.6	1462
2014.8	1537
2015	1609
2015.2	1675
2015.4	1742
2015.6	1814
2015.8	1878
2016	1936
2016.2	1988
2016.4	2033
2016.6	2064
2016.8	2080
2017	2087
2017.2	2084
2017.4	2068
2017.6	2036
2017.8	2003
2018	1953
2018.2	1899
2018.4	1833
2018.6	1773
2018.8	1714
2019	1663
2019.2	1606
2019.4	1553
2019.6	1507
2019.8	1466
2020	1433
2020.2	1394
2020.4	1362
2020.6	1332
2020.8	1307
2021	1285
2021.2	1267
2021.4	1239
2021.6	1215
2021.8	1195
2022	1176
2022.2	1165
2022.4	1151
2022.6	1140
2022.8	1127
2023	1115
2023.2	1105
2023.4	1086
2023.6	1068
2023.8	1051
2024	1043
2024.2	1031
2024.4	1014
2024.6	999
2024.8	988
2025	973
2025.2	966
2025.4	963
2025.6	956
2025.8	950
2026	947
2026.2	945
2026.4	944
2026.6	940
2026.8	928
2027	920
2027.2	911
2027.4	909
2027.6	910
2027.8	899
2028	898
2028.2	894
2028.4	897
2028.6	901
2028.8	897
2029	896
2029.2	894
2029.4	895
2029.6	890
2029.8	892
2030	887
2030.2	882
2030.4	888
2030.6	884
2030.8	889
2031	893
2031.2	900
2031.4	908
2031.6	924
2031.8	936
2032	949
2032.2	956
2032.4	970
2032.6	978
2032.8	991
2033	1007
2033.2	1022
2033.4	1038
2033.6	1049
2033.8	1074
2034	1095
2034.2	1119
2034.4	1145
2034.6	1162
2034.8	1181
2035	1202
2035.2	1224
2035.4	1234
2035.6	1245
2035.8	1253
2036	1264
2036.2	1266
2036.4	1275
2036.6	1274
2036.8	1280
2037	1280
2037.2	1286
2037.4	1292
2037.6	1299
2037.8	1299
2038	1296
2038.2	1290
2038.4	1292
2038.6	1286
2038.8	1285
2039	1282
2039.2	1275
2039.4	1277
2039.6	1271
2039.8	1274
2040	1271
2040.2	1278
2040.4	1275
2040.6	1287
2040.8	1288
2041	1288
2041.2	1288
2041.4	1286
2041.6	1283
2041.8	1284
2042	1278
2042.2	1283
2042.4	1281
2042.6	1286
2042.8	1286
2043	1294
2043.2	1288
2043.4	1285
2043.6	1290
2043.8	1288
2044	1287
2044.2	1282
2044.4	1271
2044.6	1257
2044.8	1249
2045	1231
2045.2	1214
2045.4	1193
2045.6	1179
2045.8	1162
2046	1156
2046.2	1141
2046.4	1122
2046.6	1110
2046.8	1094
2047	1089
2047.2	1075
2047.4	1058
2047.6	1048
2047.8	1039
2048	1039
2048.2	1035
2048.4	1031
2048.6	1034
2048.8	1035
2049	1040
2049.2	1048
2049.4	1049
2049.6	1052
2049.8	1044
2050	1045
2050.2	1037
2050.4	1023
2050.6	1007
2050.8	986
2051	968
2051.2	952
2051.4	939
2051.6	920
2051.8	901
2052	883
2052.2	870
2052.4	868
2052.6	852
2052.8	839
2053	827
2053.2	813
2053.4	805
2053.6	796
2053.8	784
2054	779
2054.2	769
2054.4	763
2054.6	769
2054.8	774
2055	777
2055.2	782
2055.4	791
2055.6	803
2055.8	811
2056	821
2056.2	818
2056.4	830
2056.6	838
2056.8	848
2057	853
2057.2	863
2057.4	871
2057.6	883
2057.8	900
2058	918
2058.2	928
2058.4	943
2058.6	951
2058.8	965
2059	973
2059.2	979
2059.4	988
2059.6	986
2059.8	992
2060	998
2060.2	997
2060.4	1003
2060.6	1009
2060.8	1014
2061	1022
2061.2	1036
2061.4	1038
2061.6	1047
2061.8	1049
2062	1060
2062.2	1073
2062.4	1078
2062.6	1085
2062.8	1088
2063	1097
2063.2	1110
2063.4	1119
2063.6	1134
2063.8	1151
2064	1169
2064.2	1181
2064.4	1207
2064.6	1223
2064.8	1237
2065	1253
2065.2	1271
2065.4	1284
2065.6	1289
2065.8	1304
2066	1308
2066.2	1322
2066.4	1338
2066.6	1350
2066.8	1369
2067	1378
2067.2	1390
2067.4	1394
2067.6	1407
2067.8	1417
2068	1425
2068.2	1422
2068.4	1410
2068.6	1406
2068.8	1392
2069	1380
2069.2	1358
2069.4	1338
2069.6	1321
2069.8	1305
2070	1291
2070.2	1278
2070.4	1258
2070.6	1245
2070.8	1239
2071	1229
2071.2	1214
2071.4	1211
2071.6	1209
2071.8	1200
2072	1205
2072.2	1207
2072.4	1213
2072.6	1225
2072.8	1235
2073	1253
2073.2	1282
2073.4	1302
2073.6	1329
2073.8	1356
2074	1388
2074.2	1423
2074.4	1460
2074.6	1492
2074.8	1531
2075	1568
2075.2	1615
2075.4	1660
2075.6	1699
2075.8	1741
2076	1793
2076.2	1838
2076.4	1879
2076.6	1920
2076.8	1946
2077	1977
2077.2	2001
2077.4	2023
2077.6	2034
2077.8	2046
2078	2055
2078.2	2056
2078.4	2064
2078.6	2067
2078.8	2083
2079	2084
2079.2	2086
2079.4	2094
2079.6	2094
2079.8	2095
2080	2094
2080.2	2081
2080.4	2064
2080.6	2045
2080.8	2024
2081	1996
2081.2	1962
2081.4	1930
2081.6	1898
2081.8	1869
2082	1832
2082.2	1796
2082.4	1766
2082.6	1736
2082.8	1721
2083	1705
2083.2	1684
2083.4	1674
2083.6	1658
2083.8	1658
2084	1656
2084.2	1665
2084.4	1673
2084.6	1682
2084.8	1710
2085	1733
2085.2	1765
2085.4	1793
2085.6	1826
2085.8	1861
2086	1900
2086.2	1938
2086.4	1976
2086.6	2013
2086.8	2057
2087	2097
2087.2	2136
2087.4	2194
2087.6	2240
2087.8	2294
2088	2346
2088.2	2406
2088.4	2467
2088.6	2528
2088.8	2588
2089	2648
2089.2	2696
2089.4	2750
2089.6	2798
2089.8	2839
2090	2867
2090.2	2887
2090.4	2900
2090.6	2912
2090.8	2916
2091	2909
2091.2	2901
2091.4	2875
2091.6	2849
2091.8	2816
2092	2784
2092.2	2759
2092.4	2708
2092.6	2665
2092.8	2624
2093	2578
2093.2	2537
2093.4	2496
2093.6	2462
2093.8	2434
2094	2413
2094.2	2393
2094.4	2375
2094.6	2369
2094.8	2367
2095	2378
2095.2	2381
2095.4	2384
2095.6	2389
2095.8	2397
2096	2402
2096.2	2407
2096.4	2404
2096.6	2397
2096.8	2386
2097	2378
2097.2	2359
2097.4	2337
2097.6	2310
2097.8	2271
2098	2235
2098.2	2191
2098.4	2137
2098.6	2076
2098.8	2011
2099	1946
2099.2	1865
2099.4	1796
2099.6	1723
2099.8	1650
2100	1578
2100.2	1509
2100.4	1452
2100.6	1392
2100.8	1340
2101	1286
2101.2	1237
2101.4	1198
2101.6	1157
2101.8	1120
2102	1090
2102.2	1061
2102.4	1042
2102.6	1017
2102.8	1003
2103	997
2103.2	982
2103.4	982
2103.6	981
2103.8	986
2104	990
2104.2	989
2104.4	994
2104.6	1004
2104.8	1009
2105	1020
2105.2	1012
2105.4	1011
2105.6	1006
2105.8	1001
2106	993
2106.2	979
2106.4	967
2106.6	950
2106.8	930
2107	916
2107.2	893
2107.4	865
2107.6	836
2107.8	816
2108	792
2108.2	761
2108.4	732
2108.6	699
2108.8	672
2109	650
2109.2	625
2109.4	610
2109.6	588
2109.8	572
2110	565
2110.2	560
2110.4	558
2110.6	556
2110.8	554
2111	556
2111.2	560
2111.4	570
2111.6	566
2111.8	560
2112	552
2112.2	547
2112.4	547
2112.6	546
2112.8	533
2113	524
2113.2	516
2113.4	509
2113.6	500
2113.8	493
2114	483
2114.2	472
2114.4	458
2114.6	451
2114.8	442
2115	429
2115.2	415
2115.4	407
2115.6	403
2115.8	398
2116	397
2116.2	403
2116.4	400
2116.6	406
2116.8	414
2117	422
2117.2	423
2117.4	430
2117.6	443
2117.8	449
2118	457
2118.2	470
2118.4	482
2118.6	498
2118.8	520
2119	541
2119.2	568
2119.4	592
2119.6	621
2119.8	654
2120	684
2120.2	724
2120.4	754
2120.6	785
2120.8	811
2121	837
2121.2	862
2121.4	878
2121.6	896
2121.8	902
2122	909
2122.2	915
2122.4	918
2122.6	916
2122.8	904
2123	896
2123.2	884
2123.4	868
2123.6	852
2123.8	834
2124	808
2124.2	782
2124.4	760
2124.6	737
2124.8	713
2125	693
2125.2	677
2125.4	664
2125.6	650
2125.8	642
2126	623
2126.2	620
2126.4	617
2126.6	616
2126.8	615
2127	621
2127.2	619
2127.4	615
2127.6	625
2127.8	629
2128	628
2128.2	626
2128.4	628
2128.6	627
2128.8	634
2129	631
2129.2	629
2129.4	627
2129.6	619
2129.8	612
2130	607
2130.2	593
2130.4	572
2130.6	554
2130.8	541
2131	521
2131.2	496
2131.4	472
2131.6	449
2131.8	430
2132	410
2132.2	393
2132.4	373
2132.6	345
2132.8	330
2133	317
2133.2	302
2133.4	286
2133.6	271
2133.8	256
2134	245
2134.2	235
2134.4	222
2134.6	206
2134.8	200
2135	190
2135.2	188
2135.4	185
2135.6	178
2135.8	175
2136	169
2136.2	171
2136.4	165
2136.6	163
2136.8	162
2137	154
2137.2	154
2137.4	152
2137.6	147
2137.8	146
2138	136
2138.2	133
2138.4	136
2138.6	130
2138.8	128
2139	123
2139.2	119
2139.4	119
2139.6	120
2139.8	115
2140	111
2140.2	107
2140.4	106
2140.6	104
2140.8	107
2141	93
2141.2	94
2141.4	92
2141.6	92
2141.8	92
2142	96
2142.2	100
2142.4	93
2142.6	100
2142.8	100
2143	102
2143.2	102
2143.4	97
2143.6	98
2143.8	93
2144	90
2144.2	89
2144.4	84
2144.6	84
2144.8	76
2145	79
2145.2	77
2145.4	74
2145.6	73
2145.8	71
2146	70
2146.2	69
2146.4	69
2146.6	72
2146.8	67
2147	70
2147.2	68
2147.4	69
2147.6	68
2147.8	66
2148	66
2148.2	70
2148.4	70
2148.6	72
2148.8	64
2149	65
2149.2	68
2149.4	72
2149.6	72
2149.8	68
2150	72
2150.2	70
2150.4	70
2150.6	69
2150.8	65
2151	62
2151.2	62
2151.4	64
2151.6	61
2151.8	62
2152	60
2152.2	63
2152.4	65
2152.6	66
2152.8	67
2153	67
2153.2	61
2153.4	60
2153.6	62
2153.8	67
2154	61
2154.2	58
2154.4	54
2154.6	55
2154.8	59
2155	58
2155.2	57
2155.4	57
2155.6	59
2155.8	62
2156	67
2156.2	65
2156.4	63
2156.6	62
2156.8	65
2157	67
2157.2	64
2157.4	63
2157.6	64
2157.8	60
2158	61
2158.2	63
2158.4	58
2158.6	58
2158.8	60
2159	57
2159.2	54
2159.4	62
2159.6	53
2159.8	53
2160	54
2160.2	55
2160.4	58
2160.6	55
2160.8	53
2161	55
2161.2	58
2161.4	60
2161.6	56
2161.8	54
2162	56
2162.2	56
2162.4	59
2162.6	57
2162.8	68
2163	63
2163.2	68
2163.4	67
2163.6	65
2163.8	65
2164	57
2164.2	55
2164.4	59
2164.6	56
2164.8	55
2165	51
2165.2	52
2165.4	56
2165.6	55
2165.8	54
2166	52
2166.2	50
2166.4	54
2166.6	57
2166.8	59
2167	57
2167.2	58
2167.4	52
2167.6	47
2167.8	49
2168	48
2168.2	47
2168.4	45
2168.6	48
2168.8	54
2169	56
2169.2	57
2169.4	51
2169.6	58
2169.8	55
2170	58
2170.2	57
2170.4	52
2170.6	50
2170.8	53
2171	53
2171.2	51
2171.4	48
2171.6	49
2171.8	45
2172	52
2172.2	52
2172.4	51
2172.6	51
2172.8	47
2173	53
2173.2	53
2173.4	50
2173.6	53
2173.8	50
2174	46
2174.2	52
2174.4	50
2174.6	53
2174.8	47
2175	50
2175.2	51
2175.4	56
2175.6	56
2175.8	48
2176	52
2176.2	46
2176.4	53
2176.6	53
2176.8	52
2177	51
2177.2	50
2177.4	50
2177.6	52
2177.8	47
2178	49
2178.2	44
2178.4	44
2178.6	43
2178.8	44
2179	50
2179.2	42
2179.4	45
2179.6	45
2179.8	46
2180	52
2180.2	47
2180.4	49
2180.6	45
2180.8	44
2181	46
2181.2	45
2181.4	43
2181.6	43
2181.8	46
2182	50
2182.2	48
2182.4	48
2182.6	42
2182.8	43
2183	54
2183.2	54
2183.4	54
2183.6	54
2183.8	52
2184	55
2184.2	55
2184.4	56
2184.6	50
2184.8	49
2185	49
2185.2	49
2185.4	53
2185.6	48
2185.8	44
2186	42
2186.2	43
2186.4	46
2186.6	39
2186.8	39
2187	43
2187.2	45
2187.4	46
2187.6	48
2187.8	49
2188	42
2188.2	46
2188.4	48
2188.6	50
2188.8	51
2189	49
2189.2	51
2189.4	50
2189.6	49
2189.8	51
2190	49
2190.2	50
2190.4	52
2190.6	50
2190.8	53
2191	50
2191.2	50
2191.4	50
2191.6	52
2191.8	50
2192	45
2192.2	48
2192.4	42
2192.6	44
2192.8	47
2193	49
2193.2	50
2193.4	46
2193.6	51
2193.8	52
2194	49
2194.2	49
2194.4	49
2194.6	49
2194.8	49
2195	48
2195.2	50
2195.4	40
2195.6	42
2195.8	44
2196	45
2196.2	52
2196.4	44
2196.6	48
2196.8	41
2197	43
2197.2	48
2197.4	51
2197.6	49
2197.8	49
2198	50
2198.2	51
2198.4	51
2198.6	47
2198.8	47
2199	46
2199.2	46
2199.4	48
2199.6	45
2199.8	46
2200	48
2200.2	44
2200.4	47
2200.6	45
2200.8	45
2201	42
2201.2	44
2201.4	47
2201.6	46
2201.8	45
2202	44
2202.2	42
2202.4	49
2202.6	54
2202.8	54
2203	57
2203.2	52
2203.4	55
2203.6	53
2203.8	50
2204	52
2204.2	54
2204.4	53
2204.6	57
2204.8	54
2205	53
2205.2	50
2205.4	46
2205.6	46
2205.8	48
2206	46
2206.2	42
2206.4	41
2206.6	42
2206.8	39
2207	42
2207.2	43
2207.4	42
2207.6	43
2207.8	48
2208	49
2208.2	50
2208.4	47
2208.6	48
2208.8	46
2209	48
2209.2	47
2209.4	50
2209.6	43
2209.8	45
2210	40
2210.2	45
2210.4	47
2210.6	46
2210.8	46
2211	42
2211.2	47
2211.4	43
2211.6	46
2211.8	47
2212	47
2212.2	48
2212.4	49
2212.6	45
2212.8	47
2213	42
2213.2	42
2213.4	44
2213.6	40
2213.8	47
2214	40
2214.2	41
2214.4	41
2214.6	38
2214.8	43
2215	41
2215.2	42
2215.4	38
2215.6	38
2215.8	39
2216	37
2216.2	41
2216.4	36
2216.6	34
2216.8	38
2217	37
2217.2	40
2217.4	38
2217.6	38
2217.8	37
2218	41
2218.2	48
2218.4	44
2218.6	41
2218.8	43
2219	41
2219.2	40
2219.4	36
2219.6	37
2219.8	39
2220	39
2220.2	37
2220.4	36
2220.6	36
2220.8	36
2221	39
2221.2	36
2221.4	35
2221.6	39
2221.8	36
2222	37
2222.2	38
2222.4	36
2222.6	39
2222.8	41
2223	36
2223.2	43
2223.4	34
2223.6	35
2223.8	38
2224	35
2224.2	36
2224.4	36
2224.6	36
2224.8	35
2225	36
2225.2	33
2225.4	37
2225.6	38
2225.8	34
2226	36
2226.2	35
2226.4	35
2226.6	33
2226.8	32
2227	31
2227.2	29
2227.4	30
2227.6	26
2227.8	29
2228	28
2228.2	26
2228.4	21
2228.6	26
2228.8	31
2229	30
2229.2	25
2229.4	35
2229.6	27
2229.8	29
2230	34
2230.2	29
2230.4	25
2230.6	27
2230.8	24
2231	31
2231.2	26
2231.4	30
2231.6	26
2231.8	29
2232	30
2232.2	29
2232.4	27
2232.6	26
2232.8	25
2233	32
2233.2	29
2233.4	27
2233.6	26
2233.8	28
2234	22
2234.2	22
2234.4	19
2234.6	15
2234.8	20
2235	18
2235.2	23
2235.4	25
2235.6	21
2235.8	24
2236	22
2236.2	22
2236.4	21
2236.6	18
2236.8	15
2237	15
2237.2	18
2237.4	21
2237.6	16
2237.8	14
2238	11
2238.2	14
2238.4	14
2238.6	13
2238.8	16
2239	14
2239.2	15
2239.4	20
2239.6	20
2239.8	20
2240	22
2240.2	23
2240.4	21
2240.6	20
2240.8	18
2241	17
2241.2	14
2241.4	13
2241.6	9
2241.8	11
2242	13
2242.2	7
2242.4	8
2242.6	7
2242.8	9
2243	6
2243.2	14
2243.4	12
2243.6	18
2243.8	14
2244	16
2244.2	13
2244.4	13
2244.6	14
2244.8	12
2245	9
2245.2	6
2245.4	8
2245.6	12
2245.8	7
2246	7
2246.2	11
2246.4	13
2246.6	14
2246.8	12
2247	11
2247.2	9
2247.4	8
2247.6	12
2247.8	7
2248	8
2248.2	7
2248.4	8
2248.6	9
2248.8	6
2249	1
2249.2	3
2249.4	1
2249.6	8
2249.8	7
2250	4
