  11102  7  1 HOYAG.02   CICRAS GA   .633 H  # 101593 00.00   1        
  PROGRAM    EHEAD   VERSION 01.01 HE-NE LASER                         
  USER PLC DATE & TIME  1995  4  6 00.00 00.00     9.990    295K U     
 EC1 Ho 850     0     0 Y3Al5O12        1.100200 - 1.299700 .00010     
 SLIT WIDTH IS 1000 MICRONS, RADIATIVE LIFETIME OF 5 MSEC WAS          
 USED TO CALCULATE EMISSION CROSS-SECTION.                             
 DETECTOR: Ag-O-Cs (750)                                               
  FORMAT(1X,G15.8)                                                     
  This spectra is part of Database LASERS
 Database LASERS was created by Pat Cross working 
 at NASA Langley Research Center, Internal Operations Group,
 Aerospace Electronics Systems Division, Remote Sensing 
 Technology Branch. phone:(757)864-1633   fax:(757)864-7894 
     e-mail p.l.cross@larc.nasa.gov 
     homepage http://aesd.larc.nasa.gov/laser/dbmain.htm
  EOH                                                                  
  1996.         
   .22548000E-26
   .24195000E-26
   .21633000E-26
   .21767000E-26
   .24437000E-26
   .25257000E-26
   .24099000E-26
   .20436000E-26
   .12233000E-26
   .52125000E-27
   .47825000E-27
   .58178000E-27
   .86620000E-27
   .13041000E-26
   .12186000E-26
   .11060000E-26
   .10670000E-26
   .11898000E-26
   .83212000E-27
   .56088000E-27
   .24626000E-27
   .33841000E-27
   .26886000E-27
   .11702000E-26
   .18862000E-26
   .24743000E-26
   .22163000E-26
   .19786000E-26
   .20751000E-26
   .20301000E-26
   .19682000E-26
   .20763000E-26
   .22007000E-26
   .17160000E-26
   .19134000E-26
   .18292000E-26
   .15503000E-26
   .16150000E-26
   .17902000E-26
   .15291000E-26
   .16914000E-26
   .22488000E-26
   .25867000E-26
   .22633000E-26
   .21074000E-26
   .20692000E-26
   .22205000E-26
   .20400000E-26
   .22876000E-26
   .24408000E-26
   .23161000E-26
   .19851000E-26
   .20802000E-26
   .17750000E-26
   .18146000E-26
   .17391000E-26
   .20188000E-26
   .20914000E-26
   .24279000E-26
   .21909000E-26
   .21172000E-26
   .20709000E-26
   .20186000E-26
   .20677000E-26
   .19753000E-26
   .21684000E-26
   .17013000E-26
   .11951000E-26
   .65526000E-27
   .81757000E-27
   .41427000E-27
   .80389000E-27
   .12562000E-26
   .18339000E-26
   .22092000E-26
   .25806000E-26
   .26742000E-26
   .28364000E-26
   .28779000E-26
   .29303000E-26
   .26742000E-26
   .25265000E-26
   .26080000E-26
   .21888000E-26
   .18621000E-26
   .22783000E-26
   .20973000E-26
   .18631000E-26
   .18812000E-26
   .16011000E-26
   .14159000E-26
   .11496000E-26
   .92414000E-27
   .10468000E-26
   .14095000E-26
   .12312000E-26
   .17190000E-26
   .21754000E-26
   .23912000E-26
   .24790000E-26
   .28517000E-26
   .29667000E-26
   .29150000E-26
   .30150000E-26
   .29121000E-26
   .31619000E-26
   .32969000E-26
   .32038000E-26
   .32978000E-26
   .33513000E-26
   .28949000E-26
   .26897000E-26
   .29351000E-26
   .25576000E-26
   .28403000E-26
   .29209000E-26
   .28912000E-26
   .22802000E-26
   .23339000E-26
   .19921000E-26
   .20916000E-26
   .19574000E-26
   .20020000E-26
   .22288000E-26
   .24916000E-26
   .28775000E-26
   .34325000E-26
   .42177000E-26
   .43409000E-26
   .40739000E-26
   .33777000E-26
   .29150000E-26
   .26311000E-26
   .23287000E-26
   .23549000E-26
   .23951000E-26
   .22516000E-26
   .15378000E-26
   .15244000E-26
   .16606000E-26
   .21987000E-26
   .27018000E-26
   .38915000E-26
   .46039000E-26
   .51583000E-26
   .52286000E-26
   .50529000E-26
   .47200000E-26
   .45908000E-26
   .41437000E-26
   .44889000E-26
   .48100000E-26
   .50327000E-26
   .48763000E-26
   .50048000E-26
   .45570000E-26
   .45896000E-26
   .43399000E-26
   .41116000E-26
   .42175000E-26
   .45202000E-26
   .48491000E-26
   .52791000E-26
   .57873000E-26
   .62972000E-26
   .64279000E-26
   .64050000E-26
   .64706000E-26
   .70932000E-26
   .78683000E-26
   .88209000E-26
   .97822000E-26
   .10891000E-25
   .12145000E-25
   .13659000E-25
   .15626000E-25
   .18046000E-25
   .21261000E-25
   .23969000E-25
   .26322000E-25
   .28961000E-25
   .31865000E-25
   .34332000E-25
   .36756000E-25
   .39431000E-25
   .41298000E-25
   .42809000E-25
   .43193000E-25
   .43189000E-25
   .42119000E-25
   .40912000E-25
   .39003000E-25
   .37628000E-25
   .36233000E-25
   .35238000E-25
   .33794000E-25
   .32445000E-25
   .31090000E-25
   .29918000E-25
   .29529000E-25
   .29363000E-25
   .29143000E-25
   .28851000E-25
   .28197000E-25
   .26477000E-25
   .24901000E-25
   .23421000E-25
   .22119000E-25
   .21270000E-25
   .21059000E-25
   .20403000E-25
   .19254000E-25
   .18229000E-25
   .17084000E-25
   .16540000E-25
   .16357000E-25
   .16900000E-25
   .17130000E-25
   .17729000E-25
   .17529000E-25
   .17290000E-25
   .17551000E-25
   .18288000E-25
   .18744000E-25
   .19701000E-25
   .20935000E-25
   .21538000E-25
   .21798000E-25
   .22536000E-25
   .22963000E-25
   .23872000E-25
   .25025000E-25
   .26090000E-25
   .27550000E-25
   .29293000E-25
   .31403000E-25
   .33668000E-25
   .35810000E-25
   .38118000E-25
   .40368000E-25
   .42536000E-25
   .44750000E-25
   .47300000E-25
   .48445000E-25
   .49102000E-25
   .49278000E-25
   .48862000E-25
   .48236000E-25
   .47524000E-25
   .46354000E-25
   .44533000E-25
   .42240000E-25
   .39272000E-25
   .37322000E-25
   .35798000E-25
   .34291000E-25
   .32675000E-25
   .31858000E-25
   .30869000E-25
   .29622000E-25
   .28785000E-25
   .28492000E-25
   .28244000E-25
   .28091000E-25
   .28699000E-25
   .29120000E-25
   .29577000E-25
   .31301000E-25
   .33234000E-25
   .35448000E-25
   .39541000E-25
   .44673000E-25
   .49307000E-25
   .54820000E-25
   .61843000E-25
   .69539000E-25
   .78651000E-25
   .88386000E-25
   .99617000E-25
   .11112000E-24
   .12225000E-24
   .13335000E-24
   .14536000E-24
   .15618000E-24
   .16624000E-24
   .17570000E-24
   .18342000E-24
   .18780000E-24
   .19053000E-24
   .19080000E-24
   .18881000E-24
   .18480000E-24
   .18012000E-24
   .17330000E-24
   .16606000E-24
   .15863000E-24
   .15148000E-24
   .14453000E-24
   .13996000E-24
   .13754000E-24
   .13737000E-24
   .13893000E-24
   .14254000E-24
   .14649000E-24
   .15145000E-24
   .15587000E-24
   .16062000E-24
   .16378000E-24
   .16538000E-24
   .16525000E-24
   .16404000E-24
   .16152000E-24
   .15872000E-24
   .15462000E-24
   .14944000E-24
   .14447000E-24
   .13927000E-24
   .13368000E-24
   .12939000E-24
   .12556000E-24
   .12240000E-24
   .12114000E-24
   .12092000E-24
   .12121000E-24
   .12265000E-24
   .12441000E-24
   .12587000E-24
   .12764000E-24
   .12912000E-24
   .13125000E-24
   .13400000E-24
   .13651000E-24
   .14009000E-24
   .14345000E-24
   .14602000E-24
   .14815000E-24
   .15088000E-24
   .15359000E-24
   .15556000E-24
   .15703000E-24
   .15827000E-24
   .15929000E-24
   .15962000E-24
   .16092000E-24
   .16241000E-24
   .16435000E-24
   .16699000E-24
   .16995000E-24
   .17219000E-24
   .17396000E-24
   .17544000E-24
   .17561000E-24
   .17509000E-24
   .17346000E-24
   .17135000E-24
   .16835000E-24
   .16500000E-24
   .16081000E-24
   .15641000E-24
   .15105000E-24
   .14623000E-24
   .14133000E-24
   .13725000E-24
   .13372000E-24
   .13093000E-24
   .12796000E-24
   .12530000E-24
   .12262000E-24
   .12153000E-24
   .12026000E-24
   .11923000E-24
   .11914000E-24
   .11790000E-24
   .11651000E-24
   .11544000E-24
   .11466000E-24
   .11369000E-24
   .11425000E-24
   .11485000E-24
   .11586000E-24
   .11713000E-24
   .11839000E-24
   .11921000E-24
   .11988000E-24
   .11985000E-24
   .12058000E-24
   .12085000E-24
   .11918000E-24
   .11765000E-24
   .11609000E-24
   .11314000E-24
   .10921000E-24
   .10468000E-24
   .99267000E-25
   .92833000E-25
   .86601000E-25
   .82651000E-25
   .79803000E-25
   .77639000E-25
   .76218000E-25
   .76584000E-25
   .77253000E-25
   .79354000E-25
   .84065000E-25
   .91048000E-25
   .98947000E-25
   .10801000E-24
   .11870000E-24
   .13003000E-24
   .14067000E-24
   .15121000E-24
   .16161000E-24
   .17109000E-24
   .17717000E-24
   .18112000E-24
   .18331000E-24
   .18320000E-24
   .17886000E-24
   .17276000E-24
   .16504000E-24
   .15590000E-24
   .14545000E-24
   .13510000E-24
   .12409000E-24
   .11386000E-24
   .10323000E-24
   .92908000E-25
   .83710000E-25
   .75563000E-25
   .68972000E-25
   .61907000E-25
   .56782000E-25
   .52771000E-25
   .50095000E-25
   .48250000E-25
   .48438000E-25
   .48834000E-25
   .49078000E-25
   .50104000E-25
   .52030000E-25
   .55522000E-25
   .60934000E-25
   .68747000E-25
   .78578000E-25
   .90691000E-25
   .10388000E-24
   .12037000E-24
   .13908000E-24
   .15837000E-24
   .17862000E-24
   .19931000E-24
   .21907000E-24
   .23965000E-24
   .26187000E-24
   .28220000E-24
   .30063000E-24
   .31715000E-24
   .33023000E-24
   .33963000E-24
   .34826000E-24
   .35398000E-24
   .35479000E-24
   .35499000E-24
   .35134000E-24
   .34460000E-24
   .33667000E-24
   .32676000E-24
   .31379000E-24
   .29733000E-24
   .28184000E-24
   .26558000E-24
   .24969000E-24
   .23383000E-24
   .22059000E-24
   .20862000E-24
   .19857000E-24
   .18950000E-24
   .18245000E-24
   .17700000E-24
   .17487000E-24
   .17555000E-24
   .17796000E-24
   .18283000E-24
   .18757000E-24
   .19243000E-24
   .19679000E-24
   .20008000E-24
   .20277000E-24
   .20565000E-24
   .20780000E-24
   .20757000E-24
   .20720000E-24
   .20730000E-24
   .20367000E-24
   .20049000E-24
   .19628000E-24
   .19202000E-24
   .18727000E-24
   .18194000E-24
   .17677000E-24
   .17203000E-24
   .16791000E-24
   .16542000E-24
   .16548000E-24
   .16536000E-24
   .16702000E-24
   .16956000E-24
   .17289000E-24
   .17683000E-24
   .18283000E-24
   .18793000E-24
   .19169000E-24
   .19291000E-24
   .19252000E-24
   .18880000E-24
   .18380000E-24
   .17585000E-24
   .16641000E-24
   .15709000E-24
   .14496000E-24
   .13155000E-24
   .11856000E-24
   .10614000E-24
   .92538000E-25
   .80299000E-25
   .69794000E-25
   .59971000E-25
   .51177000E-25
   .43998000E-25
   .37922000E-25
   .33104000E-25
   .29581000E-25
   .26887000E-25
   .24438000E-25
   .23635000E-25
   .22149000E-25
   .21441000E-25
   .21343000E-25
   .20467000E-25
   .18758000E-25
   .17669000E-25
   .16745000E-25
   .16834000E-25
   .16541000E-25
   .16246000E-25
   .16049000E-25
   .15856000E-25
   .15118000E-25
   .15426000E-25
   .15966000E-25
   .16379000E-25
   .16799000E-25
   .16703000E-25
   .15649000E-25
   .14587000E-25
   .13761000E-25
   .12375000E-25
   .11900000E-25
   .11931000E-25
   .11898000E-25
   .12651000E-25
   .14109000E-25
   .14575000E-25
   .14665000E-25
   .14622000E-25
   .14968000E-25
   .14311000E-25
   .14248000E-25
   .13890000E-25
   .13437000E-25
   .12418000E-25
   .12266000E-25
   .12062000E-25
   .12988000E-25
   .14479000E-25
   .14243000E-25
   .14000000E-25
   .14305000E-25
   .13890000E-25
   .13950000E-25
   .15634000E-25
   .17442000E-25
   .17896000E-25
   .18917000E-25
   .19244000E-25
   .19151000E-25
   .19503000E-25
   .21192000E-25
   .22900000E-25
   .26290000E-25
   .30621000E-25
   .36928000E-25
   .43259000E-25
   .51223000E-25
   .57340000E-25
   .65135000E-25
   .72189000E-25
   .80970000E-25
   .88600000E-25
   .98705000E-25
   .10861000E-24
   .11781000E-24
   .12558000E-24
   .13376000E-24
   .14008000E-24
   .14416000E-24
   .14856000E-24
   .15128000E-24
   .15315000E-24
   .15516000E-24
   .15832000E-24
   .15989000E-24
   .16178000E-24
   .16345000E-24
   .16508000E-24
   .16595000E-24
   .16775000E-24
   .17085000E-24
   .17421000E-24
   .17818000E-24
   .18242000E-24
   .18530000E-24
   .18737000E-24
   .18843000E-24
   .18763000E-24
   .18536000E-24
   .18367000E-24
   .17769000E-24
   .17057000E-24
   .16517000E-24
   .15993000E-24
   .15195000E-24
   .14281000E-24
   .13274000E-24
   .12075000E-24
   .10931000E-24
   .10016000E-24
   .92371000E-25
   .84316000E-25
   .77412000E-25
   .72421000E-25
   .67573000E-25
   .64144000E-25
   .60404000E-25
   .57920000E-25
   .54922000E-25
   .51977000E-25
   .47780000E-25
   .45686000E-25
   .41864000E-25
   .38717000E-25
   .35659000E-25
   .33567000E-25
   .31676000E-25
   .32405000E-25
   .31446000E-25
   .31347000E-25
   .32263000E-25
   .34552000E-25
   .36097000E-25
   .39534000E-25
   .42461000E-25
   .46314000E-25
   .50569000E-25
   .54107000E-25
   .56605000E-25
   .59447000E-25
   .59570000E-25
   .59811000E-25
   .59356000E-25
   .57595000E-25
   .55921000E-25
   .54558000E-25
   .51956000E-25
   .49751000E-25
   .49112000E-25
   .46755000E-25
   .42525000E-25
   .37694000E-25
   .34020000E-25
   .28250000E-25
   .23303000E-25
   .20717000E-25
   .17755000E-25
   .15101000E-25
   .14528000E-25
   .13649000E-25
   .12417000E-25
   .13588000E-25
   .14426000E-25
   .14067000E-25
   .14607000E-25
   .15614000E-25
   .15276000E-25
   .15149000E-25
   .15604000E-25
   .15798000E-25
   .16629000E-25
   .14827000E-25
   .13607000E-25
   .14657000E-25
   .14562000E-25
   .13442000E-25
   .14626000E-25
   .15004000E-25
   .14980000E-25
   .15348000E-25
   .16291000E-25
   .15467000E-25
   .13650000E-25
   .10590000E-25
   .93750000E-26
   .87531000E-26
   .94760000E-26
   .12747000E-25
   .15311000E-25
   .16814000E-25
   .17606000E-25
   .20145000E-25
   .19868000E-25
   .19475000E-25
   .17358000E-25
   .14962000E-25
   .11526000E-25
   .96589000E-26
   .83745000E-26
   .10640000E-25
   .12205000E-25
   .13748000E-25
   .14354000E-25
   .14441000E-25
   .12200000E-25
   .11926000E-25
   .11570000E-25
   .10418000E-25
   .10790000E-25
   .12284000E-25
   .14537000E-25
   .16248000E-25
   .19667000E-25
   .21961000E-25
   .22744000E-25
   .21520000E-25
   .19898000E-25
   .19632000E-25
   .19510000E-25
   .21232000E-25
   .22723000E-25
   .26319000E-25
   .27096000E-25
   .28350000E-25
   .29237000E-25
   .30545000E-25
   .29492000E-25
   .28411000E-25
   .26709000E-25
   .25592000E-25
   .24528000E-25
   .24002000E-25
   .25801000E-25
   .27924000E-25
   .28648000E-25
   .31447000E-25
   .34573000E-25
   .35190000E-25
   .34370000E-25
   .34924000E-25
   .33334000E-25
   .30633000E-25
   .29971000E-25
   .29936000E-25
   .30579000E-25
   .30326000E-25
   .31626000E-25
   .31497000E-25
   .33145000E-25
   .31907000E-25
   .30904000E-25
   .29371000E-25
   .28525000E-25
   .27697000E-25
   .28102000E-25
   .28629000E-25
   .29936000E-25
   .30461000E-25
   .30935000E-25
   .31217000E-25
   .30900000E-25
   .30014000E-25
   .28451000E-25
   .26874000E-25
   .25768000E-25
   .25451000E-25
   .24719000E-25
   .23511000E-25
   .21788000E-25
   .21751000E-25
   .18989000E-25
   .19160000E-25
   .22204000E-25
   .23669000E-25
   .23067000E-25
   .25195000E-25
   .23568000E-25
   .21016000E-25
   .21413000E-25
   .20414000E-25
   .19730000E-25
   .23270000E-25
   .24787000E-25
   .24811000E-25
   .26274000E-25
   .27521000E-25
   .25265000E-25
   .24979000E-25
   .26399000E-25
   .26872000E-25
   .27207000E-25
   .27978000E-25
   .27985000E-25
   .25658000E-25
   .24772000E-25
   .23671000E-25
   .23672000E-25
   .24478000E-25
   .25129000E-25
   .26712000E-25
   .30751000E-25
   .32715000E-25
   .34523000E-25
   .37456000E-25
   .37628000E-25
   .36729000E-25
   .38282000E-25
   .39479000E-25
   .38583000E-25
   .38737000E-25
   .36679000E-25
   .33075000E-25
   .30441000E-25
   .28467000E-25
   .25867000E-25
   .25847000E-25
   .27673000E-25
   .30153000E-25
   .31361000E-25
   .33305000E-25
   .34363000E-25
   .34599000E-25
   .32650000E-25
   .33301000E-25
   .34518000E-25
   .36045000E-25
   .36362000E-25
   .35969000E-25
   .35877000E-25
   .35187000E-25
   .33818000E-25
   .32229000E-25
   .31351000E-25
   .31103000E-25
   .31653000E-25
   .33181000E-25
   .32887000E-25
   .32690000E-25
   .30320000E-25
   .27432000E-25
   .24454000E-25
   .23320000E-25
   .24275000E-25
   .27637000E-25
   .29871000E-25
   .31793000E-25
   .32974000E-25
   .32480000E-25
   .30377000E-25
   .29603000E-25
   .28365000E-25
   .29005000E-25
   .29842000E-25
   .30032000E-25
   .30420000E-25
   .31448000E-25
   .32451000E-25
   .33869000E-25
   .35466000E-25
   .36617000E-25
   .39068000E-25
   .43774000E-25
   .46384000E-25
   .50919000E-25
   .52762000E-25
   .55170000E-25
   .53498000E-25
   .54381000E-25
   .52735000E-25
   .52584000E-25
   .51031000E-25
   .50830000E-25
   .51759000E-25
   .54487000E-25
   .57725000E-25
   .61778000E-25
   .64706000E-25
   .65050000E-25
   .65389000E-25
   .67063000E-25
   .68042000E-25
   .70241000E-25
   .74724000E-25
   .78670000E-25
   .83848000E-25
   .84608000E-25
   .82880000E-25
   .83352000E-25
   .83777000E-25
   .80437000E-25
   .79219000E-25
   .80897000E-25
   .79428000E-25
   .79138000E-25
   .79760000E-25
   .81034000E-25
   .81418000E-25
   .84580000E-25
   .85523000E-25
   .86316000E-25
   .86747000E-25
   .86016000E-25
   .82850000E-25
   .82278000E-25
   .79438000E-25
   .79120000E-25
   .79081000E-25
   .79385000E-25
   .80188000E-25
   .82200000E-25
   .83877000E-25
   .87167000E-25
   .94035000E-25
   .97778000E-25
   .97774000E-25
   .10258000E-24
   .10554000E-24
   .10646000E-24
   .10863000E-24
   .11467000E-24
   .11433000E-24
   .11204000E-24
   .10898000E-24
   .10844000E-24
   .10628000E-24
   .10404000E-24
   .10558000E-24
   .10800000E-24
   .10940000E-24
   .11252000E-24
   .11509000E-24
   .11602000E-24
   .11526000E-24
   .11732000E-24
   .12189000E-24
   .12509000E-24
   .12823000E-24
   .13879000E-24
   .14591000E-24
   .14912000E-24
   .15799000E-24
   .16658000E-24
   .17150000E-24
   .17880000E-24
   .18422000E-24
   .19038000E-24
   .19458000E-24
   .19658000E-24
   .19987000E-24
   .20479000E-24
   .20523000E-24
   .20769000E-24
   .20722000E-24
   .20837000E-24
   .20572000E-24
   .20464000E-24
   .20292000E-24
   .19901000E-24
   .19638000E-24
   .19220000E-24
   .18952000E-24
   .18771000E-24
   .19144000E-24
   .19085000E-24
   .19451000E-24
   .19535000E-24
   .19758000E-24
   .19832000E-24
   .19967000E-24
   .19657000E-24
   .20317000E-24
   .21127000E-24
   .21726000E-24
   .22407000E-24
   .24020000E-24
   .25408000E-24
   .26878000E-24
   .28478000E-24
   .30466000E-24
   .32089000E-24
   .33379000E-24
   .35264000E-24
   .37325000E-24
   .38613000E-24
   .40345000E-24
   .42122000E-24
   .43796000E-24
   .45498000E-24
   .48192000E-24
   .50732000E-24
   .53369000E-24
   .56709000E-24
   .59118000E-24
   .61218000E-24
   .63202000E-24
   .64733000E-24
   .65896000E-24
   .66688000E-24
   .68070000E-24
   .69158000E-24
   .69518000E-24
   .69448000E-24
   .69817000E-24
   .69922000E-24
   .69842000E-24
   .69733000E-24
   .69678000E-24
   .69379000E-24
   .69535000E-24
   .70248000E-24
   .69655000E-24
   .68904000E-24
   .68383000E-24
   .67719000E-24
   .66651000E-24
   .66020000E-24
   .65180000E-24
   .64261000E-24
   .63743000E-24
   .62722000E-24
   .61979000E-24
   .60759000E-24
   .58632000E-24
   .56448000E-24
   .54071000E-24
   .52110000E-24
   .50558000E-24
   .49210000E-24
   .47126000E-24
   .45286000E-24
   .43758000E-24
   .41612000E-24
   .40028000E-24
   .38451000E-24
   .36543000E-24
   .35748000E-24
   .34484000E-24
   .32937000E-24
   .31785000E-24
   .30702000E-24
   .29315000E-24
   .28067000E-24
   .26526000E-24
   .25568000E-24
   .25193000E-24
   .24652000E-24
   .24163000E-24
   .24205000E-24
   .24049000E-24
   .23395000E-24
   .22957000E-24
   .22726000E-24
   .22652000E-24
   .22790000E-24
   .23688000E-24
   .24470000E-24
   .25857000E-24
   .27645000E-24
   .29222000E-24
   .30767000E-24
   .32750000E-24
   .34591000E-24
   .37464000E-24
   .40760000E-24
   .43716000E-24
   .46645000E-24
   .48370000E-24
   .51057000E-24
   .53334000E-24
   .55056000E-24
   .57522000E-24
   .59646000E-24
   .60002000E-24
   .60961000E-24
   .60808000E-24
   .59764000E-24
   .58130000E-24
   .57175000E-24
   .54623000E-24
   .51457000E-24
   .48712000E-24
   .46132000E-24
   .43092000E-24
   .40189000E-24
   .37311000E-24
   .34646000E-24
   .32055000E-24
   .30067000E-24
   .28663000E-24
   .27638000E-24
   .26535000E-24
   .26023000E-24
   .25515000E-24
   .24837000E-24
   .24953000E-24
   .24827000E-24
   .24662000E-24
   .24665000E-24
   .24702000E-24
   .24296000E-24
   .24239000E-24
   .24363000E-24
   .25030000E-24
   .26049000E-24
   .27499000E-24
   .29406000E-24
   .30605000E-24
   .32062000E-24
   .34091000E-24
   .35312000E-24
   .35845000E-24
   .36823000E-24
   .36436000E-24
   .35857000E-24
   .35992000E-24
   .35801000E-24
   .35738000E-24
   .36328000E-24
   .36378000E-24
   .36933000E-24
   .36976000E-24
   .36859000E-24
   .36834000E-24
   .35902000E-24
   .35476000E-24
   .35419000E-24
   .35642000E-24
   .34998000E-24
   .35718000E-24
   .36256000E-24
   .37652000E-24
   .38726000E-24
   .40172000E-24
   .40807000E-24
   .41443000E-24
   .41454000E-24
   .41423000E-24
   .41759000E-24
   .41671000E-24
   .42166000E-24
   .41816000E-24
   .40243000E-24
   .38919000E-24
   .36665000E-24
   .34509000E-24
   .33186000E-24
   .31734000E-24
   .30380000E-24
   .28776000E-24
   .27413000E-24
   .25731000E-24
   .23853000E-24
   .22449000E-24
   .21667000E-24
   .21372000E-24
   .21227000E-24
   .21466000E-24
   .21986000E-24
   .22163000E-24
   .22784000E-24
   .22999000E-24
   .23383000E-24
   .25348000E-24
   .26601000E-24
   .27451000E-24
   .28416000E-24
   .29805000E-24
   .30564000E-24
   .31479000E-24
   .31950000E-24
   .33094000E-24
   .34015000E-24
   .34349000E-24
   .34541000E-24
   .34758000E-24
   .33911000E-24
   .32812000E-24
   .31913000E-24
   .29817000E-24
   .27900000E-24
   .26681000E-24
   .25530000E-24
   .24070000E-24
   .22863000E-24
   .21418000E-24
   .19763000E-24
   .18152000E-24
   .16322000E-24
   .15863000E-24
   .15383000E-24
   .14407000E-24
   .13438000E-24
   .12319000E-24
   .10713000E-24
   .95892000E-25
   .90206000E-25
   .79796000E-25
   .74548000E-25
   .62898000E-25
   .54087000E-25
   .52352000E-25
   .58003000E-25
   .57715000E-25
   .57854000E-25
   .62034000E-25
   .57819000E-25
   .55897000E-25
   .57555000E-25
   .63620000E-25
   .66094000E-25
   .65708000E-25
   .61654000E-25
   .56602000E-25
   .51562000E-25
   .52889000E-25
   .51231000E-25
   .51126000E-25
   .55090000E-25
   .53835000E-25
   .39470000E-25
   .35870000E-25
   .28359000E-25
   .22591000E-25
   .16653000E-25
   .22272000E-25
   .20386000E-25
   .29587000E-25
   .30518000E-25
   .34915000E-25
   .37666000E-25
   .47389000E-25
   .47227000E-25
   .48141000E-25
   .51183000E-25
   .53922000E-25
   .51525000E-25
   .47263000E-25
   .49646000E-25
   .49926000E-25
   .46359000E-25
   .45570000E-25
   .48003000E-25
   .34378000E-25
   .31620000E-25
   .37218000E-25
   .38326000E-25
   .40195000E-25
   .52379000E-25
   .48313000E-25
   .39661000E-25
   .35517000E-25
   .31649000E-25
   .26560000E-25
   .25865000E-25
   .23262000E-25
   .14583000E-25
   .85639000E-26
   .00000000    
   .00000000    
   .00000000    
   .33278000E-26
   .36031000E-26
   .94943000E-26
   .23116000E-25
   .22539000E-25
   .10717000E-25
   .12559000E-25
   .91010000E-26
   .83579000E-27
   .46686000E-27
   .58376000E-26
   .10510000E-25
   .19131000E-25
   .25462000E-25
   .38576000E-25
   .48076000E-25
   .49761000E-25
   .47410000E-25
   .41958000E-25
   .28527000E-25
   .13144000E-25
   .61188000E-26
   .93225000E-26
   .14658000E-25
   .21517000E-25
   .32170000E-25
   .45438000E-25
   .49808000E-25
   .49296000E-25
   .31829000E-25
   .23118000E-25
   .86429000E-26
   .00000000    
   .00000000    
   .16602000E-25
   .20364000E-25
   .24474000E-25
   .30287000E-25
   .26291000E-25
   .24621000E-25
   .24621000E-25
   .23774000E-25
   .23293000E-25
   .25356000E-25
   .12380000E-25
   .14433000E-25
   .17987000E-25
   .18372000E-25
   .16868000E-25
   .22593000E-25
   .19932000E-25
   .18599000E-25
   .17673000E-25
   .17020000E-25
   .16961000E-25
   .17895000E-25
   .12152000E-25
   .77262000E-26
   .16739000E-25
   .24658000E-25
   .33960000E-25
   .34468000E-25
   .38777000E-25
   .32895000E-25
   .20380000E-25
   .92082000E-26
   .86651000E-26
   .73482000E-26
   .00000000    
   .41160000E-26
   .26963000E-26
   .00000000    
   .00000000    
   .00000000    
   .75849000E-27
   .11184000E-25
   .17942000E-25
   .24095000E-25
   .12988000E-25
   .00000000    
   .00000000    
   .00000000    
   .00000000    
   .25773000E-26
   .72652000E-26
   .00000000    
   .00000000    
   .00000000    
   .00000000    
   .15341000E-25
   .21689000E-25
   .13127000E-25
   .15825000E-25
   .14191000E-25
   .44006000E-26
   .36682000E-26
   .26160000E-26
   .00000000    
   .00000000    
   .00000000    
   .00000000    
   .00000000    
   .00000000    
   .00000000    
   .00000000    
   .00000000    
   .33720000E-26
   .12608000E-25
   .00000000    
   .00000000    
   .00000000    
   .00000000    
   .00000000    
   .00000000    
   .00000000    
   .00000000    
   .95598000E-26
   .19945000E-26
   .38396000E-26
   .70503000E-26
   .67824000E-27
   .00000000    
   .00000000    
   .00000000    
   .00000000    
   .00000000    
   .00000000    
   .00000000    
   .00000000    
   .00000000    
   .00000000    
   .11646000E-26
   .00000000    
   .00000000    
   .28545000E-26
   .54254000E-26
   .00000000    
   .00000000    
   .00000000    
   .00000000    
   .00000000    
   .00000000    
   .00000000    
   .73211000E-26
   .77543000E-26
   .11035000E-25
   .13139000E-25
   .15067000E-25
   .30449000E-26
   .00000000    
   .00000000    
   .00000000    
   .00000000    
   .00000000    
   .00000000    
   .15628000E-25
   .11407000E-25
   .00000000    
   .00000000    
   .00000000    
   .00000000    
   .00000000    
   .00000000    
   .24011000E-26
   .00000000    
   .00000000    
   .00000000    
   .00000000    
   .00000000    
   .00000000    
   .00000000    
   .00000000    
   .00000000    
   .00000000    
   .00000000    
   .00000000    
   .00000000    
   .00000000    
   .00000000    
   .00000000    
   .00000000    
   .00000000    
   .00000000    
   .00000000    
   .00000000    
   .00000000    
   .00000000    
   .00000000    
   .00000000    
   .00000000    
   .53914000E-26
   .51098000E-26
   .13051000E-25
   .84600000E-26
   .00000000    
   .00000000    
   .00000000    
   .00000000    
   .00000000    
   .55844000E-26
   .16992000E-25
   .39010000E-26
   .73906000E-26
   .14958000E-25
   .19768000E-26
   .16940000E-26
   .16299000E-25
   .98645000E-26
   .57078000E-26
   .72286000E-26
   .00000000    
   .00000000    
   .26004000E-26
   .00000000    
   .29436000E-27
   .33342000E-26
   .00000000    
   .00000000    
   .00000000    
   .00000000    
   .00000000    
   .13308000E-26
   .00000000    
   .00000000    
   .00000000    
   .00000000    
   .00000000    
   .00000000    
   .40251000E-26
   .47606000E-26
   .15458000E-25
   .18860000E-25
   .64016000E-26
   .00000000    
   .27719000E-27
   .00000000    
   .00000000    
   .44309000E-26
   .11222000E-25
   .00000000    
   .00000000    
   .00000000    
   .00000000    
   .90007000E-26
   .30204000E-25
   .38611000E-25
   .32542000E-25
   .31767000E-25
   .18739000E-25
   .17173000E-25
   .16342000E-25
   .20441000E-25
   .23683000E-25
   .40576000E-25
   .41938000E-25
   .37869000E-25
   .39870000E-25
   .32000000E-25
   .19097000E-25
   .86680000E-26
   .62218000E-26
   .57902000E-26
   .73398000E-26
   .98991000E-26
   .26774000E-25
   .38910000E-25
   .27362000E-25
   .20193000E-25
   .91432000E-26
   .00000000    
   .00000000    
   .29351000E-26
   .22968000E-25
   .37324000E-25
   .34507000E-25
   .20981000E-25
   .48988000E-26
   .00000000    
   .00000000    
   .00000000    
   .00000000    
   .00000000    
   .00000000    
   .00000000    
   .00000000    
   .00000000    
   .00000000    
   .00000000    
   .00000000    
   .00000000    
   .00000000    
   .00000000    
   .00000000    
   .16454000E-25
   .26366000E-25
   .29147000E-25
   .37389000E-25
   .33777000E-25
   .29678000E-25
   .36982000E-25
   .33394000E-25
   .35373000E-25
   .42587000E-25
   .44423000E-25
   .34733000E-25
   .21411000E-25
   .93618000E-27
   .00000000    
   .00000000    
   .00000000    
   .00000000    
   .00000000    
   .00000000    
   .31833000E-26
   .00000000    
   .00000000    
   .00000000    
   .00000000    
   .00000000    
   .00000000    
   .00000000    
   .00000000    
   .00000000    
   .00000000    
   .00000000    
   .00000000    
   .00000000    
   .00000000    
   .00000000    
   .00000000    
   .00000000    
   .37046000E-26
   .83845000E-26
   .11121000E-25
   .12312000E-25
   .27898000E-26
   .00000000    
   .00000000    
   .00000000    
   .00000000    
   .42271000E-26
   .00000000    
   .00000000    
   .00000000    
   .00000000    
   .00000000    
   .00000000    
   .00000000    
   .00000000    
   .79533000E-26
   .32248000E-25
   .41339000E-25
   .35687000E-25
   .19306000E-25
   .17363000E-25
   .75486000E-26
   .00000000    
   .00000000    
   .25247000E-26
   .00000000    
   .59526000E-26
   .11520000E-25
   .15796000E-25
   .15760000E-25
   .25799000E-25
   .25397000E-25
   .30028000E-25
   .20616000E-25
   .31593000E-25
   .34137000E-25
   .27965000E-25
   .22998000E-25
   .16177000E-25
   .46105000E-26
   .00000000    
   .00000000    
   .00000000    
   .00000000    
   .00000000    
   .00000000    
   .00000000    
   .00000000    
   .00000000    
   .12427000E-25
   .16898000E-25
   .15446000E-25
   .19319000E-25
   .12328000E-25
   .12736000E-26
   .00000000    
   .00000000    
   .00000000    
   .00000000    
   .00000000    
   .00000000    
   .34593000E-26
   .00000000    
   .00000000    
   .00000000    
   .00000000    
   .00000000    
   .00000000    
   .00000000    
   .00000000    
   .00000000    
   .00000000    
   .00000000    
   .00000000    
   .14783000E-26
   .10224000E-25
   .84447000E-26
   .00000000    
   .00000000    
   .00000000    
   .00000000    
   .00000000    
   .11994000E-25
   .43405000E-26
   .24431000E-26
   .00000000    
   .00000000    
   .00000000    
   .35181000E-26
   .77983000E-26
   .27985000E-27
   .00000000    
   .00000000    
   .00000000    
   .00000000    
   .00000000    
   .00000000    
   .10427000E-25
   .18374000E-25
   .26985000E-25
   .29681000E-25
   .34084000E-25
   .39870000E-25
   .46995000E-25
   .40853000E-25
   .29790000E-25
   .16026000E-25
   .00000000    
   .00000000    
   .00000000    
   .00000000    
   .00000000    
   .00000000    
   .00000000    
   .00000000    
   .54020000E-26
   .71742000E-26
   .22871000E-26
   .00000000    
   .00000000    
   .00000000    
   .00000000    
   .00000000    
   .00000000    
   .00000000    
   .68349000E-26
   .00000000    
   .00000000    
   .00000000    
   .00000000    
   .00000000    
   .00000000    
   .00000000    
   .14284000E-26
   .13646000E-25
   .18918000E-25
   .20862000E-25
   .12014000E-25
   .63224000E-26
   .45504000E-26
   .53562000E-26
   .00000000    
   .00000000    
   .00000000    
   .00000000    
   .13665000E-25
   .31601000E-25
   .45901000E-25
   .57963000E-25
   .64149000E-25
   .40737000E-25
   .25509000E-25
   .30900000E-25
   .33017000E-25
   .16136000E-25
   .19498000E-25
   .29425000E-25
   .15903000E-25
   .00000000    
   .82338000E-26
   .11298000E-25
   .19914000E-25
   .62868000E-25
   .10034000E-24
   .88783000E-25
   .68871000E-25
   .48042000E-25
   .00000000    
   .00000000    
   .00000000    
   .00000000    
   .00000000    
   .00000000    
   .00000000    
   .00000000    
   .00000000    
   .00000000    
   .17900000E-26
   .11299000E-25
   .29310000E-25
   .42299000E-25
   .40697000E-25
   .50789000E-25
   .63958000E-25
   .48786000E-25
   .44263000E-25
   .39341000E-25
   .24223000E-25
   .00000000    
   .00000000    
   .00000000    
   .00000000    
   .00000000    
   .00000000    
   .00000000    
   .00000000    
   .00000000    
   .00000000    
   .00000000    
   .00000000    
   .00000000    
   .00000000    
   .00000000    
   .00000000    
   .15882000E-25
   .50253000E-27
   .00000000    
   .00000000    
   .00000000    
   .00000000    
   .00000000    
   .00000000    
   .76872000E-26
   .17972000E-25
   .18916000E-25
   .48117000E-25
   .50593000E-25
   .24019000E-25
   .00000000    
   .00000000    
   .00000000    
   .00000000    
   .00000000    
   .00000000    
   .00000000    
   .00000000    
   .14105000E-25
   .18385000E-25
   .25103000E-25
   .25149000E-25
   .00000000    
   .00000000    
   .00000000    
   .00000000    
   .00000000    
   .00000000    
   .00000000    
   .00000000    
   .00000000    
   .00000000    
   .00000000    
   .87321000E-26
   .00000000    
   .00000000    
   .00000000    
   .00000000    
   .00000000    
   .11904000E-25
   .30524000E-25
   .47814000E-25
   .66825000E-25
   .74759000E-25
   .64174000E-25
   .75100000E-25
   .70109000E-25
   .36426000E-25
   .77554000E-27
   .00000000    
   .00000000    
   .00000000    
   .00000000    
   .00000000    
   .12218000E-25
   .14489000E-25
   .00000000    
   .00000000    
   .00000000    
   .00000000    
   .00000000    
   .00000000    
   .00000000    
   .00000000    
   .00000000    
   .00000000    
   .00000000    
   .18375000E-25
   .30098000E-25
   .29197000E-25
   .22609000E-25
   .12051000E-25
   .25432000E-26
   .00000000    
   .00000000    
   .00000000    
   .00000000    
   .00000000    
   .14443000E-25
   .28250000E-25
   .32976000E-25
   .45586000E-25
   .30412000E-25
   .24296000E-25
   .28630000E-25
   .39591000E-25
   .32493000E-25
   .27297000E-25
   .15193000E-25
   .46557000E-26
   .00000000    
   .00000000    
   .00000000    
   .00000000    
   .00000000    
   .00000000    
   .00000000    
   .00000000    
   .00000000    
   .00000000    
   .00000000    
   .00000000    
   .00000000    
   .00000000    
   .00000000    
   .00000000    
   .00000000    
   .16324000E-25
   .23103000E-26
   .00000000    
   .00000000    
   .13910000E-25
   .00000000    
   .00000000    
   .00000000    
   .00000000    
   .00000000    
   .00000000    
   .00000000    
   .00000000    
   .11593000E-26
   .12570000E-25
   .17946000E-25
   .24616000E-25
   .17828000E-26
   .00000000    
   .00000000    
   .00000000    
   .00000000    
   .92584000E-26
   .24901000E-25
   .37233000E-25
   .33888000E-25
   .12963000E-25
   .00000000    
   .00000000    
   .00000000    
   .00000000    
   .00000000    
   .00000000    
   .00000000    
   .00000000    
   .00000000    
   .00000000    
   .00000000    
   .00000000    
   .00000000    
   .81085000E-26
   .10169000E-25
   .00000000    
   .25088000E-26
   .13208000E-25
   .45651000E-26
   .12561000E-25
   .75222000E-26
   .00000000    
   .00000000    
   .00000000    
   .00000000    
   .00000000    
   .00000000    
   .00000000    
   .00000000    
   .89801000E-26
   .35824000E-25
   .39528000E-25
   .38608000E-25
