# Optical emission spectrum of Ho:Y3Al5O12 (Ho:Y3Al5O12)
# assuming unity concentration per meter.  This data was part of the NASA 
# Laser Spectra Database found on the web until December of 2005 which
# was created by Pat Cross working at NASA Langley Research Center, Internal
# Operations Group, Aerospace Electronics Systems Division, Remote Sensing.
#
# The spectra was collected by GA on 15 October 1993 and was 
# annotated on  6 April 1995.  The sample name was "" was a 9.990
# long piece of :.  
# The incident light was horizontally polarized.
#
# Spectra were recorded from 1100.2nm to 1299.7nm
# every 0.1nm at room temperature.  The
# excitation wavelength was 633nm.
#
# SLIT WIDTH IS 1000 MICRONS, RADIATIVE LIFETIME OF 5 MSEC WAS USED TO CALCULATE EMISSION CROSS-SECTION. DETECTOR: Ag-O-Cs (750).
#
##Wavelength (nm)	Absorbance (/meter) 
1100.2	0.00320977109668603
1100.3	0.00344422617014008
1100.4	0.00307951827810044
1100.5	0.00309859355426489
1100.6	0.00347867554948184
1100.7	0.00359540485138367
1100.8	0.00343056030064913
1100.9	0.00290912196788521
1101	0.00174140189044528
1101.1	0.000742014007516228
1101.2	0.000680802300421364
1101.3	0.000828180161712789
1101.4	0.00123306001594351
1101.5	0.00185642295866074
1101.6	0.001734711308507
1101.7	0.00157442204760278
1101.8	0.00151890445279581
1101.9	0.00169371370003416
1102	0.00118454617925065
1102.1	0.000798428425008541
1102.2	0.000350558023004214
1102.3	0.000481736134836579
1102.4	0.000382729757430817
1102.5	0.00166581254982348
1102.6	0.00268505864935657
1102.7	0.00352223550848423
1102.8	0.00315496526591504
1102.9	0.00281659264320692
1103	0.00295396310215237
1103.1	0.00288990433891356
1103.2	0.0028017879512584
1103.3	0.00295567133583874
1103.4	0.00313275822799226
1103.5	0.00244277417150666
1103.6	0.00272377861291425
1103.7	0.00260391754925407
1103.8	0.00220689556998064
1103.9	0.00229899783623733
1104	0.0025483999544471
1104.1	0.0021767167748548
1104.2	0.00240775538093611
1104.3	0.00320122992825419
1104.4	0.00368224006377406
1104.5	0.0032218710852978
1104.6	0.00299994305887712
1104.7	0.00294556428652773
1104.8	0.00316094408381733
1104.9	0.0029039972668261
1105	0.00325646281744676
1105.1	0.00347454731807311
1105.2	0.00329703336749801
1105.3	0.00282584557567475
1105.4	0.00296122309531944
1105.5	0.0025267623277531
1105.6	0.00258313403940326
1105.7	0.00247565766996925
1105.8	0.00287381847170026
1105.9	0.00297716660972554
1106	0.00345618380594465
1106.1	0.00311880765288691
1106.2	0.00301389363398246
1106.3	0.00294798428425009
1106.4	0.00287353376608587
1106.5	0.00294342899441977
1106.6	0.00281189500056941
1106.7	0.00308677827126751
1106.8	0.00242184830884865
1106.9	0.00170125839881562
1107	0.000932781004441408
1107.1	0.00116383384580344
1107.2	0.000589724974376495
1107.3	0.00114435998177884
1107.4	0.00178823596401321
1107.5	0.00261060813119235
1107.6	0.00314485821660403
1107.7	0.00367355654253502
1107.8	0.00380679877007175
1107.9	0.00403769502334586
1108	0.00409677143833276
1108.1	0.00417136430930418
1108.2	0.00380679877007175
1108.3	0.00359654367384125
1108.4	0.0037125612117071
1108.5	0.00311581824393577
1108.6	0.002650751622822
1108.7	0.00324322400637741
1108.8	0.00298556542535019
1108.9	0.00265217515089398
1109	0.0026779410089967
1109.1	0.0022792107960369
1109.2	0.00201557339710739
1109.3	0.00163648787154083
1109.4	0.00131553923243366
1109.5	0.00149014918574194
1109.6	0.00200646281744676
1109.7	0.00175264776221387
1109.8	0.00244704475572258
1109.9	0.00309674296777132
1110	0.00340394032570322
1110.1	0.0035289260904225
1110.2	0.00405947500284706
1110.3	0.00422318073112402
1110.4	0.00414958432980298
1110.5	0.00429193713700034
1110.6	0.00414545609839426
1110.7	0.00450105341077326
1110.8	0.00469322970048969
1110.9	0.00456069923698895
1111	0.00469451087575447
1111.1	0.00477066962760506
1111.2	0.00412097141555631
1111.3	0.00382886345518734
1111.4	0.00417819724404965
1111.5	0.00364081539687963
1111.6	0.00404324678282656
1111.7	0.00415798314542763
1111.8	0.00411570436169001
1111.9	0.00324592870971416
1112	0.00332237216717914
1112.1	0.00283581027217857
1112.2	0.00297745131533994
1112.3	0.00278641384808108
1112.4	0.00284990320009111
1112.5	0.00317275936681471
1112.6	0.00354686254412937
1112.7	0.00409620202710397
1112.8	0.00488626010704931
1112.9	0.00600401434916297
1113	0.00617939300763011
1113.1	0.00579931101241316
1113.2	0.00480825076870516
1113.3	0.00414958432980298
1113.4	0.00374544471016968
1113.5	0.00331496982120487
1113.6	0.00335226625669058
1113.7	0.00340949208518392
1113.8	0.00320521580685571
1113.9	0.00218910146908097
1114	0.00217002619291652
1114.1	0.00236391071631933
1114.2	0.00312991117184831
1114.3	0.00384608814485822
1114.4	0.00553965949208518
1114.5	0.00655378089055916
1114.6	0.00734298485366131
1114.7	0.00744305887712106
1114.8	0.0071929449948753
1114.9	0.00671905249971529
1115	0.00653513267281631
1115.1	0.00589867327183692
1115.2	0.0063900751622822
1115.3	0.00684717002619292
1115.4	0.00716418972782143
1115.5	0.00694154993736476
1115.6	0.00712447329461337
1115.7	0.0064870174239836
1115.8	0.00653342443912994
1115.9	0.00617796947955814
1116	0.00585297802072657
1116.1	0.00600372964354857
1116.2	0.00643463159093497
1116.3	0.00690282997380708
1116.4	0.00751494704475572
1116.5	0.0082383840109327
1116.6	0.00896424097483202
1116.7	0.00915029609383897
1116.8	0.00911769730099077
1116.9	0.00921108074251224
1117	0.010097369320123
1117.1	0.0112007459287097
1117.2	0.0125567987700717
1117.3	0.0139252363056599
1117.4	0.0155036442318643
1117.5	0.0172887484341191
1117.6	0.0194439699350871
1117.7	0.0222440496526592
1117.8	0.0256889875868352
1117.9	0.0302656303382303
1118	0.0341205443571347
1118.1	0.0374701059104885
1118.2	0.0412267964924268
1118.3	0.0453607220134381
1118.4	0.0488725657669969
1118.5	0.0523231978134609
1118.6	0.0561311354059902
1118.7	0.0587888623163649
1118.8	0.060939813233117
1118.9	0.0614864480127548
1119	0.0614807539004669
1119.1	0.0599575788634552
1119.2	0.0582393804805831
1119.3	0.0555218653911855
1119.4	0.0535645142922218
1119.5	0.0515786926318187
1119.6	0.050162282200205
1119.7	0.0481067076642751
1119.8	0.0461863682951828
1119.9	0.0442574877576586
1120	0.0425891128573055
1120.1	0.0420353604373078
1120.2	0.0417990547773602
1120.3	0.041485878601526
1120.4	0.0410702084045097
1120.5	0.040139221045439
1120.6	0.0376907527616445
1120.7	0.0354472725202141
1120.8	0.0333404509736932
1120.9	0.0314870174239836
1121	0.030278442090878
1121.1	0.0299780776676916
1121.2	0.0290442432524769
1121.3	0.0274086094977793
1121.4	0.0259494932240064
1121.5	0.0243195535815966
1121.6	0.023545154310443
1121.7	0.0232846486732718
1121.8	0.0240576244163535
1121.9	0.0243850358729074
1122	0.0252377291880196
1122.1	0.0249530235736249
1122.2	0.0246128003644232
1122.3	0.0249843411912083
1122.4	0.0260334813802528
1122.5	0.0266826101810728
1122.6	0.0280449265459515
1122.7	0.0298015601867669
1122.8	0.0306599476141669
1122.9	0.0310300649128801
1123	0.0320806286299966
1123.1	0.0326884751167293
1123.2	0.0339824621341533
1123.3	0.0356237900011388
1123.4	0.0371398473977907
1123.5	0.0392181983828721
1123.6	0.0416994078123221
1123.7	0.0447030520441863
1123.8	0.0479273431272065
1123.9	0.0509765402573739
1124	0.0542620430474889
1124.1	0.0574649812094295
1124.2	0.0605511900694682
1124.3	0.0637028812208177
1124.4	0.0673328778043503
1124.5	0.0689628174467601
1124.6	0.0698980753900467
1124.7	0.070148616330714
1124.8	0.069556428652773
1124.9	0.0686653000797176
1125	0.0676517480924724
1125.1	0.0659862202482633
1125.2	0.0633939756291994
1125.3	0.060129825760164
1125.4	0.0559047944425464
1125.5	0.0531289147021979
1125.6	0.0509594579205102
1125.7	0.048814201116046
1125.8	0.0465137797517367
1125.9	0.0453507573169343
1126	0.0439428880537524
1126.1	0.0421677485480014
1126.2	0.0409762555517595
1126.3	0.0405591618266712
1126.4	0.0402061268648218
1126.5	0.0399883270698098
1126.6	0.0408538321375697
1126.7	0.0414531374558706
1126.8	0.0421036897847626
1126.9	0.044557852180845
1127	0.0473095319439699
1127.1	0.0504612230953194
1127.2	0.0562877234939073
1127.3	0.0635932695592757
1127.4	0.0701898986448013
1127.5	0.0780378089055916
1127.6	0.088035246555062
1127.7	0.0989907185969707
1127.8	0.111961906388794
1127.9	0.125819952169457
1128	0.141807595945792
1128.1	0.158182439357704
1128.2	0.17402630679877
1128.3	0.189827468397677
1128.4	0.206924040542079
1128.5	0.222326614280834
1128.6	0.236647306684888
1128.7	0.250113882245758
1128.8	0.261103518961394
1128.9	0.267338571916638
1129	0.271224803553126
1129.1	0.271609156132559
1129.2	0.268776335269332
1129.3	0.263067987700717
1129.4	0.256405876323881
1129.5	0.246697414873021
1129.6	0.236391071631933
1129.7	0.225814258057169
1129.8	0.215636032342558
1129.9	0.205742512242341
1130	0.199236988953422
1130.1	0.195792051019246
1130.2	0.195550051247011
1130.3	0.197770755039289
1130.4	0.202909691379114
1130.5	0.20853262726341
1130.6	0.215593326500399
1130.7	0.221885320578522
1130.8	0.228647078920396
1130.9	0.233145427627833
1131	0.235423072542991
1131.1	0.235238013893634
1131.2	0.233515544926546
1131.3	0.229928254185173
1131.4	0.225942375583647
1131.5	0.220105910488555
1131.6	0.212732035075732
1131.7	0.205657100558023
1131.8	0.19825475458376
1131.9	0.190297232661428
1132	0.184190297232661
1132.1	0.178738184717003
1132.2	0.174239836009566
1132.3	0.172446190638879
1132.4	0.172133014463045
1132.5	0.172545837603918
1132.6	0.174595718027559
1132.7	0.177101127434233
1132.8	0.179179478419314
1132.9	0.181699123106708
1133	0.183805944653229
1133.1	0.186838059446532
1133.2	0.19075276164446
1133.3	0.194325817105113
1133.4	0.199422047602779
1133.5	0.20420510192461
1133.6	0.207863569069582
1133.7	0.210895683862886
1133.8	0.214781915499374
1133.9	0.218639676574422
1134	0.22144402687621
1134.1	0.223536613142011
1134.2	0.225301787951258
1134.3	0.226753786584671
1134.4	0.227223550848423
1134.5	0.229074137341988
1134.6	0.231195194169229
1134.7	0.233956838628858
1134.8	0.237714952738868
1134.9	0.24192859583191
1135	0.245117298713131
1135.1	0.247636943400524
1135.2	0.249743764947045
1135.3	0.24998576471928
1135.4	0.249245530121854
1135.5	0.246925179364537
1135.6	0.243921535132673
1135.7	0.239650950916752
1135.8	0.234882131875641
1135.9	0.228917549254071
1136	0.222654025737388
1136.1	0.215023915271609
1136.2	0.208162509964696
1136.3	0.201187222412026
1136.4	0.195379227878374
1136.5	0.190354173784307
1136.6	0.186382530463501
1136.7	0.182154652089739
1136.8	0.178368067418289
1136.9	0.1745530121854
1137	0.173001366586949
1137.1	0.171193485935543
1137.2	0.16972725202141
1137.3	0.169599134494932
1137.4	0.167833959685685
1137.5	0.165855255665642
1137.6	0.16433208062863
1137.7	0.163221728732491
1137.8	0.161840906502676
1137.9	0.162638082222981
1138	0.163492199066166
1138.1	0.164929962418859
1138.2	0.166737843070265
1138.3	0.168531488440952
1138.4	0.16969878145997
1138.5	0.170652545268193
1138.6	0.170609839426033
1138.7	0.171649014918574
1138.8	0.172033367498007
1138.9	0.169656075617811
1139	0.167478077667692
1139.1	0.165257373875413
1139.2	0.161057966063091
1139.3	0.155463500740235
1139.4	0.149014918574194
1139.5	0.141309361120601
1139.6	0.132150381505523
1139.7	0.123278954560984
1139.8	0.117656018676688
1139.9	0.113601810727708
1140	0.110521295979957
1140.1	0.108498462589682
1140.2	0.109019473864025
1140.3	0.109971814144175
1140.4	0.112962646623391
1140.5	0.119668887370459
1140.6	0.12960938389705
1140.7	0.14085383213757
1140.8	0.153755267053866
1140.9	0.168972782143264
1141	0.185101355198725
1141.1	0.200247693884523
1141.2	0.215251679763125
1141.3	0.23005637171165
1141.4	0.24355141783396
1141.5	0.252206468511559
1141.6	0.257829404395855
1141.7	0.260946930873477
1141.8	0.26079034278556
1141.9	0.254612230953194
1142	0.245928709714156
1142.1	0.23493907299852
1142.2	0.221928026420681
1142.3	0.207052158068557
1142.4	0.192318642523631
1142.5	0.176645598451201
1142.6	0.162082906274912
1142.7	0.146950802869833
1142.8	0.132257146110921
1142.9	0.119163534904908
1143	0.10756605170254
1143.1	0.0981835781801617
1143.2	0.0881263523516684
1143.3	0.0808307709828038
1143.4	0.0751209998861178
1143.5	0.0713116387655165
1143.6	0.0686852294727252
1143.7	0.0689528527502562
1143.8	0.0695165698667578
1143.9	0.0698639107163193
1144	0.0713244505181642
1144.1	0.0740661655847853
1144.2	0.0790371256121171
1144.3	0.0867412595376381
1144.4	0.0978632843639677
1144.5	0.11185798883954
1144.6	0.129101184375356
1144.7	0.147876096116615
1144.8	0.17135007402346
1144.9	0.197984284250085
1145	0.225444140758456
1145.1	0.254270584215921
1145.2	0.283723380025054
1145.3	0.311852294727252
1145.4	0.341148502448468
1145.5	0.372779296207721
1145.6	0.401719621910944
1145.7	0.427955244277417
1145.8	0.451471928026421
1145.9	0.470091675207835
1146	0.483472839084387
1146.1	0.495757886345519
1146.2	0.503900466917208
1146.3	0.505053524655506
1146.4	0.505338230269901
1146.5	0.500142352807197
1146.6	0.490547773602095
1146.7	0.479259195991345
1146.8	0.465152032798087
1146.9	0.446688873704589
1147	0.423257601639904
1147.1	0.401207151805034
1147.2	0.378060585354743
1147.3	0.355440724291083
1147.4	0.332863569069582
1147.5	0.314016057396652
1147.6	0.296976426375128
1147.7	0.282669969251794
1147.8	0.269758569638993
1147.9	0.25972269673158
1148	0.251964468739324
1148.1	0.24893235394602
1148.2	0.249900353034962
1148.3	0.253331055688418
1148.4	0.260263637398929
1148.5	0.267011160460084
1148.6	0.273929506889876
1148.7	0.280136089283681
1148.8	0.284819496640474
1148.9	0.288648787154083
1149	0.292748548001367
1149.1	0.29580913335611
1149.2	0.295481721899556
1149.3	0.294955016512926
1149.4	0.295097369320123
1149.5	0.289929962418859
1149.6	0.285403143149983
1149.7	0.279410089966974
1149.8	0.273345860380367
1149.9	0.266584102038492
1150	0.258996697414873
1150.1	0.25163705728277
1150.2	0.244889534221615
1150.3	0.239024598565084
1150.4	0.235480013665869
1150.5	0.235565425350188
1150.6	0.235394601981551
1150.7	0.237757658581027
1150.8	0.24137341988384
1150.9	0.246113768363512
1151	0.251722468967088
1151.1	0.260263637398929
1151.2	0.267523630565995
1151.3	0.272876096116615
1151.4	0.274612800364423
1151.5	0.274057624416354
1151.6	0.268762099988612
1151.7	0.261644459628744
1151.8	0.250327411456554
1151.9	0.236889306457123
1152	0.22362202482633
1152.1	0.20635462931329
1152.2	0.187265117868124
1152.3	0.168773488213188
1152.4	0.151093269559276
1152.5	0.131730440724291
1152.6	0.114307880651406
1152.7	0.099353718255324
1152.8	0.0853704020043275
1152.9	0.0728518961393919
1153	0.0626323881106935
1153.1	0.0539830315453821
1153.2	0.0471244732946134
1153.3	0.0421093838970504
1153.4	0.0382743992711536
1153.5	0.0347881790228903
1153.6	0.0336450859810955
1153.7	0.0315297232661428
1153.8	0.0305218653911855
1153.9	0.0303823596401321
1154	0.0291353490490832
1154.1	0.0267025395740804
1154.2	0.0251523175037012
1154.3	0.0238369775651976
1154.4	0.0239636715636032
1154.5	0.023546577838515
1154.6	0.0231266370572828
1154.7	0.022846202027104
1154.8	0.0225714611092131
1154.9	0.0215208973920966
1155	0.0219593440382644
1155.1	0.0227280491971302
1155.2	0.0233159662908553
1155.3	0.0239138480810842
1155.4	0.0237771893861747
1155.5	0.0222767907983145
1155.6	0.0207650039858786
1155.7	0.0195891697984284
1155.8	0.017616159890673
1155.9	0.0169399840564856
1156	0.0169841134267168
1156.1	0.0169371370003416
1156.2	0.0180090536385378
1156.3	0.0200845575674752
1156.4	0.0207479216490149
1156.5	0.0208760391754925
1156.6	0.0208148274683977
1156.7	0.0213073681813005
1156.8	0.0203721102380139
1156.9	0.0202824279694796
1157	0.019772804919713
1157.1	0.019127946703109
1157.2	0.0176773715977679
1157.3	0.0174609953308279
1157.4	0.0171705956041453
1157.5	0.0184887825987928
1157.6	0.0206112629541055
1157.7	0.0202753103291197
1157.8	0.0199293930076301
1157.9	0.020363569069582
1158	0.019772804919713
1158.1	0.0198582166040314
1158.2	0.0222554378772349
1158.3	0.0248291766313632
1158.4	0.0254754583760392
1158.5	0.0269288805375242
1158.6	0.0273943742170596
1158.7	0.027261986106366
1158.8	0.0277630679877007
1158.9	0.0301674069012641
1159	0.032598792848195
1159.1	0.0374245530121854
1159.2	0.043589853091903
1159.3	0.0525680446418403
1159.4	0.0615804008655051
1159.5	0.0729173784307026
1159.6	0.081625099646965
1159.7	0.0927215009679991
1159.8	0.102763067987701
1159.9	0.115263067987701
1160	0.126124587176859
1160.1	0.140509338344152
1160.2	0.15460938389705
1160.3	0.167705842159207
1160.4	0.178766655278442
1160.5	0.190411114907186
1160.6	0.199407812322059
1160.7	0.205215806855711
1160.8	0.211479330372395
1160.9	0.215351326728163
1161	0.218013324222754
1161.1	0.220874615647421
1161.2	0.225372964354857
1161.3	0.227607903427856
1161.4	0.230298371483886
1161.5	0.232675663364082
1161.6	0.234996014121398
1161.7	0.236234483544015
1161.8	0.238796834073568
1161.9	0.243209771096686
1162	0.247992825418517
1162.1	0.253644231864252
1162.2	0.25967999088942
1162.3	0.263779751736704
1162.4	0.26672645484569
1162.5	0.268235394601982
1162.6	0.267096572144403
1162.7	0.263865163421023
1162.8	0.261459400979387
1162.9	0.252946703108985
1163	0.242811183236533
1163.1	0.235124131647876
1163.2	0.227664844550735
1163.3	0.216305090536385
1163.4	0.203294043958547
1163.5	0.188959116273773
1163.6	0.17189101469081
1163.7	0.155605853547432
1163.8	0.142580571688874
1163.9	0.131492711536271
1164	0.120026192916524
1164.1	0.110198155107619
1164.2	0.103093326500399
1164.3	0.0961920624074707
1164.4	0.0913107846486733
1164.5	0.0859867896594921
1164.6	0.0824507459287097
1164.7	0.0781830087689329
1164.8	0.0739907185969707
1164.9	0.0680161712788976
1165	0.0650353034961849
1165.1	0.0595945792051019
1165.2	0.0551147363626011
1165.3	0.0507615875185059
1165.4	0.0477835667919371
1165.5	0.0450916752078351
1165.6	0.0461294271723038
1165.7	0.0447642637512812
1165.8	0.0446233344721558
1165.9	0.0459272861860836
1166	0.0491857419428311
1166.1	0.0513850928140303
1166.2	0.0562777587974035
1166.3	0.0604444254640701
1166.4	0.0659292791253843
1166.5	0.0719863910716319
1166.6	0.0770228333902745
1166.7	0.0805788065140644
1166.8	0.0846244732946134
1166.9	0.0847995672474661
1167	0.0851426375128118
1167.1	0.0844949322400638
1167.2	0.0819880993053183
1167.3	0.0796051133128345
1167.4	0.0776648445507345
1167.5	0.0739608245074593
1167.6	0.0708219451087575
1167.7	0.0699123106707664
1167.8	0.0665570550051247
1167.9	0.0605355312606765
1168	0.0536584671449721
1168.1	0.0484284250085412
1168.2	0.0402146680332536
1168.3	0.0331724746612003
1168.4	0.0294912310670766
1168.5	0.0252747409178909
1168.6	0.021496697414873
1168.7	0.0206810158296322
1168.8	0.0194297346543674
1168.9	0.0176759480696959
1169	0.019342899441977
1169.1	0.0205358159662909
1169.2	0.0200247693884523
1169.3	0.0207934745473181
1169.4	0.0222269673157955
1169.5	0.0217458148274684
1169.6	0.0215650267623278
1169.7	0.0222127320350757
1169.8	0.0224888964810386
1169.9	0.0236718483088487
1170	0.0211066507231523
1170.1	0.0193699464753445
1170.2	0.0208646509509168
1170.3	0.0207294157840793
1170.4	0.0191350643434689
1170.5	0.0208205215806856
1170.6	0.0213586151918916
1170.7	0.0213244505181642
1170.8	0.0218483088486505
1170.9	0.0231906958205216
1171	0.0220177086892153
1171.1	0.0194311581824394
1171.2	0.0150751622822002
1171.3	0.0133455756747523
1171.4	0.0124602835667919
1171.5	0.0134893520100216
1171.6	0.0181457123334472
1171.7	0.0217956383099875
1171.8	0.0239352010021638
1171.9	0.0250626352351668
1172	0.0286769730099078
1172.1	0.0282826557339711
1172.2	0.0277232092016855
1172.3	0.0247096002733174
1172.4	0.0212988270128687
1172.5	0.0164075845575675
1172.6	0.0137497152943856
1172.7	0.0119213358387427
1172.8	0.0151463386857989
1172.9	0.0173741601184375
1173	0.0195706639334928
1173.1	0.0204333219451088
1173.2	0.0205571688873705
1173.3	0.0173670424780777
1173.4	0.0169769957863569
1173.5	0.0164702197927343
1173.6	0.0148303154538207
1173.7	0.0153598678965949
1173.8	0.0174866188361234
1173.9	0.0206938275822799
1174	0.0231294841134267
1174.1	0.0279965265915044
1174.2	0.0312620999886118
1174.3	0.0323767224689671
1174.4	0.0306343241088714
1174.5	0.0283253615761303
1174.6	0.0279467031089853
1174.7	0.0277730326842045
1174.8	0.030224348024143
1174.9	0.0323468283794556
1175	0.0374658353262726
1175.1	0.0385719166381961
1175.2	0.040357020840451
1175.3	0.0416196902402915
1175.4	0.043481664958433
1175.5	0.0419826898986448
1175.6	0.0404438560528414
1175.7	0.0380210112743423
1175.8	0.0364309304179478
1175.9	0.034916296549368
1176	0.0341675207835098
1176.1	0.0367284477849903
1176.2	0.0397505978817902
1176.3	0.0407812322058991
1176.4	0.0447656872793531
1176.5	0.0492156360323426
1176.6	0.0500939528527503
1176.7	0.0489266598337319
1176.8	0.0497152943856053
1176.9	0.0474518847511673
1177	0.0436069354287667
1177.1	0.0426645598451201
1177.2	0.0426147363626011
1177.3	0.0435300649128801
1177.4	0.0431699123106708
1177.5	0.0450204988042364
1177.6	0.0448368636829518
1177.7	0.0471828379455643
1177.8	0.045420510192461
1177.9	0.0439927115362715
1178	0.041810443001936
1178.1	0.0406061382530463
1178.2	0.0394274570094522
1178.3	0.0400039858786015
1178.4	0.0407541851725316
1178.5	0.0426147363626011
1178.6	0.0433620886003872
1178.7	0.0440368409065027
1178.8	0.0444382758227992
1178.9	0.0439870174239836
1179	0.042725771552215
1179.1	0.0405007971757203
1179.2	0.038255893406218
1179.3	0.0366814713586152
1179.4	0.0362302129597996
1179.5	0.0351881904111149
1179.6	0.0334685685001708
1179.7	0.0310158296321603
1179.8	0.0309631590934973
1179.9	0.0270313745587063
1180	0.0272747978590138
1180.1	0.0316080173101013
1180.2	0.0336934859355426
1180.3	0.0328365220362146
1180.4	0.0358657897733743
1180.5	0.0335497096002733
1180.6	0.0299168659605967
1180.7	0.0304820066051703
1180.8	0.0290599020612686
1180.9	0.0280862088600387
1181	0.0331254982348252
1181.1	0.0352849903200091
1181.2	0.0353191549937365
1181.3	0.0374017765630338
1181.4	0.0391769160687849
1181.5	0.0359654367384125
1181.6	0.035558307709828
1181.7	0.0375797175720305
1181.8	0.038253046350074
1181.9	0.0387299282541852
1182	0.0398274683976768
1182.1	0.0398374330941806
1182.2	0.0365248832706981
1182.3	0.0352636373989295
1182.4	0.0336963329916866
1182.5	0.0336977565197586
1182.6	0.0348451201457693
1182.7	0.0357718369206241
1182.8	0.0380252818585582
1182.9	0.0437749117412595
1183	0.0465707208746156
1183.1	0.0491444596287439
1183.2	0.0533196674638424
1183.3	0.0535645142922218
1183.4	0.0522847625555176
1183.5	0.0544955016512926
1183.6	0.0561994647534449
1183.7	0.0549239836009566
1183.8	0.0551432069240405
1183.9	0.0522135861519189
1184	0.0470831909805261
1184.1	0.0433336180389477
1184.2	0.0405235736248719
1184.3	0.0368224006377406
1184.4	0.0367939300763011
1184.5	0.0393932923357249
1184.6	0.0429236419542193
1184.7	0.0446432638651634
1184.8	0.0474106024370801
1184.9	0.0489166951372281
1185	0.0492526477622139
1185.1	0.0464781915499374
1185.2	0.0474049083247922
1185.3	0.049137341988384
1185.4	0.0513110693542877
1185.5	0.0517623277531033
1185.6	0.0512028812208177
1185.7	0.0510719166381961
1185.8	0.0500896822685343
1185.9	0.0481408723380025
1186	0.0458788862316365
1186.1	0.0446290285844437
1186.2	0.0442759936225942
1186.3	0.0450589340621797
1186.4	0.0472340849561553
1186.5	0.0468155677029951
1186.6	0.0465351326728163
1186.7	0.0431613711422389
1186.8	0.0390502220703792
1186.9	0.0348109554720419
1187	0.0331966746384239
1187.1	0.0345561439471586
1187.2	0.0393420453251338
1187.3	0.0425222070379228
1187.4	0.045258227992256
1187.5	0.0469394146452568
1187.6	0.0462361917777019
1187.7	0.0432425122423414
1187.8	0.0421407015146339
1187.9	0.0403783737615306
1188	0.0412894317275937
1188.1	0.0424809247238356
1188.2	0.0427513950575105
1188.3	0.0433037239494363
1188.4	0.0447671108074251
1188.5	0.0461949094636146
1188.6	0.0482134722696732
1188.7	0.050486846600615
1188.8	0.0521253274114565
1188.9	0.0556143947158638
1189	0.0623135178225715
1189.1	0.0660289260904225
1189.2	0.0724846258968227
1189.3	0.07510818813347
1189.4	0.0785360437307824
1189.5	0.0761559047944425
1189.6	0.0774128800819952
1189.7	0.0750697528755267
1189.8	0.0748548001366587
1189.9	0.0726440610408837
1190	0.072357931898417
1190.1	0.0736803894772805
1190.2	0.0775637740576244
1190.3	0.0821731579546749
1190.4	0.0879427172303838
1190.5	0.0921108074251224
1190.6	0.0926005010818813
1190.7	0.0930830770982804
1190.8	0.0954660630907641
1190.9	0.0968596970732263
1191	0.0999900353034962
1191.1	0.106371711650154
1191.2	0.111988953422161
1191.3	0.119359981778841
1191.4	0.120441863113541
1191.5	0.11798200660517
1191.6	0.118653911855142
1191.7	0.119258911285731
1191.8	0.114504327525339
1191.9	0.112770470333675
1192	0.115159150438447
1192.1	0.113067987700717
1192.2	0.112655164559845
1192.3	0.113540599020613
1192.4	0.115354173784307
1192.5	0.115900808563945
1192.6	0.120402004327525
1192.7	0.121744391299396
1192.8	0.122873249060471
1192.9	0.123486789659492
1193	0.122446190638879
1193.1	0.117939300763011
1193.2	0.117125042705842
1193.3	0.113082222981437
1193.4	0.11262954105455
1193.5	0.112574023459743
1193.6	0.113006775993623
1193.7	0.114149869035417
1193.8	0.117014007516228
1193.9	0.119401264092928
1194	0.124084671449721
1194.1	0.133861462248036
1194.2	0.139189727821433
1194.3	0.139184033709145
1194.4	0.14602550962305
1194.5	0.150239152716092
1194.6	0.151548798542307
1194.7	0.15463785445849
1194.8	0.16323596401321
1194.9	0.162751964468739
1195	0.15949208518392
1195.1	0.155136089283681
1195.2	0.154367384124815
1195.3	0.151292563489352
1195.4	0.148103860608131
1195.5	0.15029609383897
1195.6	0.153741031773147
1195.7	0.15573397107391
1195.8	0.160175378658467
1195.9	0.163833845803439
1196	0.165157726910375
1196.1	0.164075845575675
1196.2	0.16700831340394
1196.3	0.17351383669286
1196.4	0.178069126523175
1196.5	0.182539004669172
1196.6	0.197571461109213
1196.7	0.207706980981665
1196.8	0.2122765060927
1196.9	0.224903200091106
1197	0.237131306229359
1197.1	0.244135064343469
1197.2	0.254526819268876
1197.3	0.262242341418973
1197.4	0.27101127434233
1197.5	0.276990092244619
1197.6	0.279837148388566
1197.7	0.284520555745359
1197.8	0.291524313859469
1197.9	0.292150666211138
1198	0.295652545268193
1198.1	0.294983487074365
1198.2	0.296620544357135
1198.3	0.292848194966405
1198.4	0.291310784648673
1198.5	0.288862316364879
1198.6	0.283296321603462
1198.7	0.279552442774172
1198.8	0.273602095433322
1198.9	0.269787040200433
1199	0.267210454390161
1199.1	0.272520214098622
1199.2	0.271680332536158
1199.3	0.276890445279581
1199.4	0.278086208860039
1199.5	0.28126067646054
1199.6	0.2823140872338
1199.7	0.284235850130965
1199.8	0.279822913107846
1199.9	0.289218198382872
1200	0.300748775765858
1200.1	0.30927570891698
1200.2	0.31896993508712
1200.3	0.341931442888054
1200.4	0.361690012527047
1200.5	0.382615875185059
1200.6	0.405392324336636
1200.7	0.433692062407471
1200.8	0.456795923015602
1200.9	0.475159435144061
1201	0.501992939300763
1201.1	0.531331852864139
1201.2	0.549666894431158
1201.3	0.574322400637741
1201.4	0.599618494476711
1201.5	0.623448354401549
1201.6	0.647676802186539
1201.7	0.686026648445507
1201.8	0.722184261473636
1201.9	0.759722696731579
1202	0.807268534335497
1202.1	0.84156132558934
1202.2	0.871455415100786
1202.3	0.899698212048742
1202.4	0.921492426830657
1202.5	0.93804805830771
1202.6	0.949322400637741
1202.7	0.968995558592415
1202.8	0.984483544015488
1202.9	0.989608245074593
1203	0.988611775424211
1203.1	0.993864594009794
1203.2	0.995359298485366
1203.3	0.994220476027787
1203.4	0.992668830429336
1203.5	0.991885889989751
1203.6	0.98762954105455
1203.7	0.989850244846828
1203.8	1
1203.9	0.991558478533197
1204	0.980867782712675
1204.1	0.973451201457693
1204.2	0.963998975059788
1204.3	0.94879569525111
1204.4	0.939813233116957
1204.5	0.927855597312379
1204.6	0.914773374330942
1204.7	0.907399498918119
1204.8	0.892865277303268
1204.9	0.882288463728505
1205	0.864921421250427
1205.1	0.834642979159549
1205.2	0.803553126067646
1205.3	0.769715863796834
1205.4	0.741800478305432
1205.5	0.719707322628402
1205.6	0.700518164218198
1205.7	0.670851839198269
1205.8	0.644658922673955
1205.9	0.622907413734199
1206	0.592358501309646
1206.1	0.569809816649584
1206.2	0.547360778954561
1206.3	0.520199863341305
1206.4	0.508882815169115
1206.5	0.490889420339369
1206.6	0.468867441065938
1206.7	0.452468397676802
1206.8	0.437051588657328
1206.9	0.417307254299055
1207	0.399541623960824
1207.1	0.377605056371712
1207.2	0.363967657442205
1207.3	0.358629427172304
1207.4	0.350928140302927
1207.5	0.343967088030976
1207.6	0.344564969821205
1207.7	0.342344266028926
1207.8	0.333034392438219
1207.9	0.326799339482975
1208	0.323510989636716
1208.1	0.322457578863455
1208.2	0.324422047602779
1208.3	0.337205329689101
1208.4	0.348337319211935
1208.5	0.368081653570208
1208.6	0.393534335497096
1208.7	0.415983373192119
1208.8	0.437976881904111
1208.9	0.466205443571347
1209	0.492412595376381
1209.1	0.533310556884182
1209.2	0.580230042136431
1209.3	0.62230953194397
1209.4	0.664004669172076
1209.5	0.68856052841362
1209.6	0.72681072770755
1209.7	0.759224461906389
1209.8	0.783737615305774
1209.9	0.818841817560642
1210	0.849077553809361
1210.1	0.854145313745587
1210.2	0.867796947955814
1210.3	0.865618950005694
1210.4	0.85075731693429
1210.5	0.827496868238242
1210.6	0.813902175150894
1210.7	0.777573738754128
1210.8	0.732504839995445
1210.9	0.69342899441977
1211	0.656701970162852
1211.1	0.613426716774855
1211.2	0.572101696845462
1211.3	0.531132558934062
1211.4	0.493195535815966
1211.5	0.456311923471131
1211.6	0.428012185400296
1211.7	0.408025851269787
1211.8	0.393434688532058
1211.9	0.377733173898189
1212	0.370444710169685
1212.1	0.363213187564059
1212.2	0.353561667236078
1212.3	0.355212959799567
1212.4	0.353419314428881
1212.5	0.351070493110124
1212.6	0.351113198952283
1212.7	0.351639904338914
1212.8	0.345860380366701
1212.9	0.345048969365676
1213	0.346814144174923
1213.1	0.356309076414987
1213.2	0.370814827468398
1213.3	0.391455984512015
1213.4	0.418602664844551
1213.5	0.435670766427514
1213.6	0.456411570436169
1213.7	0.485294955016513
1213.8	0.50267623277531
1213.9	0.51026363739893
1214	0.524185741942831
1214.1	0.518676688304293
1214.2	0.510434460767566
1214.3	0.512356223664731
1214.4	0.509637285047261
1214.5	0.508740462361918
1214.6	0.517139277986562
1214.7	0.517851042022549
1214.8	0.525751622822002
1214.9	0.526363739892951
1215	0.524698212048742
1215.1	0.524342330030748
1215.2	0.511075048399954
1215.3	0.505010818813347
1215.4	0.504199407812322
1215.5	0.507373875412823
1215.6	0.498206354629313
1215.7	0.508455756747523
1215.8	0.516114337774741
1215.9	0.535986789659492
1216	0.551275481152488
1216.1	0.571859697073226
1216.2	0.580899100330258
1216.3	0.58995273886801
1216.4	0.590109326955928
1216.5	0.589668033253616
1216.6	0.594451087575447
1216.7	0.59319838287211
1216.8	0.600244846828379
1216.9	0.595262498576472
1217	0.572870402004328
1217.1	0.554022890331397
1217.2	0.521936567589113
1217.3	0.491245302357362
1217.4	0.472412025965152
1217.5	0.451742398360096
1217.6	0.432467828265573
1217.7	0.409634437991117
1217.8	0.390231750370117
1217.9	0.366288008199522
1218	0.339554151007858
1218.1	0.319567816877349
1218.2	0.308435827354515
1218.3	0.304236419542193
1218.4	0.302172303837832
1218.5	0.305574535929849
1218.6	0.312976881904111
1218.7	0.315496526591504
1218.8	0.32433663591846
1218.9	0.327397221273204
1219	0.332863569069582
1219.1	0.360835895683863
1219.2	0.378672702425692
1219.3	0.390772691037467
1219.4	0.404509736932012
1219.5	0.424282541851725
1219.6	0.435087119918005
1219.7	0.448112401776563
1219.8	0.454817218995559
1219.9	0.471102380138936
1220	0.484213073681813
1220.1	0.488967657442205
1220.2	0.491700831340394
1220.3	0.494789887256577
1220.4	0.48273260448696
1220.5	0.467088030975971
1220.6	0.454290513608928
1220.7	0.424453365220362
1220.8	0.397164332080629
1220.9	0.379811524883271
1221	0.363426716774855
1221.1	0.342643206924041
1221.2	0.325461223095319
1221.3	0.304891242455301
1221.4	0.281331852864138
1221.5	0.258398815624644
1221.6	0.232348251907528
1221.7	0.225814258057169
1221.8	0.218981323311696
1221.9	0.205087689329234
1222	0.19129370231181
1222.1	0.175364423186425
1222.2	0.15250256235053
1222.3	0.13650495387769
1222.4	0.128410773260449
1222.5	0.113591846031204
1222.6	0.106121170709486
1222.7	0.0895370686709942
1222.8	0.076994362828835
1222.9	0.0745245416239608
1223	0.0825688987586835
1223.1	0.0821589226739551
1223.2	0.0823567930759595
1223.3	0.088307140416809
1223.4	0.0823069695934404
1223.5	0.0795709486391072
1223.6	0.0819311581824394
1223.7	0.0905648559389591
1223.8	0.0940866643890217
1223.9	0.09353718255324
1224	0.0877661997494591
1224.1	0.0805745359298485
1224.2	0.0733999544471017
1224.3	0.0752889761986106
1224.4	0.0729287666552784
1224.5	0.0727792962077212
1224.6	0.0784221614850245
1224.7	0.0766356337546976
1224.8	0.0561866530007972
1224.9	0.0510619519416923
1225	0.0403698325930987
1225.1	0.0321589226739551
1225.2	0.023706012982576
1225.3	0.0317048172189956
1225.4	0.0290200432752534
1225.5	0.0421179250654823
1225.6	0.0434432297004897
1225.7	0.0497024826329575
1225.8	0.0536186083589568
1225.9	0.0674595718027559
1226	0.0672289602550962
1226.1	0.0685300649128801
1226.2	0.0728604373078237
1226.3	0.0767594806969593
1226.4	0.0733472839084387
1226.5	0.0672802072656873
1226.6	0.0706724746612003
1226.7	0.0710710625213529
1226.8	0.0659933378886232
1226.9	0.064870174239836
1227	0.0683336180389477
1227.1	0.0489380480583077
1227.2	0.0450119576358046
1227.3	0.0529808677827127
1227.4	0.0545581368864594
1227.5	0.057218710852978
1227.6	0.0745629768819041
1227.7	0.0687749117412595
1227.8	0.0564585468625441
1227.9	0.0505594465322856
1228	0.0450532399498918
1228.1	0.0378089055916183
1228.2	0.0368195535815966
1228.3	0.0331141100102494
1228.4	0.0207593098735907
1228.5	0.0121909520555745
1228.6	0
1228.7	0
1228.8	0
1228.9	0.00473721671791368
1229	0.005129113996128
1229.1	0.0135154025737388
1229.2	0.0329062749117413
1229.3	0.0320848992142125
1229.4	0.0152559503473408
1229.5	0.0178780890559162
1229.6	0.0129555289830315
1229.7	0.0011897705272748
1229.8	0.000664588315681585
1229.9	0.00830998747295297
1230	0.0149612800364423
1230.1	0.0272335155449265
1230.2	0.0362458717685913
1230.3	0.0549140189044528
1230.4	0.0684375355882018
1230.5	0.0708361803894773
1230.6	0.0674894658922674
1230.7	0.0597283908438674
1230.8	0.0406089853091903
1230.9	0.0187108529780207
1231	0.00871028356679194
1231.1	0.0132708404509737
1231.2	0.0208660744789887
1231.3	0.0306300535246555
1231.4	0.04579489807539
1231.5	0.0646822685343355
1231.6	0.07090308620886
1231.7	0.0701742398360096
1231.8	0.0453094750028471
1231.9	0.0329091219678852
1232	0.0123034107732604
1232.1	0
1232.2	0
1232.3	0.0236334130509054
1232.4	0.02898872565767
1232.5	0.0348394260334814
1232.6	0.0431143947158638
1232.7	0.0374259765402574
1232.8	0.0350486846600615
1232.9	0.0350486846600615
1233	0.0338429563830999
1233.1	0.0331582393804806
1233.2	0.0360949777929621
1233.3	0.0176232775310329
1233.4	0.0205457806627947
1233.5	0.0256049994305888
1233.6	0.0261530577382986
1233.7	0.0240120715180503
1233.8	0.0321617697300991
1233.9	0.0283737615305774
1234	0.0264761986106366
1234.1	0.0251580116159891
1234.2	0.0242284477849903
1234.3	0.0241444596287439
1234.4	0.0254740348479672
1234.5	0.0172987131306229
1234.6	0.0109984625896823
1234.7	0.0238284363967657
1234.8	0.0351013551987245
1234.9	0.0483430133242227
1235	0.0490661655847853
1235.1	0.0552001480469195
1235.2	0.0468269559275709
1235.3	0.0290115021068215
1235.4	0.0131081311923471
1235.5	0.0123350130964583
1235.6	0.0104603689784763
1235.7	0
1235.8	0.00585924154424325
1235.9	0.00383825874046236
1236	0
1236.1	0
1236.2	0
1236.3	0.00107973180731124
1236.4	0.0159207379569525
1236.5	0.02554094066735
1236.6	0.0342999088942034
1236.7	0.0184887825987928
1236.8	0
1236.9	0
1237	0
1237.1	0
1237.2	0.00366885889989751
1237.3	0.0103422161485024
1237.4	0
1237.5	0
1237.6	0
1237.7	0
1237.8	0.0218383441521467
1237.9	0.030874900353035
1238	0.0186866530007972
1238.1	0.0225273317389819
1238.2	0.0202012868693771
1238.3	0.00626437763352693
1238.4	0.00522178567361348
1238.5	0.00372394943628288
1238.6	0
1238.7	0
1238.8	0
1238.9	0
1239	0
1239.1	0
1239.2	0
1239.3	0
1239.4	0
1239.5	0.00480013665869491
1239.6	0.0179478419314429
1239.7	0
1239.8	0
1239.9	0
1240	0
1240.1	0
1240.2	0
1240.3	0
1240.4	0
1240.5	0.013608643662453
1240.6	0.0028392267395513
1240.7	0.00546577838514976
1240.8	0.0100362999658353
1240.9	0.00096549367953536
1241	0
1241.1	0
1241.2	0
1241.3	0
1241.4	0
1241.5	0
1241.6	0
1241.7	0
1241.8	0
1241.9	0
1242	0.00165784079262043
1242.1	0
1242.2	0
1242.3	0.00406346088144858
1242.4	0.00772320920168546
1242.5	0
1242.6	0
1242.7	0
1242.8	0
1242.9	0
1243	0
1243.1	0
1243.2	0.0104217913677258
1243.3	0.0110384637285047
1243.4	0.0157086322742284
1243.5	0.0187037353376609
1243.6	0.0214482974604259
1243.7	0.00433450062635235
1243.8	0
1243.9	0
1244	0
1244.1	0
1244.2	0
1244.3	0
1244.4	0.0222468967088031
1244.5	0.0162381847170026
1244.6	0
1244.7	0
1244.8	0
1244.9	0
1245	0
1245.1	0
1245.2	0.00341803325361576
1245.3	0
1245.4	0
1245.5	0
1245.6	0
1245.7	0
1245.8	0
1245.9	0
1246	0
1246.1	0
1246.2	0
1246.3	0
1246.4	0
1246.5	0
1246.6	0
1246.7	0
1246.8	0
1246.9	0
1247	0
1247.1	0
1247.2	0
1247.3	0
1247.4	0
1247.5	0
1247.6	0
1247.7	0
1247.8	0
1247.9	0.00767480924723836
1248	0.0072739437421706
1248.1	0.0185784648673272
1248.2	0.0120430474888965
1248.3	0
1248.4	0
1248.5	0
1248.6	0
1248.7	0
1248.8	0.00794955016512926
1248.9	0.0241885889989751
1249	0.00555318300876893
1249.1	0.0105207265687279
1249.2	0.0212931329005808
1249.3	0.00281403029267737
1249.4	0.00241145655392324
1249.5	0.0232020840450974
1249.6	0.0140423926659834
1249.7	0.0081252135292108
1249.8	0.0102901150210682
1249.9	0
1250	0
1250.1	0.0037017423983601
1250.2	0
1250.3	0.000419029723266143
1250.4	0.00474632729757431
1250.5	0
1250.6	0
1250.7	0
1250.8	0
1250.9	0
1251	0.00189443115818244
1251.1	0
1251.2	0
1251.3	0
1251.4	0
1251.5	0
1251.6	0
1251.7	0.00572984284250085
1251.8	0.00677684773943742
1251.9	0.0220048969365676
1252	0.0268477394374217
1252.1	0.00911285730554607
1252.2	0
1252.3	0.000394587746270357
1252.4	0
1252.5	0
1252.6	0.00630751053410773
1252.7	0.0159748320236875
1252.8	0
1252.9	0
1253	0
1253.1	0
1253.2	0.0128127491174126
1253.3	0.04299624188589
1253.4	0.0549638423869719
1253.5	0.0463244505181642
1253.6	0.0452212162623847
1253.7	0.0266754925407129
1253.8	0.0244462475800023
1253.9	0.0232632957521922
1254	0.0290983373192119
1254.1	0.0337134153285503
1254.2	0.0577610750484
1254.3	0.059699920282428
1254.4	0.0539075845575675
1254.5	0.0567560642295866
1254.6	0.0455528983031545
1254.7	0.0271851155904794
1254.8	0.012339141327867
1254.9	0.00885690695820522
1255	0.00824251224234142
1255.1	0.0104484113426717
1255.2	0.0140916467372737
1255.3	0.0381135405990206
1255.4	0.055389477280492
1255.5	0.0389505751053411
1255.6	0.0287453023573625
1255.7	0.0130156018676688
1255.8	0
1255.9	0
1256	0.00417819724404965
1256.1	0.0326955927570892
1256.2	0.0531317617583419
1256.3	0.0491216831795923
1256.4	0.0298670424780777
1256.5	0.00697357931898417
1256.6	0
1256.7	0
1256.8	0
1256.9	0
1257	0
1257.1	0
1257.2	0
1257.3	0
1257.4	0
1257.5	0
1257.6	0
1257.7	0
1257.8	0
1257.9	0
1258	0
1258.1	0
1258.2	0.0234227308962533
1258.3	0.0375327411456554
1258.4	0.0414915727138139
1258.5	0.0532242910830202
1258.6	0.0480825076870516
1258.7	0.0422474661200319
1258.8	0.0526449151577269
1258.9	0.0475372964354857
1259	0.0503544584899214
1259.1	0.0606237900011388
1259.2	0.0632373875412823
1259.3	0.0494434005238583
1259.4	0.0304791595490263
1259.5	0.00133267851042023
1259.6	0
1259.7	0
1259.8	0
1259.9	0
1260	0
1260.1	0
1260.2	0.0045315169115135
1260.3	0
1260.4	0
1260.5	0
1260.6	0
1260.7	0
1260.8	0
1260.9	0
1261	0
1261.1	0
1261.2	0
1261.3	0
1261.4	0
1261.5	0
1261.6	0
1261.7	0
1261.8	0
1261.9	0
1262	0.00527360209543332
1262.1	0.0119355711194625
1262.2	0.0158310556884182
1262.3	0.0175264776221387
1262.4	0.00397135861519189
1262.5	0
1262.6	0
1262.7	0
1262.8	0
1262.9	0.00601739551303952
1263	0
1263.1	0
1263.2	0
1263.3	0
1263.4	0
1263.5	0
1263.6	0
1263.7	0
1263.8	0.0113217458148275
1263.9	0.045905933265004
1264	0.0588472269673158
1264.1	0.0508014463045211
1264.2	0.0274826329575219
1264.3	0.0247167179136773
1264.4	0.0107456440040998
1264.5	0
1264.6	0
1264.7	0.0035939813233117
1264.8	0
1264.9	0.00847369320122993
1265	0.0163990433891356
1265.1	0.0224860494248947
1265.2	0.0224348024143036
1265.3	0.0367256007288464
1265.4	0.036153342443913
1265.5	0.0427457009452226
1265.6	0.0293474547318073
1265.7	0.0449735223778613
1265.8	0.0485949777929621
1265.9	0.0398089625327411
1266	0.0327382985992484
1266.1	0.0230284136203166
1266.2	0.00656317617583419
1266.3	0
1266.4	0
1266.5	0
1266.6	0
1266.7	0
1266.8	0
1266.9	0
1267	0
1267.1	0
1267.2	0.0176901833504157
1267.3	0.0240547773602095
1267.4	0.0219878145997039
1267.5	0.0275011388224576
1267.6	0.0175492540712903
1267.7	0.00181300535246555
1267.8	0
1267.9	0
1268	0
1268.1	0
1268.2	0
1268.3	0
1268.4	0.0049244106593782
1268.5	0
1268.6	0
1268.7	0
1268.8	0
1268.9	0
1269	0
1269.1	0
1269.2	0
1269.3	0
1269.4	0
1269.5	0
1269.6	0
1269.7	0.00210440154879854
1269.8	0.0145541510078579
1269.9	0.0120212675093953
1270	0
1270.1	0
1270.2	0
1270.3	0
1270.4	0
1270.5	0.0170737956952511
1270.6	0.00617882359640132
1270.7	0.00347782143263865
1270.8	0
1270.9	0
1271	0
1271.1	0.00500811411001025
1271.2	0.0111010989636716
1271.3	0.000398374330941806
1271.4	0
1271.5	0
1271.6	0
1271.7	0
1271.8	0
1271.9	0
1272	0.0148431272064685
1272.1	0.0261559047944425
1272.2	0.038413905022207
1272.3	0.0422517367042478
1272.4	0.0485195308051475
1272.5	0.0567560642295866
1272.6	0.0668987017423984
1272.7	0.0581553923243366
1272.8	0.0424069012640929
1272.9	0.0228134608814486
1273	0
1273.1	0
1273.2	0
1273.3	0
1273.4	0
1273.5	0
1273.6	0
1273.7	0
1273.8	0.00768989864480128
1273.9	0.0102126750939529
1274	0.00325575105341077
1274.1	0
1274.2	0
1274.3	0
1274.4	0
1274.5	0
1274.6	0
1274.7	0
1274.8	0.00972967201913222
1274.9	0
1275	0
1275.1	0
1275.2	0
1275.3	0
1275.4	0
1275.5	0
1275.6	0.00203336749800706
1275.7	0.0194254640701515
1275.8	0.0269303040655962
1275.9	0.0296976426375128
1276	0.0171022662566906
1276.1	0.00900011388224576
1276.2	0.00647762213870858
1276.3	0.00762470105910489
1276.4	0
1276.5	0
1276.6	0
1276.7	0
1276.8	0.019452511103519
1276.9	0.0449849106024371
1277	0.0653413620316593
1277.1	0.0825119576358046
1277.2	0.0913179022890331
1277.3	0.0579902630679877
1277.4	0.036312777587974
1277.5	0.0439870174239836
1277.6	0.0470006263523517
1277.7	0.0229700489693657
1277.8	0.0277559503473408
1277.9	0.0418873135178226
1278	0.0226383669285958
1278.1	0
1278.2	0.0117210454390161
1278.3	0.0160830201571575
1278.4	0.0283481380252819
1278.5	0.089494362828835
1278.6	0.142836806741829
1278.7	0.12638509281403
1278.8	0.0980398018448924
1278.9	0.0683891356337547
1279	0
1279.1	0
1279.2	0
1279.3	0
1279.4	0
1279.5	0
1279.6	0
1279.7	0
1279.8	0
1279.9	0
1280	0.00254811524883271
1280.1	0.0160844436852295
1280.2	0.0417236077895456
1280.3	0.0602138139164104
1280.4	0.0579333219451088
1280.5	0.0722995672474661
1280.6	0.0910460084272862
1280.7	0.069448240519303
1280.8	0.0630096230497665
1280.9	0.0560030178795126
1281	0.034482120487416
1281.1	0
1281.2	0
1281.3	0
1281.4	0
1281.5	0
1281.6	0
1281.7	0
1281.8	0
1281.9	0
1282	0
1282.1	0
1282.2	0
1282.3	0
1282.4	0
1282.5	0
1282.6	0
1282.7	0.0226084728390844
1282.8	0.000715365562008883
1282.9	0
1283	0
1283.1	0
1283.2	0
1283.3	0
1283.4	0
1283.5	0.0109429449948753
1283.6	0.0255836465095092
1283.7	0.0269274570094522
1283.8	0.0684959002391527
1283.9	0.0720205557453593
1284	0.0341917207607334
1284.1	0
1284.2	0
1284.3	0
1284.4	0
1284.5	0
1284.6	0
1284.7	0
1284.8	0
1284.9	0.0200788634551873
1285	0.0261715636032343
1285.1	0.0357348251907528
1285.2	0.0358003074820635
1285.3	0
1285.4	0
1285.5	0
1285.6	0
1285.7	0
1285.8	0
1285.9	0
1286	0
1286.1	0
1286.2	0
1286.3	0
1286.4	0.0124303894772805
1286.5	0
1286.6	0
1286.7	0
1286.8	0
1286.9	0
1287	0.0169456781687735
1287.1	0.0434517708689215
1287.2	0.0680645712333447
1287.3	0.0951272634096344
1287.4	0.106421535132673
1287.5	0.0913534904908325
1287.6	0.106906958205216
1287.7	0.0998021295979957
1287.8	0.0518534335497096
1287.9	0.00110400296093839
1288	0
1288.1	0
1288.2	0
1288.3	0
1288.4	0
1288.5	0.0173926659833732
1288.6	0.0206254982348252
1288.7	0
1288.8	0
1288.9	0
1289	0
1289.1	0
1289.2	0
1289.3	0
1289.4	0
1289.5	0
1289.6	0
1289.7	0
1289.8	0.0261573283225145
1289.9	0.0428453479102608
1290	0.0415627491174126
1290.1	0.0321845461792507
1290.2	0.0171549367953536
1290.3	0.00362031659264321
1290.4	0
1290.5	0
1290.6	0
1290.7	0
1290.8	0
1290.9	0.0205600159435144
1291	0.0402146680332536
1291.1	0.0469422617014007
1291.2	0.0648929506889876
1291.3	0.0432923357248605
1291.4	0.0345860380366701
1291.5	0.0407556087006036
1291.6	0.056358899897506
1291.7	0.0462546976426375
1291.8	0.0388580457806628
1291.9	0.0216276619974946
1292	0.00662751964468739
1292.1	0
1292.2	0
1292.3	0
1292.4	0
1292.5	0
1292.6	0
1292.7	0
1292.8	0
1292.9	0
1293	0
1293.1	0
1293.2	0
1293.3	0
1293.4	0
1293.5	0
1293.6	0
1293.7	0
1293.8	0.0232376722468967
1293.9	0.00328877690468056
1294	0
1294.1	0
1294.2	0.0198012754811525
1294.3	0
1294.4	0
1294.5	0
1294.6	0
1294.7	0
1294.8	0
1294.9	0
1295	0
1295.1	0.00165029609383897
1295.2	0.0178937478647079
1295.3	0.0255466347796379
1295.4	0.0350415670197016
1295.5	0.0025378658467145
1295.6	0
1295.7	0
1295.8	0
1295.9	0
1296	0.0131795923015602
1296.1	0.0354472725202141
1296.2	0.0530022207037923
1296.3	0.0482405193030407
1296.4	0.0184531943969935
1296.5	0
1296.6	0
1296.7	0
1296.8	0
1296.9	0
1297	0
1297.1	0
1297.2	0
1297.3	0
1297.4	0
1297.5	0
1297.6	0
1297.7	0
1297.8	0.0115426773715978
1297.9	0.0144758569638993
1298	0
1298.1	0.00357134722696732
1298.2	0.018801958774627
1298.3	0.00649854800136659
1298.4	0.0178809361120601
1298.5	0.0107080628629997
1298.6	0
1298.7	0
1298.8	0
1298.9	0
1299	0
1299.1	0
1299.2	0
1299.3	0
1299.4	0.0127834244391299
1299.5	0.0509964696503815
1299.6	0.0562692176289716
1299.7	0.054959571802756
