# Optical absorption spectrum of Program fragment delivered error ``Can't call method "sample_" on an undefined value at abs.template line 1.'':YLF (Ho:LiYF4)
# assuming unity concentration per meter.  This data was part of the NASA 
# Laser Spectra Database found on the web until December of 2005 which
# was created by Pat Cross working at NASA Langley Research Center, Internal
# Operations Group, Aerospace Electronics Systems Division, Remote Sensing.
#
# The spectra was collected by BMW on 27 April 1993 and was 
# annotated on 27 April 1993.  The sample name was "" was a 4.9200
# long piece of :.   
# The incident light was unpolarized.
#
# Spectra were recorded from 435 to 495nm
# every 0.1nm at room temperature.
#
# FILE NAME ON PC = BR260.SP NO_POINTS = 601. pts DATA_INTV = .000100 æm MIN_LAMBDA = .435000 æm MIN_DATA = .37320 MAX_LAMBDA = .495000 æm MAX_DATA = .91400 SCANSPEED = 15.000000 NM/MIN SLITWIDTH= .20000 NM RESP TIME = .5 sec SENSITIVITY = 5 DATE=93/04/27 OSU SAMPLE--CONC CORRECTED .44%.
#
##Wavelength (nm)	Absorbance (/meter) 
435	238
435.1	228
435.2	14
435.3	25
435.4	387
435.5	188
435.6	183
435.7	1
435.8	264
435.9	270
436	352
436.1	1
436.2	168
436.3	97
436.4	188
436.5	285
436.6	204
436.7	1
436.8	138
436.9	214
437	230
437.1	301
437.2	133
437.3	163
437.4	174
437.5	296
437.6	460
437.7	343
437.8	87
437.9	88
438	128
438.1	200
438.2	292
438.3	394
438.4	456
438.5	343
438.6	605
438.7	677
438.8	354
438.9	579
439	508
439.1	760
439.2	858
439.3	734
439.4	952
439.5	838
439.6	828
439.7	673
439.8	1014
439.9	885
440	1233
440.1	750
440.2	756
440.3	1186
440.4	838
440.5	1103
440.6	1275
440.7	1166
440.8	1119
440.9	1417
441	1260
441.1	963
441.2	1000
441.3	963
441.4	1125
441.5	948
441.6	1601
441.7	1177
441.8	912
441.9	1396
442	1669
442.1	1486
442.2	1318
442.3	1533
442.4	1418
442.5	1876
442.6	1886
442.7	2173
442.8	1449
442.9	1707
443	2014
443.1	1924
443.2	1924
443.3	1887
443.4	1987
443.5	2693
443.6	2291
443.7	2264
443.8	2537
443.9	2259
444	2430
444.1	2736
444.2	3181
444.3	2828
444.4	2834
444.5	3099
444.6	2828
444.7	3514
444.8	3955
444.9	4422
445	4708
445.1	5285
445.2	6032
445.3	7198
445.4	8793
445.5	11156
445.6	13525
445.7	16723
445.8	19482
445.9	19559
446	17452
446.1	16050
446.2	15756
446.3	15429
446.4	14190
446.5	12402
446.6	11248
446.7	10873
446.8	11841
446.9	13580
447	15950
447.1	18297
447.2	18654
447.3	17047
447.4	16101
447.5	16959
447.6	18944
447.7	20319
447.8	21131
447.9	21187
448	21655
448.1	22260
448.2	21777
448.3	21083
448.4	20454
448.5	18442
448.6	15537
448.7	12550
448.8	11587
448.9	11075
449	11120
449.1	11744
449.2	11744
449.3	13364
449.4	16755
449.5	23066
449.6	32308
449.7	41147
449.8	40156
449.9	30191
450	20717
450.1	14283
450.2	10863
450.3	8113
450.4	7446
450.5	6900
450.6	7470
450.7	7763
450.8	8741
450.9	10143
451	12359
451.1	13973
451.2	15461
451.3	15617
451.4	16939
451.5	21894
451.6	30624
451.7	34326
451.8	26039
451.9	18535
452	14091
452.1	11989
452.2	11284
452.3	10410
452.4	11603
452.5	12042
452.6	11590
452.7	10056
452.8	8712
452.9	7417
453	7340
453.1	7316
453.2	6784
453.3	6066
453.4	5680
453.5	5800
453.6	6136
453.7	6235
453.8	6147
453.9	6392
454	6661
454.1	6837
454.2	6891
454.3	6908
454.4	6165
454.5	5755
454.6	5790
454.7	5417
454.8	4861
454.9	4524
455	4311
455.1	3884
455.2	4172
455.3	4289
455.4	4390
455.5	4602
455.6	4619
455.7	4580
455.8	5008
455.9	5578
456	6166
456.1	6318
456.2	5889
456.3	5395
456.4	4828
456.5	4620
456.6	4868
456.7	5458
456.8	7188
456.9	9102
457	11118
457.1	11868
457.2	12270
457.3	12870
457.4	13288
457.5	13173
457.6	11809
457.7	10452
457.8	10503
457.9	10913
458	10369
458.1	8973
458.2	7302
458.3	5562
458.4	4436
458.5	3299
458.6	2381
458.7	1923
458.8	1559
458.9	1565
459	1313
459.1	1084
459.2	1157
459.3	949
459.4	846
459.5	810
459.6	645
459.7	789
459.8	475
459.9	537
460	485
460.1	552
460.2	260
460.3	209
460.4	470
460.5	599
460.6	578
460.7	383
460.8	573
460.9	281
461	491
461.1	338
461.2	174
461.3	379
461.4	338
461.5	646
461.6	358
461.7	353
461.8	297
461.9	318
462	297
462.1	487
462.2	610
462.3	384
462.4	477
462.5	349
462.6	482
462.7	226
462.8	262
462.9	262
463	451
463.1	344
463.2	462
463.3	313
463.4	150
463.5	227
463.6	483
463.7	217
463.8	130
463.9	565
464	258
464.1	247
464.2	242
464.3	278
464.4	406
464.5	488
464.6	499
464.7	376
464.8	673
464.9	839
465	1327
465.1	1595
465.2	1970
465.3	1896
465.4	1758
465.5	1975
465.6	2471
465.7	2342
465.8	1674
465.9	1318
466	1067
466.1	1198
466.2	1187
466.3	1161
466.4	1349
466.5	1585
466.6	1880
466.7	1923
466.8	2162
466.9	2654
467	3534
467.1	3665
467.2	3693
467.3	3534
467.4	3858
467.5	4196
467.6	3831
467.7	2865
467.8	2051
467.9	1502
468	1319
468.1	1876
468.2	2365
468.3	2211
468.4	1908
468.5	1934
468.6	1681
468.7	1697
468.8	1539
468.9	1466
469	1487
469.1	1513
469.2	1382
469.3	1142
469.4	800
469.5	723
469.6	615
469.7	332
469.8	210
469.9	682
470	404
470.1	322
470.2	282
470.3	369
470.4	507
470.5	435
470.6	553
470.7	620
470.8	718
470.9	796
471	853
471.1	925
471.2	786
471.3	1024
471.4	1169
471.5	1133
471.6	1410
471.7	1436
471.8	1852
471.9	2011
472	2159
472.1	2197
472.2	3002
472.3	4010
472.4	5852
472.5	6807
472.6	6199
472.7	5651
472.8	4939
472.9	4821
473	5778
473.1	7174
473.2	6967
473.3	5910
473.4	4596
473.5	3493
473.6	2593
473.7	2219
473.8	2320
473.9	2134
474	1721
474.1	1906
474.2	1922
474.3	2017
474.4	2092
474.5	1964
474.6	1864
474.7	2039
474.8	1811
474.9	1385
475	1365
475.1	1427
475.2	1255
475.3	1057
475.4	1021
475.5	1026
475.6	778
475.7	556
475.8	974
475.9	830
476	685
476.1	644
476.2	825
476.3	871
476.4	623
476.5	721
476.6	639
476.7	799
476.8	985
476.9	923
477	996
477.1	1095
477.2	991
477.3	804
477.4	609
477.5	903
477.6	439
477.7	496
477.8	717
477.9	820
478	857
478.1	764
478.2	1012
478.3	981
478.4	1106
478.5	1382
478.6	1179
478.7	1137
478.8	1257
478.9	955
479	992
479.1	1393
479.2	1755
479.3	1561
479.4	1740
479.5	1635
479.6	1624
479.7	1650
479.8	1587
479.9	1357
480	1524
480.1	1462
480.2	1483
480.3	1279
480.4	1383
480.5	967
480.6	1190
480.7	1003
480.8	1284
480.9	1279
481	1253
481.1	1389
481.2	1614
481.3	1546
481.4	2383
481.5	3410
481.6	4282
481.7	4956
481.8	4238
481.9	3988
482	3773
482.1	3203
482.2	2684
482.3	2325
482.4	2840
482.5	2938
482.6	3106
482.7	3280
482.8	2976
482.9	2448
483	2277
483.1	2187
483.2	2160
483.3	2022
483.4	2454
483.5	2588
483.6	3248
483.7	4417
483.8	5246
483.9	4754
484	4022
484.1	4507
484.2	6235
484.3	9174
484.4	12153
484.5	11982
484.6	9766
484.7	10640
484.8	12081
484.9	9760
485	5595
485.1	3047
485.2	2214
485.3	1891
485.4	1575
485.5	1412
485.6	1833
485.7	1266
485.8	1209
485.9	1021
486	887
486.1	449
486.2	716
486.3	618
486.4	753
486.5	526
486.6	624
486.7	748
486.8	511
486.9	245
487	531
487.1	332
487.2	414
487.3	496
487.4	573
487.5	655
487.6	475
487.7	645
487.8	774
487.9	681
488	945
488.1	1366
488.2	1194
488.3	1278
488.4	1461
488.5	1158
488.6	1330
488.7	1054
488.8	1168
488.9	1398
489	1545
489.1	1566
489.2	1687
489.3	2201
489.4	1983
489.5	1904
489.6	1446
489.7	966
489.8	977
489.9	1107
490	739
490.1	713
490.2	713
490.3	780
490.4	972
490.5	1008
490.6	719
490.7	683
490.8	858
490.9	900
491	1133
491.1	1295
491.2	1190
491.3	1227
491.4	1071
491.5	1035
491.6	874
491.7	874
491.8	637
491.9	616
492	508
492.1	585
492.2	442
492.3	191
492.4	207
492.5	186
492.6	268
492.7	110
492.8	304
492.9	212
493	192
493.1	202
493.2	1
493.3	100
493.4	49
493.5	141
493.6	156
493.7	65
493.8	1
493.9	4
494	136
494.1	141
494.2	85
494.3	85
494.4	45
494.5	172
494.6	131
494.7	346
494.8	1
494.9	177
495	366
