# Optical absorption spectrum of Program fragment delivered error ``Can't call method "sample_" on an undefined value at abs.template line 1.'':YLF (Ho:LiYF4)
# assuming unity concentration per meter.  This data was part of the NASA 
# Laser Spectra Database found on the web until December of 2005 which
# was created by Pat Cross working at NASA Langley Research Center, Internal
# Operations Group, Aerospace Electronics Systems Division, Remote Sensing.
#
# The spectra was collected by unk on 26 February 1993 and was 
# annotated on 26 February 1993.  The sample name was "" was a 4.9200
# long piece of :.   
# The incident light was unpolarized.
#
# Spectra were recorded from 1850 to 2100nm
# every 0.2nm at room temperature.
#
# FILE NAME ON PC = BR251.SP NO_POINTS = 1251. pts DATA_INTV = .000200 æm MIN_LAMBDA = 1.850000 æm MIN_DATA = .76470 MAX_LAMBDA = 2.100000 æm MAX_DATA = .91730 SCANSPEED = 15.000000 NM/MIN SLITWIDTH= .00000 æm RESP TIME = .5 sec SENSITIVITY = 5 DATE=93/02/26 15:28:42 93/02/26 BR251.
#
##Wavelength (nm)	Absorbance (/meter) 
1850	1
1850.2	1
1850.4	1
1850.6	1
1850.8	28
1851	104
1851.2	1
1851.4	3
1851.6	78
1851.8	1
1852	1
1852.2	68
1852.4	1
1852.6	1
1852.8	1
1853	1
1853.2	1
1853.4	1
1853.6	1
1853.8	1
1854	1
1854.2	1
1854.4	1
1854.6	1
1854.8	1
1855	1
1855.2	1
1855.4	14
1855.6	4
1855.8	136
1856	80
1856.2	1
1856.4	64
1856.6	79
1856.8	1
1857	1
1857.2	1
1857.4	1
1857.6	1
1857.8	1
1858	37
1858.2	58
1858.4	1
1858.6	57
1858.8	93
1859	72
1859.2	1
1859.4	1
1859.6	1
1859.8	1
1860	1
1860.2	1
1860.4	51
1860.6	1
1860.8	182
1861	243
1861.2	274
1861.4	233
1861.6	166
1861.8	1
1862	14
1862.2	1
1862.4	1
1862.6	1
1862.8	1
1863	109
1863.2	53
1863.4	68
1863.6	200
1863.8	7
1864	134
1864.2	174
1864.4	78
1864.6	37
1864.8	52
1865	42
1865.2	133
1865.4	112
1865.6	127
1865.8	117
1866	249
1866.2	208
1866.4	254
1866.6	40
1866.8	106
1867	1
1867.2	1
1867.4	90
1867.6	24
1867.8	75
1868	80
1868.2	1
1868.4	23
1868.6	155
1868.8	74
1869	150
1869.2	23
1869.4	68
1869.6	73
1869.8	2
1870	73
1870.2	1
1870.4	32
1870.6	57
1870.8	82
1871	1
1871.2	62
1871.4	1
1871.6	16
1871.8	61
1872	1
1872.2	259
1872.4	1
1872.6	142
1872.8	1
1873	172
1873.2	126
1873.4	136
1873.6	100
1873.8	1
1874	90
1874.2	90
1874.4	79
1874.6	54
1874.8	114
1875	308
1875.2	211
1875.4	134
1875.6	1
1875.8	1
1876	27
1876.2	1
1876.4	1
1876.6	1
1876.8	1
1877	72
1877.2	189
1877.4	133
1877.6	46
1877.8	229
1878	229
1878.2	1
1878.4	127
1878.6	86
1878.8	116
1879	75
1879.2	85
1879.4	80
1879.6	202
1879.8	207
1880	304
1880.2	161
1880.4	227
1880.6	196
1880.8	33
1881	38
1881.2	1
1881.4	1
1881.6	93
1881.8	58
1882	225
1882.2	215
1882.4	184
1882.6	317
1882.8	230
1883	250
1883.2	57
1883.4	112
1883.6	204
1883.8	132
1884	249
1884.2	157
1884.4	274
1884.6	218
1884.8	361
1885	447
1885.2	289
1885.4	381
1885.6	289
1885.8	263
1886	441
1886.2	283
1886.4	364
1886.6	267
1886.8	288
1887	441
1887.2	440
1887.4	533
1887.6	584
1887.8	522
1888	553
1888.2	619
1888.4	604
1888.6	830
1888.8	747
1889	783
1889.2	881
1889.4	809
1889.6	881
1889.8	896
1890	849
1890.2	1046
1890.4	1212
1890.6	1009
1890.8	1180
1891	1118
1891.2	1352
1891.4	1399
1891.6	1467
1891.8	1508
1892	1629
1892.2	1608
1892.4	2051
1892.6	1923
1892.8	2071
1893	2119
1893.2	1928
1893.4	2018
1893.6	2214
1893.8	2166
1894	2118
1894.2	2267
1894.4	2198
1894.6	2213
1894.8	2133
1895	1921
1895.2	1921
1895.4	1736
1895.6	1868
1895.8	1884
1896	1773
1896.2	1862
1896.4	1772
1896.6	1709
1896.8	1936
1897	1793
1897.2	1856
1897.4	1845
1897.6	1787
1897.8	1871
1898	2163
1898.2	2141
1898.4	2322
1898.6	2221
1898.8	2220
1899	2519
1899.2	2348
1899.4	2476
1899.6	2316
1899.8	2188
1900	2337
1900.2	2150
1900.4	1954
1900.6	1917
1900.8	1658
1901	1658
1901.2	1842
1901.4	1621
1901.6	1542
1901.8	1621
1902	1374
1902.2	1337
1902.4	1322
1902.6	1186
1902.8	1300
1903	1274
1903.2	1342
1903.4	1326
1903.6	1206
1903.8	1268
1904	1399
1904.2	1440
1904.4	1597
1904.6	1545
1904.8	1445
1905	1544
1905.2	1492
1905.4	1823
1905.6	1955
1905.8	1907
1906	2135
1906.2	2087
1906.4	2241
1906.6	2347
1906.8	2299
1907	2379
1907.2	2496
1907.4	2394
1907.6	2506
1907.8	2501
1908	2399
1908.2	2330
1908.4	2474
1908.6	2436
1908.8	2484
1909	2645
1909.2	2457
1909.4	2521
1909.6	2574
1909.8	2446
1910	2478
1910.2	2585
1910.4	2617
1910.6	2488
1910.8	2472
1911	2627
1911.2	2627
1911.4	2745
1911.6	2777
1911.8	2793
1912	2976
1912.2	2992
1912.4	3090
1912.6	3214
1912.8	3361
1913	3531
1913.2	3805
1913.4	3876
1913.6	4297
1913.8	4336
1914	4560
1914.2	4694
1914.4	4795
1914.6	4947
1914.8	5145
1915	5326
1915.2	5549
1915.4	5818
1915.6	5904
1915.8	5922
1916	6066
1916.2	6089
1916.4	6037
1916.6	5967
1916.8	5978
1917	5782
1917.2	5564
1917.4	5347
1917.6	5467
1917.8	5188
1918	5216
1918.2	4899
1918.4	4629
1918.6	4617
1918.8	4226
1919	4098
1919.2	4004
1919.4	3679
1919.6	3717
1919.8	3547
1920	3601
1920.2	3448
1920.4	3431
1920.6	3409
1920.8	3540
1921	3360
1921.2	3327
1921.4	3387
1921.6	3305
1921.8	3174
1922	3163
1922.2	3185
1922.4	3228
1922.6	3195
1922.8	3233
1923	3325
1923.2	3205
1923.4	3347
1923.6	2966
1923.8	2842
1924	2853
1924.2	2702
1924.4	2626
1924.6	2465
1924.8	2188
1925	2347
1925.2	2481
1925.4	2400
1925.6	2438
1925.8	2405
1926	2416
1926.2	2453
1926.4	2469
1926.6	2341
1926.8	2522
1927	2511
1927.2	2559
1927.4	2801
1927.6	2850
1927.8	3001
1928	3028
1928.2	3250
1928.4	3414
1928.6	3468
1928.8	3742
1929	3681
1929.2	3572
1929.4	3692
1929.6	3774
1929.8	3824
1930	3967
1930.2	3846
1930.4	4189
1930.6	4339
1930.8	4294
1931	4305
1931.2	4545
1931.4	4394
1931.6	4556
1931.8	4505
1932	4634
1932.2	4667
1932.4	4527
1932.6	4639
1932.8	4790
1933	4751
1933.2	4903
1933.4	4858
1933.6	4683
1933.8	4767
1934	4716
1934.2	4464
1934.4	4581
1934.6	4525
1934.8	4631
1935	4542
1935.2	4446
1935.4	4346
1935.6	4340
1935.8	4290
1936	4345
1936.2	4306
1936.4	4401
1936.6	4417
1936.8	4546
1937	4518
1937.2	4613
1937.4	4624
1937.6	4809
1937.8	4674
1938	4550
1938.2	4876
1938.4	4707
1938.6	4673
1938.8	4645
1939	4684
1939.2	4785
1939.4	5028
1939.6	5039
1939.8	5118
1940	5089
1940.2	4886
1940.4	4936
1940.6	5066
1940.8	4908
1941	5009
1941.2	4930
1941.4	5128
1941.6	5105
1941.8	5093
1942	5156
1942.2	5224
1942.4	5508
1942.6	5503
1942.8	5668
1943	5565
1943.2	5674
1943.4	5766
1943.6	5956
1943.8	6175
1944	6466
1944.2	6595
1944.4	6870
1944.6	7142
1944.8	7481
1945	7636
1945.2	7738
1945.4	7870
1945.6	7918
1945.8	8044
1946	7953
1946.2	8001
1946.4	7965
1946.6	7766
1946.8	7886
1947	7730
1947.2	7592
1947.4	7472
1947.6	7045
1947.8	7068
1948	7169
1948.2	6808
1948.4	6503
1948.6	6491
1948.8	6310
1949	6310
1949.2	6142
1949.4	5928
1949.6	5991
1949.8	5720
1950	5536
1950.2	5485
1950.4	5165
1950.6	5080
1950.8	4865
1951	4383
1951.2	4573
1951.4	4221
1951.6	4082
1951.8	4010
1952	3971
1952.2	3865
1952.4	3932
1952.6	3766
1952.8	3755
1953	3656
1953.2	3633
1953.4	3545
1953.6	3447
1953.8	3359
1954	3392
1954.2	3195
1954.4	3233
1954.6	3315
1954.8	3271
1955	3211
1955.2	2983
1955.4	3021
1955.6	2955
1955.8	2858
1956	2691
1956.2	2804
1956.4	2685
1956.6	2733
1956.8	2841
1957	2711
1957.2	2738
1957.4	2668
1957.6	2625
1957.8	2791
1958	2824
1958.2	2796
1958.4	2753
1958.6	2758
1958.8	2877
1959	3012
1959.2	3017
1959.4	3061
1959.6	3115
1959.8	2990
1960	2946
1960.2	2984
1960.4	3185
1960.6	3054
1960.8	3081
1961	3141
1961.2	3162
1961.4	3282
1961.6	3271
1961.8	3216
1962	3205
1962.2	3265
1962.4	3156
1962.6	3177
1962.8	3264
1963	3242
1963.2	3449
1963.4	3515
1963.6	3723
1963.8	3845
1964	3850
1964.2	3888
1964.4	4054
1964.6	3844
1964.8	4010
1965	3965
1965.2	4009
1965.4	3987
1965.6	3815
1965.8	3942
1966	3892
1966.2	3809
1966.4	3732
1966.6	3649
1966.8	3435
1967	3468
1967.2	3146
1967.4	3010
1967.6	2999
1967.8	2783
1968	2750
1968.2	2659
1968.4	2385
1968.6	2433
1968.8	2519
1969	2443
1969.2	2465
1969.4	2123
1969.6	2197
1969.8	2149
1970	2000
1970.2	1937
1970.4	1984
1970.6	1852
1970.8	1947
1971	1925
1971.2	1888
1971.4	1914
1971.6	1925
1971.8	1756
1972	1803
1972.2	1666
1972.4	1492
1972.6	1392
1972.8	1309
1973	1476
1973.2	1549
1973.4	1413
1973.6	1507
1973.8	1449
1974	1569
1974.2	1632
1974.4	1401
1974.6	1490
1974.8	1390
1975	1406
1975.2	1432
1975.4	1521
1975.6	1390
1975.8	1494
1976	1342
1976.2	1478
1976.4	1405
1976.6	1264
1976.8	1321
1977	1096
1977.2	992
1977.4	1252
1977.6	1138
1977.8	1117
1978	1174
1978.2	909
1978.4	1111
1978.6	1090
1978.8	1007
1979	1142
1979.2	1079
1979.4	1058
1979.6	985
1979.8	1047
1980	1104
1980.2	1187
1980.4	1026
1980.6	1166
1980.8	1187
1981	1072
1981.2	1135
1981.4	870
1981.6	963
1981.8	937
1982	957
1982.2	859
1982.4	843
1982.6	869
1982.8	957
1983	1008
1983.2	930
1983.4	982
1983.6	764
1983.8	800
1984	898
1984.2	805
1984.4	872
1984.6	929
1984.8	707
1985	908
1985.2	1006
1985.4	1032
1985.6	1011
1985.8	954
1986	1026
1986.2	1052
1986.4	1005
1986.6	803
1986.8	860
1987	865
1987.2	1015
1987.4	916
1987.6	984
1987.8	1040
1988	900
1988.2	864
1988.4	1040
1988.6	895
1988.8	941
1989	1019
1989.2	858
1989.4	982
1989.6	1003
1989.8	1101
1990	1148
1990.2	1090
1990.4	1309
1990.6	1215
1990.8	1106
1991	1131
1991.2	1126
1991.4	1017
1991.6	1251
1991.8	1152
1992	1224
1992.2	1240
1992.4	1266
1992.6	1333
1992.8	1475
1993	1396
1993.2	1537
1993.4	1537
1993.6	1490
1993.8	1579
1994	1642
1994.2	1673
1994.4	1668
1994.6	1631
1994.8	1704
1995	1900
1995.2	1831
1995.4	1989
1995.6	1793
1995.8	1915
1996	2116
1996.2	1893
1996.4	2063
1996.6	1983
1996.8	1813
1997	1887
1997.2	2078
1997.4	1913
1997.6	2056
1997.8	1913
1998	1918
1998.2	2061
1998.4	1955
1998.6	2077
1998.8	1986
1999	1870
1999.2	1997
1999.4	1933
1999.6	1933
1999.8	1748
2000	1837
2000.2	1747
2000.4	1837
2000.6	1942
2000.8	1905
2001	1773
2001.2	1531
2001.4	1646
2001.6	1704
2001.8	1614
2002	1709
2002.2	1672
2002.4	1645
2002.6	1503
2002.8	1529
2003	1529
2003.2	1482
2003.4	1508
2003.6	1502
2003.8	1518
2004	1586
2004.2	1696
2004.4	1696
2004.6	1823
2004.8	1780
2005	1480
2005.2	1632
2005.4	1501
2005.6	1527
2005.8	1579
2006	1705
2006.2	1684
2006.4	1600
2006.6	1668
2006.8	1895
2007	1879
2007.2	2000
2007.4	1884
2007.6	1804
2007.8	1920
2008	1957
2008.2	1878
2008.4	1756
2008.6	1819
2008.8	1909
2009	1904
2009.2	2009
2009.4	1951
2009.6	1924
2009.8	1951
2010	2051
2010.2	1850
2010.4	1765
2010.6	1818
2010.8	1543
2011	1617
2011.2	1822
2011.4	1706
2011.6	1737
2011.8	1901
2012	1901
2012.2	1858
2012.4	1811
2012.6	1805
2012.8	1858
2013	1673
2013.2	1805
2013.4	1942
2013.6	1794
2013.8	1841
2014	1830
2014.2	1772
2014.4	1925
2014.6	1925
2014.8	1973
2015	1909
2015.2	1782
2015.4	1771
2015.6	1829
2015.8	1686
2016	1945
2016.2	1665
2016.4	1802
2016.6	1966
2016.8	1913
2017	2024
2017.2	2013
2017.4	2040
2017.6	2204
2017.8	2151
2018	2060
2018.2	2172
2018.4	2241
2018.6	2268
2018.8	2278
2019	2219
2019.2	2278
2019.4	2283
2019.6	2267
2019.8	2325
2020	2395
2020.2	2266
2020.4	2266
2020.6	2133
2020.8	2340
2021	2501
2021.2	2479
2021.4	2431
2021.6	2463
2021.8	2259
2022	2457
2022.2	2280
2022.4	2409
2022.6	2441
2022.8	2136
2023	2430
2023.2	2429
2023.4	2306
2023.6	2424
2023.8	2386
2024	2226
2024.2	2354
2024.4	2220
2024.6	2156
2024.8	2092
2025	1779
2025.2	1943
2025.4	1980
2025.6	2027
2025.8	2080
2026	1894
2026.2	1915
2026.4	1968
2026.6	1883
2026.8	1825
2027	1851
2027.2	1682
2027.4	1666
2027.6	1629
2027.8	1592
2028	1692
2028.2	1523
2028.4	1834
2028.6	1834
2028.8	1760
2029	1717
2029.2	1549
2029.4	1564
2029.6	1664
2029.8	1622
2030	1564
2030.2	1585
2030.4	1427
2030.6	1600
2030.8	1737
2031	1642
2031.2	1768
2031.4	1689
2031.6	1552
2031.8	1763
2032	1609
2032.2	1783
2032.4	1625
2032.6	1683
2032.8	1688
2033	1761
2033.2	1703
2033.4	1840
2033.6	1787
2033.8	1819
2034	1909
2034.2	1813
2034.4	1967
2034.6	1776
2034.8	1712
2035	1908
2035.2	1760
2035.4	1870
2035.6	2003
2035.8	1913
2036	1981
2036.2	2087
2036.4	1992
2036.6	2082
2036.8	2012
2037	2071
2037.2	2071
2037.4	1996
2037.6	2060
2037.8	1969
2038	1942
2038.2	2032
2038.4	2085
2038.6	2037
2038.8	2016
2039	1873
2039.2	1973
2039.4	2074
2039.6	1973
2039.8	1978
2040	2042
2040.2	1824
2040.4	2025
2040.6	2249
2040.8	2121
2041	2099
2041.2	1961
2041.4	2009
2041.6	2046
2041.8	2067
2042	2157
2042.2	2050
2042.4	2109
2042.6	2093
2042.8	2204
2043	1959
2043.2	2119
2043.4	1991
2043.6	1922
2043.8	1937
2044	1948
2044.2	1948
2044.4	1916
2044.6	1841
2044.8	2107
2045	2117
2045.2	2144
2045.4	2048
2045.6	1788
2045.8	2031
2046	1973
2046.2	1830
2046.4	1957
2046.6	1792
2046.8	1893
2047	2025
2047.2	1951
2047.4	2035
2047.6	2014
2047.8	2088
2048	2061
2048.2	2051
2048.4	2003
2048.6	2040
2048.8	1769
2049	1832
2049.2	1917
2049.4	1938
2049.6	1964
2049.8	2076
2050	2102
2050.2	2278
2050.4	2337
2050.6	2299
2050.8	2235
2051	2139
2051.2	2117
2051.4	2202
2051.6	2197
2051.8	2245
2052	2218
2052.2	2143
2052.4	2281
2052.6	2313
2052.8	2335
2053	2281
2053.2	2281
2053.4	2185
2053.6	2190
2053.8	2067
2054	2131
2054.2	1966
2054.4	1918
2054.6	1992
2054.8	2194
2055	2130
2055.2	2306
2055.4	2002
2055.6	2177
2055.8	2151
2056	2055
2056.2	2076
2056.4	1906
2056.6	2059
2056.8	2198
2057	2102
2057.2	2149
2057.4	2027
2057.6	2000
2057.8	2181
2058	2106
2058.2	2101
2058.4	2191
2058.6	2212
2058.8	2127
2059	2174
2059.2	2286
2059.4	2393
2059.6	2318
2059.8	2420
2060	2710
2060.2	2559
2060.4	2699
2060.6	2796
2060.8	2817
2061	2876
2061.2	3012
2061.4	2925
2061.6	3044
2061.8	3169
2062	3076
2062.2	3207
2062.4	3332
2062.6	3228
2062.8	3212
2063	3081
2063.2	3277
2063.4	3097
2063.6	3075
2063.8	3205
2064	3064
2064.2	2885
2064.4	2879
2064.6	2744
2064.8	2808
2065	2625
2065.2	2528
2065.4	2511
2065.6	2415
2065.8	2307
2066	2355
2066.2	2232
2066.4	2371
2066.6	2355
2066.8	2200
2067	2205
2067.2	2167
2067.4	1827
2067.6	1859
2067.8	1838
2068	1811
2068.2	1563
2068.4	1552
2068.6	1520
2068.8	1631
2069	1347
2069.2	1326
2069.4	1258
2069.6	1289
2069.8	1257
2070	1116
2070.2	1116
2070.4	913
2070.6	768
2070.8	876
2071	814
2071.2	716
2071.4	850
2071.6	798
2071.8	746
2072	943
2072.2	803
2072.4	730
2072.6	622
2072.8	493
2073	385
2073.2	364
2073.4	420
2073.6	528
2073.8	297
2074	348
2074.2	491
2074.4	445
2074.6	404
2074.8	393
2075	280
2075.2	296
2075.4	147
2075.6	167
2075.8	285
2076	24
2076.2	193
2076.4	259
2076.6	228
2076.8	294
2077	212
2077.2	105
2077.4	422
2077.6	253
2077.8	125
2078	201
2078.2	135
2078.4	38
2078.6	53
2078.8	155
2079	267
2079.2	185
2079.4	113
2079.6	1
2079.8	87
2080	97
2080.2	164
2080.4	1
2080.6	158
2080.8	153
2081	148
2081.2	142
2081.4	132
2081.6	20
2081.8	147
2082	50
2082.2	60
2082.4	39
2082.6	1
2082.8	80
2083	64
2083.2	90
2083.4	181
2083.6	1
2083.8	206
2084	293
2084.2	79
2084.4	206
2084.6	119
2084.8	53
2085	1
2085.2	1
2085.4	103
2085.6	179
2085.8	143
2086	312
2086.2	276
2086.4	220
2086.6	214
2086.8	1
2087	25
2087.2	91
2087.4	1
2087.6	1
2087.8	65
2088	1
2088.2	131
2088.4	233
2088.6	177
2088.8	258
2089	54
2089.2	130
2089.4	130
2089.6	59
2089.8	8
2090	33
2090.2	1
2090.4	175
2090.6	226
2090.8	252
2091	205
2091.2	108
2091.4	67
2091.6	139
2091.8	92
2092	1
2092.2	102
2092.4	1
2092.6	1
2092.8	1
2093	86
2093.2	178
2093.4	1
2093.6	254
2093.8	285
2094	203
2094.2	121
2094.4	157
2094.6	131
2094.8	85
2095	146
2095.2	1
2095.4	1
2095.6	3
2095.8	145
2096	130
2096.2	84
2096.4	247
2096.6	109
2096.8	58
2097	129
2097.2	67
2097.4	11
2097.6	6
2097.8	1
2098	1
2098.2	21
2098.4	56
2098.6	122
2098.8	127
2099	1
2099.2	96
2099.4	117
2099.6	116
2099.8	162
2100	203
