# Optical absorption spectrum of Program fragment delivered error ``Can't call method "sample_" on an undefined value at abs.template line 1.'':YSAG (Ho:Y3Sc2Al3O12)
# assuming unity concentration per meter.  This data was part of the NASA 
# Laser Spectra Database found on the web until December of 2005 which
# was created by Pat Cross working at NASA Langley Research Center, Internal
# Operations Group, Aerospace Electronics Systems Division, Remote Sensing.
#
# The spectra was collected by unk on 17 February 1993 and was 
# annotated on 21 February 1993.  The sample name was "" was a 10.500
# long piece of :.   
# The incident light was unpolarized.
#
# Spectra were recorded from 375 to 500nm
# every 0.1nm at room temperature.
#
# FILE NAME ON PC = YSAG6.SP NO_POINTS = 1251. pts DATA_INTV = .000100 æm MIN_LAMBDA = .375000 æm MIN_DATA = .05020 MAX_LAMBDA = .500000 æm MAX_DATA = .41960 SCANSPEED = 15.000000 NM/MIN SLITWIDTH= .00000 æm RESP TIME = .5 sec SENSITIVITY = 5 DATE=93/02/17 16:16:30 93/02/17 YSAG6.
#
##Wavelength (nm)	Absorbance (/meter) 
375	301
375.1	354
375.2	244
375.3	78
375.4	385
375.5	495
375.6	518
375.7	166
375.8	295
375.9	64
376	289
376.1	563
376.2	810
376.3	198
376.4	1
376.5	44
376.6	147
376.7	307
376.8	421
376.9	254
377	471
377.1	253
377.2	573
377.3	487
377.4	207
377.5	1
377.6	155
377.7	1
377.8	543
377.9	416
378	198
378.1	159
378.2	483
378.3	521
378.4	553
378.5	401
378.6	511
378.7	150
378.8	1
378.9	225
379	1
379.1	1
379.2	159
379.3	344
379.4	361
379.5	210
379.6	50
379.7	321
379.8	104
379.9	167
380	250
380.1	272
380.2	284
380.3	439
380.4	374
380.5	264
380.6	200
380.7	339
380.8	582
380.9	563
381	544
381.1	412
381.2	414
381.3	258
381.4	280
381.5	272
381.6	279
381.7	154
381.8	298
381.9	269
382	686
382.1	828
382.2	825
382.3	1127
382.4	1487
382.5	1093
382.6	1164
382.7	1612
382.8	1549
382.9	1196
383	976
383.1	530
383.2	455
383.3	183
383.4	403
383.5	405
383.6	345
383.7	434
383.8	502
383.9	524
384	701
384.1	980
384.2	1108
384.3	1505
384.4	1464
384.5	1082
384.6	522
384.7	647
384.8	535
384.9	522
385	396
385.1	505
385.2	451
385.3	366
385.4	716
385.5	1137
385.6	1735
385.7	2620
385.8	2490
385.9	1588
386	1035
386.1	1206
386.2	1545
386.3	1863
386.4	2186
386.5	1757
386.6	1130
386.7	880
386.8	788
386.9	857
387	1058
387.1	1272
387.2	1439
387.3	1452
387.4	1171
387.5	910
387.6	912
387.7	1008
387.8	1152
387.9	1048
388	971
388.1	832
388.2	586
388.3	567
388.4	646
388.5	586
388.6	691
388.7	864
388.8	970
388.9	852
389	817
389.1	746
389.2	748
389.3	652
389.4	613
389.5	553
389.6	499
389.7	562
389.8	390
389.9	241
390	223
390.1	109
390.2	151
390.3	78
390.4	300
390.5	211
390.6	163
390.7	270
390.8	217
390.9	128
391	245
391.1	177
391.2	1
391.3	41
391.4	1
391.5	114
391.6	16
391.7	73
391.8	129
391.9	166
392	223
392.1	220
392.2	207
392.3	264
392.4	300
392.5	302
392.6	164
392.7	180
392.8	212
392.9	224
393	156
393.1	323
393.2	320
393.3	211
393.4	303
393.5	260
393.6	241
393.7	213
393.8	185
393.9	107
394	174
394.1	270
394.2	489
394.3	319
394.4	346
394.5	247
394.6	179
394.7	166
394.8	208
394.9	249
395	256
395.1	168
395.2	220
395.3	292
395.4	148
395.5	125
395.6	1
395.7	5
395.8	1
395.9	152
396	174
396.1	81
396.2	1
396.3	6
396.4	186
396.5	108
396.6	1
396.7	1
396.8	1
396.9	105
397	43
397.1	89
397.2	2
397.3	14
397.4	5
397.5	1
397.6	98
397.7	169
397.8	1
397.9	118
398	1
398.1	62
398.2	113
398.3	86
398.4	132
398.5	149
398.6	1
398.7	157
398.8	35
398.9	1
399	63
399.1	100
399.2	91
399.3	168
399.4	100
399.5	82
399.6	24
399.7	244
399.8	251
399.9	173
400	51
400.1	48
400.2	20
400.3	126
400.4	212
400.5	199
400.6	67
400.7	113
400.8	139
400.9	102
401	163
401.1	75
401.2	1
401.3	99
401.4	135
401.5	127
401.6	129
401.7	125
401.8	1
401.9	149
402	72
402.1	4
402.2	110
402.3	161
402.4	227
402.5	159
402.6	166
402.7	153
402.8	76
402.9	1
403	124
403.1	42
403.2	157
403.3	263
403.4	155
403.5	271
403.6	119
403.7	185
403.8	118
403.9	189
404	131
404.1	257
404.2	363
404.3	280
404.4	287
404.5	110
404.6	176
404.7	178
404.8	269
404.9	221
405	223
405.1	126
405.2	197
405.3	80
405.4	324
405.5	113
405.6	154
405.7	220
405.8	197
405.9	358
406	374
406.1	311
406.2	234
406.3	211
406.4	327
406.5	313
406.6	251
406.7	134
406.8	279
406.9	216
407	183
407.1	384
407.2	246
407.3	347
407.4	304
407.5	435
407.6	362
407.7	429
407.8	366
407.9	328
408	334
408.1	406
408.2	498
408.3	389
408.4	436
408.5	393
408.6	365
408.7	396
408.8	498
408.9	455
409	491
409.1	513
409.2	585
409.3	637
409.4	513
409.5	480
409.6	507
409.7	409
409.8	515
409.9	633
410	499
410.1	490
410.2	522
410.3	660
410.4	717
410.5	653
410.6	529
410.7	506
410.8	578
410.9	559
411	717
411.1	684
411.2	650
411.3	662
411.4	613
411.5	842
411.6	865
411.7	851
411.8	909
411.9	839
412	861
412.1	873
412.2	911
412.3	943
412.4	853
412.5	962
412.6	948
412.7	986
412.8	921
412.9	1004
413	981
413.1	1069
413.2	1051
413.3	1160
413.4	1553
413.5	2269
413.6	3231
413.7	3912
413.8	4075
413.9	4167
414	4640
414.1	5555
414.2	6205
414.3	5670
414.4	4765
414.5	4354
414.6	5013
414.7	5527
414.8	5425
414.9	4836
415	4265
415.1	3972
415.2	3281
415.3	2115
415.4	1699
415.5	1903
415.6	2267
415.7	2958
415.8	3309
415.9	3247
416	2839
416.1	2751
416.2	3012
416.3	3573
416.4	4607
416.5	6251
416.6	7204
416.7	6457
416.8	5229
416.9	4789
417	4991
417.1	5183
417.2	5210
417.3	4902
417.4	4873
417.5	4875
417.6	5058
417.7	6024
417.8	7589
417.9	10156
418	11631
418.1	11184
418.2	11519
418.3	12586
418.4	13362
418.5	12759
418.6	12193
418.7	13019
418.8	14115
418.9	13498
419	10133
419.1	6329
419.2	3751
419.3	2578
419.4	1938
419.5	1684
419.6	1492
419.7	1395
419.8	1298
419.9	1492
420	1756
420.1	2377
420.2	3292
420.3	4338
420.4	5886
420.5	6942
420.6	7884
420.7	8381
420.8	8174
420.9	6824
421	5473
421.1	4589
421.2	4208
421.3	4132
421.4	4121
421.5	3609
421.6	3054
421.7	2366
421.8	1893
421.9	1557
422	1304
422.1	1280
422.2	1205
422.3	1114
422.4	1270
422.5	1354
422.6	1284
422.7	1435
422.8	1531
422.9	1637
423	1839
423.1	2092
423.2	2321
423.3	2443
423.4	2302
423.5	2239
423.6	2058
423.7	1804
423.8	1637
423.9	1523
424	1395
424.1	1522
424.2	1596
424.3	1809
424.4	2071
424.5	2132
424.6	2307
424.7	2184
424.8	2003
424.9	1850
425	1964
425.1	2169
425.2	2453
425.3	2625
425.4	2396
425.5	1940
425.6	1568
425.7	1172
425.8	1158
425.9	1206
426	1111
426.1	1052
426.2	1329
426.3	1336
426.4	1276
426.5	1304
426.6	1352
426.7	1702
426.8	2182
426.9	2680
427	2937
427.1	2633
427.2	2416
427.3	1849
427.4	1283
427.5	994
427.6	850
427.7	642
427.8	550
427.9	556
428	558
428.1	511
428.2	497
428.3	470
428.4	422
428.5	576
428.6	485
428.7	535
428.8	429
428.9	362
429	486
429.1	582
429.2	485
429.3	457
429.4	424
429.5	426
429.6	501
429.7	434
429.8	598
429.9	438
430	381
430.1	412
430.2	404
430.3	405
430.4	461
430.5	443
430.6	464
430.7	388
430.8	433
430.9	489
431	525
431.1	566
431.2	445
431.3	520
431.4	473
431.5	460
431.6	486
431.7	517
431.8	392
431.9	540
432	498
432.1	583
432.2	491
432.3	547
432.4	558
432.5	654
432.6	626
432.7	588
432.8	570
432.9	518
433	564
433.1	629
433.2	616
433.3	598
433.4	649
433.5	626
433.6	638
433.7	472
433.8	626
433.9	589
434	610
434.1	508
434.2	628
434.3	590
434.4	567
434.5	687
434.6	536
434.7	631
434.8	618
434.9	655
435	651
435.1	633
435.2	674
435.3	617
435.4	540
435.5	547
435.6	696
435.7	653
435.8	655
435.9	711
436	594
436.1	684
436.2	652
436.3	752
436.4	764
436.5	607
436.6	792
436.7	660
436.8	637
436.9	708
437	695
437.1	736
437.2	762
437.3	828
437.4	726
437.5	832
437.6	958
437.7	965
437.8	792
437.9	963
438	985
438.1	961
438.2	928
438.3	965
438.4	941
438.5	1098
438.6	1050
438.7	1046
438.8	1164
438.9	1035
439	1122
439.1	1154
439.2	1125
439.3	1061
439.4	1174
439.5	1206
439.6	1202
439.7	1265
439.8	1358
439.9	1263
440	1326
440.1	1317
440.2	1243
440.3	1260
440.4	1414
440.5	1380
440.6	1295
440.7	1353
440.8	1426
440.9	1417
441	1307
441.1	1477
441.2	1386
441.3	1403
441.4	1543
441.5	1432
441.6	1373
441.7	1451
441.8	1483
441.9	1464
442	1507
442.1	1432
442.2	1505
442.3	1620
442.4	1468
442.5	1623
442.6	1584
442.7	1606
442.8	1474
442.9	1512
443	1529
443.1	1618
443.2	1476
443.3	1580
443.4	1561
443.5	1573
443.6	1657
443.7	1685
443.8	1738
443.9	1688
444	1736
444.1	1769
444.2	1848
444.3	1845
444.4	1836
444.5	1874
444.6	2028
444.7	2061
444.8	2163
444.9	2271
445	2438
445.1	2924
445.2	3467
445.3	4044
445.4	4447
445.5	4568
445.6	4787
445.7	5181
445.8	5426
445.9	5086
446	4385
446.1	3465
446.2	3119
446.3	3076
446.4	3039
446.5	3019
446.6	2915
446.7	3233
446.8	3414
446.9	3377
447	3777
447.1	4256
447.2	5231
447.3	6911
447.4	9766
447.5	12715
447.6	13775
447.7	12554
447.8	10758
447.9	9956
448	10547
448.1	12316
448.2	14467
448.3	15176
448.4	13866
448.5	11765
448.6	10458
448.7	10273
448.8	10413
448.9	11246
449	12649
449.1	12797
449.2	10855
449.3	8592
449.4	6932
449.5	6086
449.6	5457
449.7	4946
449.8	4597
449.9	4521
450	4428
450.1	4662
450.2	4815
450.3	4938
450.4	5166
450.5	5404
450.6	6008
450.7	6545
450.8	7071
450.9	7299
451	7515
451.1	7406
451.2	7023
451.3	6416
451.4	5835
451.5	5135
451.6	4813
451.7	4569
451.8	4392
451.9	4477
452	4550
452.1	4403
452.2	4193
452.3	3979
452.4	3917
452.5	3994
452.6	4595
452.7	6146
452.8	8643
452.9	12057
453	16867
453.1	24552
453.2	33680
453.3	39823
453.4	36082
453.5	26968
453.6	18639
453.7	14318
453.8	13693
453.9	14682
454	14532
454.1	12272
454.2	9266
454.3	6671
454.4	5343
454.5	5233
454.6	5527
454.7	5794
454.8	5637
454.9	5240
455	4779
455.1	4571
455.2	4933
455.3	5620
455.4	6583
455.5	7799
455.6	9152
455.7	10180
455.8	10931
455.9	11141
456	10967
456.1	10541
456.2	10284
456.3	10134
456.4	10344
456.5	10678
456.6	10525
456.7	9950
456.8	9043
456.9	7957
457	6742
457.1	5852
457.2	5302
457.3	4846
457.4	4567
457.5	4221
457.6	3928
457.7	3627
457.8	3232
457.9	2975
458	2873
458.1	2616
458.2	2607
458.3	2678
458.4	2621
458.5	2623
458.6	2630
458.7	2749
458.8	2800
458.9	2688
459	2625
459.1	2472
459.2	2252
459.3	2154
459.4	2052
459.5	1955
459.6	1951
459.7	1876
459.8	1867
459.9	1776
460	1824
460.1	1826
460.2	1740
460.3	1742
460.4	1759
460.5	1817
460.6	1777
460.7	1794
460.8	1781
460.9	1859
461	1825
461.1	1950
461.2	2091
461.3	2334
461.4	2643
461.5	2936
461.6	3333
461.7	3440
461.8	3582
461.9	3702
462	4144
462.1	4578
462.2	4818
462.3	4611
462.4	4225
462.5	3672
462.6	3112
462.7	2804
462.8	2650
462.9	2657
463	2906
463.1	3274
463.2	3768
463.3	4003
463.4	4022
463.5	3921
463.6	3786
463.7	3822
463.8	4063
463.9	4146
464	4275
464.1	4091
464.2	3632
464.3	3129
464.4	2805
464.5	2539
464.6	2214
464.7	2112
464.8	2124
464.9	2240
465	2122
465.1	1902
465.2	1704
465.3	1630
465.4	1551
465.5	1482
465.6	1564
465.7	1510
465.8	1472
465.9	1448
466	1440
466.1	1442
466.2	1503
466.3	1525
466.4	1522
466.5	1533
466.6	1420
466.7	1532
466.8	1463
466.9	1620
467	1668
467.1	1649
467.2	1782
467.3	1779
467.4	1821
467.5	1818
467.6	1911
467.7	1816
467.8	1915
467.9	1896
468	1933
468.1	2069
468.2	2262
468.3	2421
468.4	2709
468.5	3115
468.6	3952
468.7	5044
468.8	4985
468.9	3872
469	3519
469.1	4178
469.2	4729
469.3	4542
469.4	3609
469.5	2551
469.6	2041
469.7	1843
469.8	1998
469.9	2155
470	2115
470.1	2044
470.2	1902
470.3	1812
470.4	1677
470.5	1593
470.6	1600
470.7	1516
470.8	1623
470.9	1675
471	2079
471.1	2466
471.2	3022
471.3	3573
471.4	3912
471.5	3948
471.6	3595
471.7	3325
471.8	3327
471.9	3695
472	4253
472.1	4575
472.2	4436
472.3	3774
472.4	3074
472.5	2599
472.6	2511
472.7	2560
472.8	2562
472.9	2696
473	2539
473.1	2300
473.2	1956
473.3	1734
473.4	1655
473.5	1692
473.6	1835
473.7	2046
473.8	2217
473.9	2564
474	2976
474.1	3358
474.2	3642
474.3	3913
474.4	4074
474.5	4087
474.6	4089
474.7	3886
474.8	3859
474.9	3720
475	3722
475.1	3679
475.2	3475
475.3	3159
475.4	2657
475.5	2364
475.6	2061
475.7	1838
475.8	1598
475.9	1580
476	1472
476.1	1488
476.2	1450
476.3	1626
476.4	1743
476.5	1968
476.6	2041
476.7	2161
476.8	2291
476.9	2512
477	2608
477.1	2557
477.2	2728
477.3	2857
477.4	2816
477.5	2764
477.6	2793
477.7	2730
477.8	2537
477.9	2330
478	2187
478.1	2060
478.2	1883
478.3	1865
478.4	1710
478.5	1631
478.6	1454
478.7	1510
478.8	1368
478.9	1498
479	1416
479.1	1392
479.2	1384
479.3	1440
479.4	1496
479.5	1518
479.6	1450
479.7	1476
479.8	1414
479.9	1410
480	1372
480.1	1522
480.2	1499
480.3	1466
480.4	1647
480.5	1519
480.6	1665
480.7	1641
480.8	1788
480.9	2212
481	2599
481.1	2913
481.2	3275
481.3	3495
481.4	3903
481.5	4291
481.6	4780
481.7	5150
481.8	5122
481.9	4580
482	4099
482.1	4095
482.2	4079
482.3	4126
482.4	4009
482.5	3636
482.6	3140
482.7	2563
482.8	2155
482.9	1782
483	1534
483.1	1333
483.2	1409
483.3	1405
483.4	1432
483.5	1413
483.6	1534
483.7	1471
483.8	1591
483.9	1833
484	2077
484.1	2059
484.2	2030
484.3	2047
484.4	2191
484.5	2477
484.6	2974
484.7	3950
484.8	4867
484.9	5267
485	5179
485.1	4561
485.2	4499
485.3	5232
485.4	6687
485.5	8129
485.6	9121
485.7	9064
485.8	8134
485.9	6643
486	5303
486.1	5023
486.2	5469
486.3	5814
486.4	5467
486.5	4336
486.6	3405
486.7	2300
486.8	1614
486.9	1301
487	1181
487.1	1009
487.2	1020
487.3	1142
487.4	1202
487.5	1369
487.6	1617
487.7	1783
487.8	2184
487.9	2453
488	2673
488.1	2833
488.2	3058
488.3	3519
488.4	4082
488.5	4732
488.6	5380
488.7	5834
488.8	5762
488.9	5241
489	4393
489.1	3330
489.2	2583
489.3	1964
489.4	1561
489.5	1381
489.6	1193
489.7	1035
489.8	980
489.9	967
490	925
490.1	1003
490.2	1005
490.3	1127
490.4	1210
490.5	1363
490.6	1335
490.7	1259
490.8	1265
490.9	1262
491	1167
491.1	1159
491.2	1112
491.3	1293
491.4	1406
491.5	1595
491.6	1685
491.7	1514
491.8	1457
491.9	1312
492	1255
492.1	1117
492.2	994
492.3	1048
492.4	892
492.5	974
492.6	914
492.7	949
492.8	695
492.9	720
493	788
493.1	784
493.2	900
493.3	859
493.4	946
493.5	900
493.6	916
493.7	870
493.8	762
493.9	656
494	587
494.1	542
494.2	558
494.3	555
494.4	575
494.5	586
494.6	583
494.7	570
494.8	530
494.9	513
495	580
495.1	586
495.2	700
495.3	678
495.4	698
495.5	719
495.6	687
495.7	689
495.8	658
495.9	669
496	769
496.1	855
496.2	990
496.3	1077
496.4	1069
496.5	1028
496.6	863
496.7	752
496.8	645
496.9	600
497	752
497.1	720
497.2	741
497.3	836
497.4	843
497.5	769
497.6	728
497.7	631
497.8	489
497.9	375
498	381
498.1	360
498.2	398
498.3	358
498.4	327
498.5	251
498.6	230
498.7	250
498.8	210
498.9	184
499	168
499.1	165
499.2	134
499.3	172
499.4	174
499.5	135
499.6	163
499.7	133
499.8	153
499.9	150
500	129
