# Optical absorption spectrum of Program fragment delivered error ``Can't call method "sample_" on an undefined value at abs.template line 1.'':YSAG (Ho:Y3Sc2Al3O12)
# assuming unity concentration per meter.  This data was part of the NASA 
# Laser Spectra Database found on the web until December of 2005 which
# was created by Pat Cross working at NASA Langley Research Center, Internal
# Operations Group, Aerospace Electronics Systems Division, Remote Sensing.
#
# The spectra was collected by BMW on 12 February 1993 and was 
# annotated on 12 February 1993.  The sample name was "" was a 10.500
# long piece of :.   
# The incident light was unpolarized.
#
# Spectra were recorded from 1750 to 2200nm
# every 0.2nm at room temperature.
#
# FILE NAME ON PC = YSAG1.SP NO_POINTS = 2251. pts DATA_INTV = .000200 æm MIN_LAMBDA = 1.750000 æm MIN_DATA = .49620 MAX_LAMBDA = 2.200000 æm MAX_DATA = .79270 SCANSPEED = 15.000000 NM/MIN SLITWIDTH= .00000 æm RESP TIME = .5 sec SENSITIVITY = 5 DATE=93/02/12 09:54:23 93/02/12 YSAG1.
#
##Wavelength (nm)	Absorbance (/meter) 
1750	243
1750.2	228
1750.4	243
1750.6	306
1750.8	279
1751	301
1751.2	307
1751.4	247
1751.6	222
1751.8	215
1752	178
1752.2	215
1752.4	248
1752.6	203
1752.8	233
1753	152
1753.2	103
1753.4	232
1753.6	160
1753.8	167
1754	133
1754.2	76
1754.4	72
1754.6	151
1754.8	176
1755	191
1755.2	196
1755.4	224
1755.6	293
1755.8	291
1756	247
1756.2	282
1756.4	200
1756.6	163
1756.8	200
1757	119
1757.2	141
1757.4	181
1757.6	146
1757.8	179
1758	162
1758.2	211
1758.4	232
1758.6	212
1758.8	200
1759	240
1759.2	175
1759.4	228
1759.6	186
1759.8	176
1760	216
1760.2	268
1760.4	181
1760.6	244
1760.8	274
1761	244
1761.2	282
1761.4	197
1761.6	123
1761.8	146
1762	153
1762.2	171
1762.4	127
1762.6	119
1762.8	176
1763	85
1763.2	117
1763.4	251
1763.6	172
1763.8	237
1764	249
1764.2	128
1764.4	185
1764.6	215
1764.8	171
1765	139
1765.2	117
1765.4	85
1765.6	93
1765.8	90
1766	147
1766.2	123
1766.4	130
1766.6	160
1766.8	185
1767	171
1767.2	278
1767.4	268
1767.6	241
1767.8	313
1768	283
1768.2	271
1768.4	276
1768.6	232
1768.8	219
1769	235
1769.2	158
1769.4	255
1769.6	163
1769.8	159
1770	191
1770.2	102
1770.4	127
1770.6	127
1770.8	1
1771	110
1771.2	133
1771.4	86
1771.6	178
1771.8	77
1772	92
1772.2	250
1772.4	173
1772.6	211
1772.8	263
1773	157
1773.2	159
1773.4	249
1773.6	187
1773.8	284
1774	182
1774.2	148
1774.4	141
1774.6	129
1774.8	134
1775	109
1775.2	85
1775.4	167
1775.6	206
1775.8	167
1776	276
1776.2	291
1776.4	316
1776.6	297
1776.8	222
1777	270
1777.2	223
1777.4	131
1777.6	107
1777.8	152
1778	61
1778.2	95
1778.4	88
1778.6	2
1778.8	155
1779	76
1779.2	42
1779.4	168
1779.6	60
1779.8	181
1780	231
1780.2	213
1780.4	278
1780.6	268
1780.8	177
1781	192
1781.2	232
1781.4	217
1781.6	247
1781.8	163
1782	193
1782.2	144
1782.4	65
1782.6	203
1782.8	154
1783	95
1783.2	259
1783.4	142
1783.6	192
1783.8	222
1784	145
1784.2	190
1784.4	178
1784.6	183
1784.8	196
1785	216
1785.2	119
1785.4	209
1785.6	169
1785.8	160
1786	197
1786.2	180
1786.4	177
1786.6	242
1786.8	208
1787	252
1787.2	181
1787.4	99
1787.6	213
1787.8	92
1788	167
1788.2	157
1788.4	103
1788.6	140
1788.8	214
1789	195
1789.2	178
1789.4	183
1789.6	183
1789.8	255
1790	243
1790.2	228
1790.4	278
1790.6	226
1790.8	187
1791	115
1791.2	98
1791.4	177
1791.6	101
1791.8	77
1792	131
1792.2	114
1792.4	136
1792.6	250
1792.8	211
1793	216
1793.2	273
1793.4	239
1793.6	244
1793.8	314
1794	244
1794.2	312
1794.4	222
1794.6	173
1794.8	225
1795	146
1795.2	90
1795.4	181
1795.6	184
1795.8	204
1796	194
1796.2	150
1796.4	217
1796.6	230
1796.8	195
1797	235
1797.2	200
1797.4	169
1797.6	176
1797.8	132
1798	219
1798.2	169
1798.4	167
1798.6	197
1798.8	222
1799	178
1799.2	225
1799.4	203
1799.6	225
1799.8	287
1800	226
1800.2	255
1800.4	266
1800.6	221
1800.8	211
1801	246
1801.2	197
1801.4	262
1801.6	170
1801.8	230
1802	317
1802.2	265
1802.4	248
1802.6	340
1802.8	241
1803	278
1803.2	271
1803.4	236
1803.6	222
1803.8	138
1804	116
1804.2	136
1804.4	178
1804.6	210
1804.8	220
1805	213
1805.2	248
1805.4	328
1805.6	335
1805.8	318
1806	291
1806.2	219
1806.4	165
1806.6	215
1806.8	235
1807	245
1807.2	225
1807.4	255
1807.6	186
1807.8	268
1808	271
1808.2	311
1808.4	226
1808.6	170
1808.8	264
1809	277
1809.2	197
1809.4	178
1809.6	181
1809.8	243
1810	322
1810.2	298
1810.4	407
1810.6	305
1810.8	378
1811	388
1811.2	336
1811.4	356
1811.6	279
1811.8	165
1812	210
1812.2	282
1812.4	287
1812.6	270
1812.8	194
1813	253
1813.2	273
1813.4	288
1813.6	286
1813.8	256
1814	140
1814.2	324
1814.4	175
1814.6	255
1814.8	277
1815	225
1815.2	290
1815.4	387
1815.6	405
1815.8	353
1816	318
1816.2	256
1816.4	284
1816.6	267
1816.8	309
1817	324
1817.2	215
1817.4	282
1817.6	297
1817.8	305
1818	333
1818.2	323
1818.4	291
1818.6	351
1818.8	353
1819	269
1819.2	344
1819.4	309
1819.6	304
1819.8	300
1820	337
1820.2	362
1820.4	243
1820.6	295
1820.8	368
1821	328
1821.2	241
1821.4	234
1821.6	257
1821.8	262
1822	304
1822.2	339
1822.4	325
1822.6	322
1822.8	288
1823	382
1823.2	340
1823.4	380
1823.6	291
1823.8	237
1824	274
1824.2	344
1824.4	267
1824.6	344
1824.8	290
1825	272
1825.2	357
1825.4	310
1825.6	310
1825.8	375
1826	326
1826.2	301
1826.4	383
1826.6	264
1826.8	321
1827	351
1827.2	307
1827.4	394
1827.6	424
1827.8	420
1828	437
1828.2	458
1828.4	410
1828.6	463
1828.8	383
1829	361
1829.2	359
1829.4	329
1829.6	344
1829.8	270
1830	265
1830.2	375
1830.4	352
1830.6	380
1830.8	515
1831	460
1831.2	586
1831.4	624
1831.6	592
1831.8	706
1832	749
1832.2	716
1832.4	785
1832.6	729
1832.8	803
1833	824
1833.2	842
1833.4	794
1833.6	924
1833.8	819
1834	986
1834.2	1015
1834.4	974
1834.6	1106
1834.8	1028
1835	1070
1835.2	1176
1835.4	1197
1835.6	1255
1835.8	1320
1836	1320
1836.2	1370
1836.4	1334
1836.6	1248
1836.8	1355
1837	1214
1837.2	1217
1837.4	1264
1837.6	1327
1837.8	1252
1838	1283
1838.2	1278
1838.4	1276
1838.6	1289
1838.8	1253
1839	1263
1839.2	1139
1839.4	1173
1839.6	1142
1839.8	1085
1840	1121
1840.2	1108
1840.4	992
1840.6	1016
1840.8	1052
1841	1055
1841.2	1078
1841.4	991
1841.6	971
1841.8	1007
1842	981
1842.2	930
1842.4	912
1842.6	828
1842.8	831
1843	841
1843.2	740
1843.4	890
1843.6	776
1843.8	837
1844	896
1844.2	891
1844.4	984
1844.6	955
1844.8	935
1845	1028
1845.2	979
1845.4	956
1845.6	972
1845.8	882
1846	906
1846.2	949
1846.4	885
1846.6	896
1846.8	940
1847	774
1847.2	850
1847.4	884
1847.6	866
1847.8	869
1848	882
1848.2	890
1848.4	818
1848.6	821
1848.8	860
1849	934
1849.2	812
1849.4	873
1849.6	945
1849.8	856
1850	899
1850.2	915
1850.4	928
1850.6	1015
1850.8	1016
1851	1065
1851.2	1047
1851.4	1052
1851.6	1063
1851.8	1089
1852	1043
1852.2	1110
1852.4	1102
1852.6	1103
1852.8	1290
1853	1369
1853.2	1369
1853.4	1453
1853.6	1409
1853.8	1493
1854	1602
1854.2	1599
1854.4	1629
1854.6	1592
1854.8	1589
1855	1645
1855.2	1611
1855.4	1710
1855.6	1683
1855.8	1678
1856	1644
1856.2	1753
1856.4	1604
1856.6	1727
1856.8	1716
1857	1663
1857.2	1754
1857.4	1736
1857.6	1755
1857.8	1817
1858	1750
1858.2	1747
1858.4	1857
1858.6	1774
1858.8	1831
1859	1839
1859.2	1650
1859.4	1767
1859.6	1770
1859.8	1749
1860	1827
1860.2	1840
1860.4	1913
1860.6	1954
1860.8	2017
1861	2136
1861.2	2180
1861.4	2241
1861.6	2445
1861.8	2588
1862	2591
1862.2	2770
1862.4	2924
1862.6	3055
1862.8	3257
1863	3359
1863.2	3593
1863.4	3650
1863.6	3828
1863.8	4038
1864	4217
1864.2	4416
1864.4	4692
1864.6	4761
1864.8	4957
1865	5241
1865.2	5431
1865.4	5510
1865.6	5799
1865.8	5852
1866	6153
1866.2	6234
1866.4	6190
1866.6	6285
1866.8	6296
1867	6265
1867.2	6286
1867.4	6239
1867.6	6114
1867.8	6064
1868	5841
1868.2	5663
1868.4	5486
1868.6	5222
1868.8	4954
1869	4831
1869.2	4582
1869.4	4409
1869.6	4471
1869.8	4229
1870	3990
1870.2	3888
1870.4	3858
1870.6	3766
1870.8	3618
1871	3475
1871.2	3425
1871.4	3182
1871.6	3269
1871.8	3139
1872	3107
1872.2	3010
1872.4	3062
1872.6	3025
1872.8	3068
1873	3040
1873.2	3155
1873.4	3166
1873.6	3126
1873.8	3285
1874	3317
1874.2	3387
1874.4	3443
1874.6	3434
1874.8	3546
1875	3691
1875.2	3703
1875.4	3795
1875.6	3890
1875.8	3978
1876	4038
1876.2	4093
1876.4	4281
1876.6	4336
1876.8	4398
1877	4497
1877.2	4695
1877.4	4746
1877.6	4856
1877.8	5023
1878	5036
1878.2	5199
1878.4	5308
1878.6	5312
1878.8	5380
1879	5438
1879.2	5507
1879.4	5572
1879.6	5605
1879.8	5654
1880	5701
1880.2	5701
1880.4	5645
1880.6	5767
1880.8	5623
1881	5580
1881.2	5525
1881.4	5324
1881.6	5337
1881.8	5228
1882	5056
1882.2	4986
1882.4	4835
1882.6	4879
1882.8	4738
1883	4583
1883.2	4518
1883.4	4371
1883.6	4322
1883.8	4353
1884	4231
1884.2	4149
1884.4	4149
1884.6	3971
1884.8	3888
1885	3837
1885.2	3766
1885.4	3627
1885.6	3501
1885.8	3396
1886	3422
1886.2	3347
1886.4	3237
1886.6	3202
1886.8	3059
1887	3071
1887.2	3039
1887.4	2923
1887.6	2946
1887.8	2903
1888	2883
1888.2	2958
1888.4	2904
1888.6	2873
1888.8	2822
1889	2774
1889.2	2741
1889.4	2825
1889.6	2738
1889.8	2820
1890	2770
1890.2	2789
1890.4	2911
1890.6	2875
1890.8	2810
1891	2725
1891.2	2656
1891.4	2633
1891.6	2712
1891.8	2567
1892	2623
1892.2	2612
1892.4	2637
1892.6	2640
1892.8	2621
1893	2649
1893.2	2621
1893.4	2504
1893.6	2496
1893.8	2558
1894	2499
1894.2	2450
1894.4	2400
1894.6	2386
1894.8	2304
1895	2315
1895.2	2299
1895.4	2335
1895.6	2296
1895.8	2261
1896	2223
1896.2	2193
1896.4	2158
1896.6	2155
1896.8	2147
1897	2125
1897.2	2177
1897.4	2172
1897.6	2134
1897.8	2123
1898	2137
1898.2	2167
1898.4	2154
1898.6	2119
1898.8	2171
1899	2149
1899.2	2141
1899.4	2212
1899.6	2169
1899.8	2191
1900	2156
1900.2	2230
1900.4	2331
1900.6	2263
1900.8	2365
1901	2401
1901.2	2401
1901.4	2443
1901.6	2540
1901.8	2521
1902	2644
1902.2	2591
1902.4	2666
1902.6	2779
1902.8	2765
1903	2867
1903.2	2788
1903.4	2859
1903.6	2973
1903.8	2959
1904	2976
1904.2	3096
1904.4	3025
1904.6	3122
1904.8	3246
1905	3255
1905.2	3380
1905.4	3494
1905.6	3558
1905.8	3816
1906	3864
1906.2	4071
1906.4	4161
1906.6	4219
1906.8	4400
1907	4653
1907.2	4706
1907.4	5008
1907.6	5132
1907.8	5305
1908	5607
1908.2	5897
1908.4	6020
1908.6	6306
1908.8	6381
1909	6618
1909.2	6885
1909.4	7153
1909.6	7331
1909.8	7464
1910	7591
1910.2	7850
1910.4	7858
1910.6	7847
1910.8	7906
1911	7792
1911.2	7796
1911.4	7635
1911.6	7448
1911.8	7333
1912	7148
1912.2	6797
1912.4	6624
1912.6	6450
1912.8	6081
1913	5988
1913.2	5704
1913.4	5498
1913.6	5353
1913.8	5106
1914	4869
1914.2	4729
1914.4	4422
1914.6	4386
1914.8	4316
1915	4212
1915.2	4234
1915.4	4225
1915.6	4167
1915.8	4304
1916	4375
1916.2	4452
1916.4	4529
1916.6	4656
1916.8	4831
1917	5157
1917.2	5421
1917.4	5737
1917.6	5896
1917.8	6224
1918	6768
1918.2	7122
1918.4	7254
1918.6	7653
1918.8	7807
1919	8252
1919.2	8525
1919.4	8578
1919.6	8647
1919.8	8686
1920	8678
1920.2	8602
1920.4	8325
1920.6	8101
1920.8	7904
1921	7399
1921.2	6991
1921.4	6761
1921.6	6445
1921.8	6140
1922	5900
1922.2	5647
1922.4	5413
1922.6	5278
1922.8	5051
1923	4928
1923.2	4728
1923.4	4641
1923.6	4530
1923.8	4478
1924	4315
1924.2	4206
1924.4	4110
1924.6	4101
1924.8	3996
1925	3912
1925.2	3927
1925.4	3832
1925.6	3637
1925.8	3782
1926	3826
1926.2	3847
1926.4	3863
1926.6	3809
1926.8	3962
1927	4094
1927.2	4100
1927.4	4194
1927.6	4267
1927.8	4359
1928	4568
1928.2	4550
1928.4	4593
1928.6	4569
1928.8	4479
1929	4557
1929.2	4585
1929.4	4495
1929.6	4557
1929.8	4524
1930	4493
1930.2	4657
1930.4	4577
1930.6	4664
1930.8	4583
1931	4605
1931.2	4655
1931.4	4702
1931.6	4689
1931.8	4868
1932	4855
1932.2	4928
1932.4	5016
1932.6	4900
1932.8	4888
1933	4913
1933.2	4825
1933.4	4660
1933.6	4701
1933.8	4595
1934	4543
1934.2	4322
1934.4	4277
1934.6	4277
1934.8	4262
1935	4108
1935.2	4057
1935.4	3889
1935.6	3937
1935.8	3908
1936	3768
1936.2	3739
1936.4	3680
1936.6	3624
1936.8	3792
1937	3704
1937.2	3784
1937.4	3790
1937.6	3604
1937.8	3599
1938	3605
1938.2	3514
1938.4	3523
1938.6	3383
1938.8	3268
1939	3288
1939.2	3225
1939.4	3182
1939.6	3133
1939.8	3011
1940	3034
1940.2	3020
1940.4	2858
1940.6	2904
1940.8	2760
1941	2679
1941.2	2688
1941.4	2626
1941.6	2640
1941.8	2649
1942	2560
1942.2	2549
1942.4	2572
1942.6	2513
1942.8	2580
1943	2445
1943.2	2285
1943.4	2354
1943.6	2245
1943.8	2193
1944	2136
1944.2	1947
1944.4	1928
1944.6	1939
1944.8	1795
1945	1800
1945.2	1784
1945.4	1691
1945.6	1715
1945.8	1639
1946	1644
1946.2	1647
1946.4	1486
1946.6	1437
1946.8	1487
1947	1364
1947.2	1406
1947.4	1362
1947.6	1304
1947.8	1383
1948	1347
1948.2	1415
1948.4	1407
1948.6	1342
1948.8	1373
1949	1413
1949.2	1311
1949.4	1416
1949.6	1361
1949.8	1270
1950	1343
1950.2	1338
1950.4	1268
1950.6	1378
1950.8	1357
1951	1394
1951.2	1376
1951.4	1293
1951.6	1280
1951.8	1270
1952	1161
1952.2	1345
1952.4	1260
1952.6	1167
1952.8	1245
1953	1144
1953.2	1147
1953.4	1227
1953.6	1137
1953.8	1106
1954	1127
1954.2	1035
1954.4	1066
1954.6	1061
1954.8	958
1955	1056
1955.2	1041
1955.4	969
1955.6	1074
1955.8	1018
1956	1041
1956.2	1047
1956.4	919
1956.6	1019
1956.8	937
1957	836
1957.2	872
1957.4	887
1957.6	880
1957.8	885
1958	822
1958.2	916
1958.4	939
1958.6	832
1958.8	848
1959	980
1959.2	973
1959.4	945
1959.6	932
1959.8	912
1960	1022
1960.2	999
1960.4	1007
1960.6	941
1960.8	972
1961	1046
1961.2	1064
1961.4	937
1961.6	1057
1961.8	963
1962	912
1962.2	983
1962.4	897
1962.6	831
1962.8	852
1963	804
1963.2	794
1963.4	852
1963.6	898
1963.8	901
1964	810
1964.2	853
1964.4	968
1964.6	861
1964.8	897
1965	950
1965.2	798
1965.4	852
1965.6	877
1965.8	857
1966	845
1966.2	792
1966.4	792
1966.6	914
1966.8	873
1967	929
1967.2	1004
1967.4	902
1967.6	1009
1967.8	979
1968	930
1968.2	951
1968.4	903
1968.6	916
1968.8	918
1969	853
1969.2	921
1969.4	927
1969.6	965
1969.8	965
1970	1068
1970.2	1014
1970.4	999
1970.6	969
1970.8	913
1971	989
1971.2	931
1971.4	941
1971.6	936
1971.8	777
1972	833
1972.2	891
1972.4	760
1972.6	823
1972.8	770
1973	785
1973.2	836
1973.4	831
1973.6	844
1973.8	855
1974	771
1974.2	855
1974.4	919
1974.6	833
1974.8	952
1975	963
1975.2	861
1975.4	955
1975.6	956
1975.8	869
1976	826
1976.2	786
1976.4	819
1976.6	860
1976.8	719
1977	696
1977.2	709
1977.4	714
1977.6	853
1977.8	783
1978	785
1978.2	910
1978.4	854
1978.6	799
1978.8	839
1979	834
1979.2	837
1979.4	766
1979.6	694
1979.8	757
1980	792
1980.2	661
1980.4	694
1980.6	652
1980.8	627
1981	771
1981.2	647
1981.4	600
1981.6	585
1981.8	553
1982	606
1982.2	613
1982.4	598
1982.6	654
1982.8	619
1983	629
1983.2	692
1983.4	695
1983.6	733
1983.8	683
1984	570
1984.2	643
1984.4	663
1984.6	563
1984.8	526
1985	548
1985.2	496
1985.4	521
1985.6	412
1985.8	460
1986	475
1986.2	443
1986.4	502
1986.6	543
1986.8	543
1987	613
1987.2	508
1987.4	459
1987.6	583
1987.8	516
1988	531
1988.2	519
1988.4	417
1988.6	376
1988.8	391
1989	364
1989.2	384
1989.4	307
1989.6	327
1989.8	429
1990	362
1990.2	407
1990.4	410
1990.6	370
1990.8	358
1991	435
1991.2	381
1991.4	443
1991.6	383
1991.8	352
1992	433
1992.2	342
1992.4	449
1992.6	377
1992.8	352
1993	385
1993.2	345
1993.4	304
1993.6	378
1993.8	307
1994	336
1994.2	346
1994.4	376
1994.6	379
1994.8	382
1995	276
1995.2	323
1995.4	372
1995.6	306
1995.8	341
1996	328
1996.2	292
1996.4	344
1996.6	336
1996.8	305
1997	406
1997.2	369
1997.4	424
1997.6	526
1997.8	486
1998	400
1998.2	429
1998.4	410
1998.6	353
1998.8	331
1999	336
1999.2	324
1999.4	265
1999.6	293
1999.8	389
2000	359
2000.2	392
2000.4	375
2000.6	360
2000.8	439
2001	519
2001.2	447
2001.4	465
2001.6	435
2001.8	465
2002	508
2002.2	389
2002.4	468
2002.6	436
2002.8	352
2003	459
2003.2	464
2003.4	487
2003.6	484
2003.8	442
2004	423
2004.2	545
2004.4	550
2004.6	555
2004.8	590
2005	628
2005.2	676
2005.4	686
2005.6	654
2005.8	694
2006	666
2006.2	682
2006.4	735
2006.6	700
2006.8	607
2007	670
2007.2	575
2007.4	618
2007.6	613
2007.8	671
2008	681
2008.2	659
2008.4	644
2008.6	765
2008.8	760
2009	785
2009.2	806
2009.4	813
2009.6	917
2009.8	913
2010	877
2010.2	903
2010.4	959
2010.6	908
2010.8	919
2011	1054
2011.2	1000
2011.4	1077
2011.6	1108
2011.8	1150
2012	1232
2012.2	1313
2012.4	1360
2012.6	1344
2012.8	1347
2013	1446
2013.2	1567
2013.4	1486
2013.6	1589
2013.8	1565
2014	1597
2014.2	1679
2014.4	1571
2014.6	1653
2014.8	1582
2015	1685
2015.2	1656
2015.4	1582
2015.6	1564
2015.8	1643
2016	1483
2016.2	1457
2016.4	1481
2016.6	1481
2016.8	1434
2017	1401
2017.2	1430
2017.4	1500
2017.6	1414
2017.8	1386
2018	1303
2018.2	1329
2018.4	1257
2018.6	1252
2018.8	1198
2019	1278
2019.2	1226
2019.4	1162
2019.6	1124
2019.8	1098
2020	1140
2020.2	1160
2020.4	1127
2020.6	1127
2020.8	1125
2021	1112
2021.2	1082
2021.4	1090
2021.6	1023
2021.8	1059
2022	1052
2022.2	1042
2022.4	1029
2022.6	996
2022.8	1001
2023	976
2023.2	1030
2023.4	982
2023.6	1069
2023.8	985
2024	1041
2024.2	1013
2024.4	985
2024.6	1021
2024.8	963
2025	953
2025.2	1032
2025.4	917
2025.6	938
2025.8	959
2026	893
2026.2	850
2026.4	926
2026.6	876
2026.8	835
2027	861
2027.2	841
2027.4	889
2027.6	887
2027.8	945
2028	984
2028.2	882
2028.4	946
2028.6	1007
2028.8	939
2029	959
2029.2	1000
2029.4	993
2029.6	955
2029.8	927
2030	899
2030.2	909
2030.4	834
2030.6	915
2030.8	854
2031	849
2031.2	893
2031.4	956
2031.6	923
2031.8	1003
2032	1087
2032.2	1064
2032.4	1087
2032.6	1080
2032.8	1116
2033	1127
2033.2	1158
2033.4	1042
2033.6	1135
2033.8	1094
2034	1033
2034.2	1069
2034.4	1036
2034.6	1100
2034.8	1018
2035	1031
2035.2	1072
2035.4	983
2035.6	996
2035.8	1093
2036	1022
2036.2	1107
2036.4	1125
2036.6	1174
2036.8	1225
2037	1118
2037.2	1197
2037.4	1236
2037.6	1141
2037.8	1226
2038	1242
2038.2	1155
2038.4	1199
2038.6	1147
2038.8	1053
2039	1132
2039.2	1074
2039.4	1007
2039.6	1051
2039.8	1008
2040	1064
2040.2	1036
2040.4	980
2040.6	1006
2040.8	1050
2041	1009
2041.2	1076
2041.4	1081
2041.6	1076
2041.8	1127
2042	1110
2042.2	1130
2042.4	1136
2042.6	1026
2042.8	1034
2043	1031
2043.2	1106
2043.4	1085
2043.6	996
2043.8	1001
2044	1022
2044.2	936
2044.4	1051
2044.6	926
2044.8	893
2045	871
2045.2	929
2045.4	952
2045.6	891
2045.8	914
2046	907
2046.2	994
2046.4	1004
2046.6	1040
2046.8	1043
2047	999
2047.2	997
2047.4	1028
2047.6	947
2047.8	952
2048	881
2048.2	914
2048.4	846
2048.6	851
2048.8	841
2049	799
2049.2	786
2049.4	829
2049.6	933
2049.8	883
2050	1015
2050.2	903
2050.4	959
2050.6	970
2050.8	934
2051	947
2051.2	894
2051.4	887
2051.6	824
2051.8	842
2052	850
2052.2	835
2052.4	784
2052.6	714
2052.8	962
2053	921
2053.2	939
2053.4	848
2053.6	849
2053.8	932
2054	1004
2054.2	973
2054.4	961
2054.6	974
2054.8	903
2055	977
2055.2	1043
2055.4	977
2055.6	1028
2055.8	977
2056	940
2056.2	1080
2056.4	1009
2056.6	955
2056.8	983
2057	918
2057.2	1014
2057.4	964
2057.6	966
2057.8	1035
2058	967
2058.2	995
2058.4	988
2058.6	942
2058.8	940
2059	1047
2059.2	897
2059.4	1027
2059.6	1106
2059.8	1083
2060	1140
2060.2	1091
2060.4	1133
2060.6	1218
2060.8	1189
2061	1202
2061.2	1177
2061.4	1198
2061.6	1237
2061.8	1237
2062	1193
2062.2	1229
2062.4	1194
2062.6	1217
2062.8	1263
2063	1217
2063.2	1228
2063.4	1267
2063.6	1226
2063.8	1290
2064	1329
2064.2	1368
2064.4	1428
2064.6	1257
2064.8	1283
2065	1346
2065.2	1341
2065.4	1370
2065.6	1264
2065.8	1207
2066	1236
2066.2	1339
2066.4	1190
2066.6	1234
2066.8	1242
2067	1206
2067.2	1245
2067.4	1294
2067.6	1237
2067.8	1328
2068	1287
2068.2	1315
2068.4	1336
2068.6	1290
2068.8	1267
2069	1246
2069.2	1216
2069.4	1231
2069.6	1193
2069.8	1170
2070	1209
2070.2	1139
2070.4	1163
2070.6	1274
2070.8	1209
2071	1243
2071.2	1202
2071.4	1223
2071.6	1360
2071.8	1282
2072	1254
2072.2	1285
2072.4	1255
2072.6	1221
2072.8	1340
2073	1403
2073.2	1387
2073.4	1377
2073.6	1398
2073.8	1552
2074	1490
2074.2	1566
2074.4	1637
2074.6	1650
2074.8	1727
2075	1788
2075.2	1651
2075.4	1810
2075.6	1839
2075.8	1778
2076	1853
2076.2	1853
2076.4	1789
2076.6	1885
2076.8	1891
2077	1894
2077.2	1961
2077.4	1950
2077.6	1969
2077.8	1908
2078	1887
2078.2	1970
2078.4	2007
2078.6	1965
2078.8	1951
2079	1858
2079.2	1866
2079.4	1896
2079.6	1787
2079.8	1880
2080	1788
2080.2	1711
2080.4	1706
2080.6	1709
2080.8	1609
2081	1751
2081.2	1533
2081.4	1445
2081.6	1599
2081.8	1552
2082	1573
2082.2	1568
2082.4	1589
2082.6	1629
2082.8	1735
2083	1756
2083.2	1796
2083.4	1754
2083.6	1727
2083.8	1828
2084	1665
2084.2	1728
2084.4	1726
2084.6	1665
2084.8	1639
2085	1671
2085.2	1748
2085.4	1790
2085.6	1695
2085.8	1730
2086	1822
2086.2	1847
2086.4	1903
2086.6	1924
2086.8	1895
2087	2021
2087.2	2013
2087.4	1965
2087.6	2011
2087.8	2014
2088	1968
2088.2	2009
2088.4	1942
2088.6	1918
2088.8	1980
2089	1852
2089.2	1889
2089.4	1860
2089.6	1834
2089.8	1818
2090	1802
2090.2	1797
2090.4	1869
2090.6	1808
2090.8	1785
2091	1743
2091.2	1748
2091.4	1788
2091.6	1801
2091.8	1778
2092	1836
2092.2	1773
2092.4	1678
2092.6	1778
2092.8	1699
2093	1702
2093.2	1763
2093.4	1632
2093.6	1684
2093.8	1727
2094	1645
2094.2	1719
2094.4	1672
2094.6	1680
2094.8	1704
2095	1762
2095.2	1747
2095.4	1794
2095.6	1789
2095.8	1819
2096	1829
2096.2	1814
2096.4	1910
2096.6	1875
2096.8	1854
2097	1950
2097.2	1964
2097.4	1969
2097.6	2063
2097.8	1908
2098	1986
2098.2	2010
2098.4	2016
2098.6	1971
2098.8	1923
2099	1899
2099.2	1928
2099.4	1881
2099.6	1836
2099.8	1860
2100	1743
2100.2	1717
2100.4	1704
2100.6	1736
2100.8	1699
2101	1668
2101.2	1650
2101.4	1605
2101.6	1684
2101.8	1585
2102	1606
2102.2	1452
2102.4	1366
2102.6	1400
2102.8	1240
2103	1307
2103.2	1228
2103.4	1108
2103.6	1121
2103.8	1121
2104	1108
2104.2	1126
2104.4	1068
2104.6	1050
2104.8	1124
2105	1053
2105.2	1074
2105.4	1000
2105.6	982
2105.8	1008
2106	988
2106.2	940
2106.4	864
2106.6	849
2106.8	812
2107	827
2107.2	795
2107.4	868
2107.6	797
2107.8	762
2108	853
2108.2	861
2108.4	791
2108.6	844
2108.8	763
2109	681
2109.2	796
2109.4	726
2109.6	752
2109.8	764
2110	625
2110.2	722
2110.4	715
2110.6	673
2110.8	773
2111	715
2111.2	698
2111.4	768
2111.6	694
2111.8	759
2112	834
2112.2	687
2112.4	654
2112.6	702
2112.8	675
2113	818
2113.2	695
2113.4	643
2113.6	748
2113.8	771
2114	867
2114.2	869
2114.4	839
2114.6	915
2114.8	1009
2115	850
2115.2	1002
2115.4	1010
2115.6	934
2115.8	1089
2116	997
2116.2	1005
2116.4	1011
2116.6	975
2116.8	925
2117	976
2117.2	1001
2117.4	1111
2117.6	951
2117.8	936
2118	1048
2118.2	977
2118.4	1025
2118.6	1086
2118.8	960
2119	970
2119.2	1026
2119.4	935
2119.6	1006
2119.8	958
2120	908
2120.2	976
2120.4	994
2120.6	974
2120.8	1038
2121	964
2121.2	982
2121.4	947
2121.6	836
2121.8	834
2122	791
2122.2	741
2122.4	751
2122.6	737
2122.8	689
2123	707
2123.2	645
2123.4	660
2123.6	625
2123.8	568
2124	653
2124.2	621
2124.4	584
2124.6	661
2124.8	609
2125	602
2125.2	637
2125.4	577
2125.6	501
2125.8	605
2126	541
2126.2	573
2126.4	541
2126.6	521
2126.8	569
2127	581
2127.2	549
2127.4	621
2127.6	545
2127.8	560
2128	652
2128.2	533
2128.4	573
2128.6	653
2128.8	487
2129	521
2129.2	546
2129.4	608
2129.6	586
2129.8	589
2130	532
2130.2	597
2130.4	575
2130.6	562
2130.8	578
2131	466
2131.2	452
2131.4	511
2131.6	356
2131.8	472
2132	421
2132.2	433
2132.4	389
2132.6	409
2132.8	431
2133	510
2133.2	409
2133.4	466
2133.6	511
2133.8	462
2134	568
2134.2	499
2134.4	472
2134.6	576
2134.8	522
2135	431
2135.2	404
2135.4	360
2135.6	299
2135.8	375
2136	334
2136.2	363
2136.4	317
2136.6	297
2136.8	329
2137	298
2137.2	301
2137.4	347
2137.6	203
2137.8	225
2138	296
2138.2	240
2138.4	197
2138.6	163
2138.8	202
2139	268
2139.2	258
2139.4	234
2139.6	278
2139.8	237
2140	223
2140.2	311
2140.4	250
2140.6	262
2140.8	321
2141	219
2141.2	153
2141.4	236
2141.6	195
2141.8	227
2142	176
2142.2	213
2142.4	286
2142.6	272
2142.8	360
2143	333
2143.2	314
2143.4	343
2143.6	410
2143.8	326
2144	346
2144.2	368
2144.4	320
2144.6	352
2144.8	249
2145	242
2145.2	301
2145.4	238
2145.6	216
2145.8	253
2146	233
2146.2	204
2146.4	146
2146.6	185
2146.8	298
2147	310
2147.2	227
2147.4	252
2147.6	155
2147.8	233
2148	269
2148.2	192
2148.4	236
2148.6	175
2148.8	197
2149	270
2149.2	232
2149.4	234
2149.6	303
2149.8	242
2150	298
2150.2	293
2150.4	233
2150.6	192
2150.8	189
2151	197
2151.2	231
2151.4	195
2151.6	144
2151.8	229
2152	161
2152.2	242
2152.4	259
2152.6	286
2152.8	289
2153	255
2153.2	311
2153.4	328
2153.6	382
2153.8	346
2154	348
2154.2	212
2154.4	283
2154.6	171
2154.8	225
2155	208
2155.2	145
2155.4	126
2155.6	114
2155.8	158
2156	97
2156.2	100
2156.4	81
2156.6	129
2156.8	139
2157	132
2157.2	120
2157.4	171
2157.6	104
2157.8	123
2158	162
2158.2	112
2158.4	165
2158.6	61
2158.8	175
2159	200
2159.2	108
2159.4	215
2159.6	234
2159.8	188
2160	264
2160.2	279
2160.4	172
2160.6	242
2160.8	216
2161	182
2161.2	221
2161.4	236
2161.6	290
2161.8	212
2162	229
2162.2	371
2162.4	247
2162.6	315
2162.8	306
2163	276
2163.2	325
2163.4	353
2163.6	255
2163.8	202
2164	248
2164.2	180
2164.4	168
2164.6	118
2164.8	157
2165	104
2165.2	106
2165.4	10
2165.6	82
2165.8	131
2166	105
2166.2	187
2166.4	81
2166.6	149
2166.8	195
2167	188
2167.2	157
2167.4	171
2167.6	82
2167.8	140
2168	80
2168.2	92
2168.4	114
2168.6	61
2168.8	127
2169	156
2169.2	26
2169.4	164
2169.6	198
2169.8	89
2170	116
2170.2	145
2170.4	160
2170.6	116
2170.8	83
2171	102
2171.2	173
2171.4	52
2171.6	88
2171.8	108
2172	103
2172.2	193
2172.4	191
2172.6	186
2172.8	230
2173	196
2173.2	141
2173.4	179
2173.6	204
2173.8	139
2174	195
2174.2	88
2174.4	127
2174.6	135
2174.8	128
2175	196
2175.2	94
2175.4	150
2175.6	177
2175.8	177
2176	201
2176.2	240
2176.4	146
2176.6	168
2176.8	226
2177	249
2177.2	212
2177.4	176
2177.6	135
2177.8	196
2178	174
2178.2	196
2178.4	226
2178.6	93
2178.8	131
2179	182
2179.2	156
2179.4	178
2179.6	178
2179.8	166
2180	234
2180.2	213
2180.4	223
2180.6	189
2180.8	131
2181	216
2181.2	168
2181.4	185
2181.6	275
2181.8	217
2182	197
2182.2	334
2182.4	268
2182.6	268
2182.8	191
2183	203
2183.2	206
2183.4	238
2183.6	119
2183.8	134
2184	88
2184.2	71
2184.4	113
2184.6	79
2184.8	41
2185	111
2185.2	31
2185.4	75
2185.6	82
2185.8	80
2186	230
2186.2	134
2186.4	173
2186.6	197
2186.8	120
2187	180
2187.2	297
2187.4	195
2187.6	164
2187.8	208
2188	138
2188.2	228
2188.4	143
2188.6	88
2188.8	151
2189	173
2189.2	166
2189.4	161
2189.6	147
2189.8	135
2190	174
2190.2	171
2190.4	278
2190.6	194
2190.8	78
2191	184
2191.2	221
2191.4	214
2191.6	241
2191.8	158
2192	200
2192.2	256
2192.4	251
2192.6	210
2192.8	205
2193	126
2193.2	223
2193.4	145
2193.6	194
2193.8	231
2194	81
2194.2	88
2194.4	200
2194.6	142
2194.8	127
2195	183
2195.2	130
2195.4	186
2195.6	210
2195.8	274
2196	191
2196.2	192
2196.4	216
2196.6	199
2196.8	187
2197	239
2197.2	236
2197.4	103
2197.6	166
2197.8	72
2198	87
2198.2	162
2198.4	78
2198.6	32
2198.8	32
2199	71
2199.2	69
2199.4	88
2199.6	60
2199.8	142
2200	310
