  11102  5  1 HOYSAG.01  CAITHI GA   .633 H PS 101593 00.00   1        
  PROGRAM    EHEAD   VERSION 01.01 HE-NE LASER                         
  USER PLC DATE & TIME  1995  4  4 00.00 00.00     9.990    295K U     
 EC1 Ho  50     0     0 Y3Sc2Al3O12     1.750300 - 2.199500 .00010     
 SOURCE POLARIZATION IS HORIZONTAL, SLIT WIDTH IS 2000 MICRONS         
  FORMAT(1X,G15.8)                                                     
  This spectra is part of Database LASERS
 Database LASERS was created by Pat Cross working 
 at NASA Langley Research Center, Internal Operations Group,
 Aerospace Electronics Systems Division, Remote Sensing 
 Technology Branch. phone:(757)864-1633   fax:(757)864-7894 
     e-mail p.l.cross@larc.nasa.gov 
     homepage http://aesd.larc.nasa.gov/laser/dbmain.htm
  EOH                                                                  
  4493.         
   .00000000    
   .00000000    
   .00000000    
   .12865000E-26
   .70529000E-27
   .13056000E-26
   .12640000E-26
   .16291000E-26
   .49060000E-27
   .92579000E-27
   .13596000E-26
   .31143000E-26
   .33754000E-26
   .29202000E-26
   .19719000E-26
   .11412000E-26
   .00000000    
   .00000000    
   .00000000    
   .00000000    
   .00000000    
   .00000000    
   .00000000    
   .00000000    
   .00000000    
   .00000000    
   .00000000    
   .00000000    
   .00000000    
   .00000000    
   .00000000    
   .00000000    
   .00000000    
   .00000000    
   .00000000    
   .00000000    
   .00000000    
   .00000000    
   .00000000    
   .00000000    
   .00000000    
   .00000000    
   .87346000E-27
   .14646000E-26
   .25221000E-26
   .33755000E-26
   .26250000E-26
   .27048000E-27
   .00000000    
   .00000000    
   .00000000    
   .00000000    
   .00000000    
   .00000000    
   .00000000    
   .00000000    
   .00000000    
   .00000000    
   .00000000    
   .00000000    
   .00000000    
   .16828000E-26
   .30903000E-26
   .12964000E-26
   .00000000    
   .00000000    
   .00000000    
   .00000000    
   .00000000    
   .00000000    
   .00000000    
   .00000000    
   .00000000    
   .00000000    
   .00000000    
   .00000000    
   .00000000    
   .00000000    
   .00000000    
   .00000000    
   .00000000    
   .00000000    
   .00000000    
   .00000000    
   .00000000    
   .00000000    
   .00000000    
   .00000000    
   .00000000    
   .00000000    
   .00000000    
   .55933000E-29
   .22268000E-26
   .42298000E-26
   .33953000E-26
   .00000000    
   .00000000    
   .00000000    
   .00000000    
   .00000000    
   .00000000    
   .00000000    
   .00000000    
   .00000000    
   .00000000    
   .00000000    
   .00000000    
   .00000000    
   .00000000    
   .00000000    
   .00000000    
   .00000000    
   .00000000    
   .00000000    
   .00000000    
   .00000000    
   .00000000    
   .00000000    
   .00000000    
   .00000000    
   .00000000    
   .00000000    
   .00000000    
   .55535000E-27
   .00000000    
   .00000000    
   .00000000    
   .00000000    
   .00000000    
   .00000000    
   .00000000    
   .00000000    
   .00000000    
   .00000000    
   .00000000    
   .00000000    
   .00000000    
   .00000000    
   .11820000E-26
   .19112000E-26
   .26489000E-26
   .97429000E-27
   .00000000    
   .00000000    
   .00000000    
   .00000000    
   .00000000    
   .00000000    
   .00000000    
   .00000000    
   .00000000    
   .00000000    
   .00000000    
   .00000000    
   .00000000    
   .00000000    
   .00000000    
   .00000000    
   .00000000    
   .00000000    
   .00000000    
   .00000000    
   .00000000    
   .67021000E-27
   .11108000E-26
   .00000000    
   .00000000    
   .00000000    
   .00000000    
   .00000000    
   .00000000    
   .00000000    
   .00000000    
   .00000000    
   .00000000    
   .00000000    
   .00000000    
   .00000000    
   .00000000    
   .00000000    
   .00000000    
   .00000000    
   .00000000    
   .00000000    
   .60535000E-27
   .89834000E-27
   .00000000    
   .00000000    
   .00000000    
   .00000000    
   .14452000E-27
   .55050000E-27
   .55676000E-28
   .23486000E-27
   .00000000    
   .00000000    
   .00000000    
   .00000000    
   .99237000E-27
   .18546000E-26
   .28079000E-26
   .40470000E-26
   .59275000E-26
   .47212000E-26
   .29375000E-26
   .88594000E-27
   .00000000    
   .00000000    
   .00000000    
   .00000000    
   .00000000    
   .00000000    
   .64320000E-28
   .20650000E-27
   .85300000E-30
   .10446000E-27
   .00000000    
   .00000000    
   .00000000    
   .00000000    
   .00000000    
   .00000000    
   .00000000    
   .00000000    
   .00000000    
   .00000000    
   .00000000    
   .00000000    
   .00000000    
   .00000000    
   .00000000    
   .00000000    
   .00000000    
   .00000000    
   .00000000    
   .00000000    
   .00000000    
   .00000000    
   .00000000    
   .00000000    
   .00000000    
   .00000000    
   .00000000    
   .00000000    
   .00000000    
   .66772000E-27
   .17058000E-26
   .91875000E-27
   .00000000    
   .00000000    
   .00000000    
   .00000000    
   .00000000    
   .00000000    
   .00000000    
   .00000000    
   .00000000    
   .00000000    
   .00000000    
   .00000000    
   .00000000    
   .00000000    
   .00000000    
   .00000000    
   .00000000    
   .00000000    
   .00000000    
   .00000000    
   .00000000    
   .39647000E-27
   .78897000E-27
   .00000000    
   .00000000    
   .00000000    
   .00000000    
   .00000000    
   .00000000    
   .00000000    
   .00000000    
   .00000000    
   .00000000    
   .56927000E-27
   .24042000E-26
   .43655000E-26
   .63947000E-26
   .75988000E-26
   .83872000E-26
   .90213000E-26
   .52714000E-26
   .12141000E-26
   .00000000    
   .00000000    
   .00000000    
   .00000000    
   .28515000E-26
   .41703000E-26
   .45184000E-26
   .46583000E-26
   .36183000E-26
   .41387000E-26
   .38219000E-26
   .32328000E-26
   .31636000E-26
   .37022000E-26
   .13516000E-26
   .00000000    
   .00000000    
   .00000000    
   .00000000    
   .00000000    
   .00000000    
   .00000000    
   .00000000    
   .00000000    
   .00000000    
   .16569000E-26
   .36645000E-26
   .30311000E-26
   .92177000E-27
   .46332000E-27
   .00000000    
   .00000000    
   .00000000    
   .00000000    
   .00000000    
   .00000000    
   .00000000    
   .00000000    
   .00000000    
   .00000000    
   .00000000    
   .00000000    
   .35930000E-27
   .00000000    
   .00000000    
   .00000000    
   .00000000    
   .00000000    
   .25804000E-26
   .28358000E-26
   .28892000E-26
   .39284000E-26
   .73699000E-27
   .00000000    
   .00000000    
   .00000000    
   .00000000    
   .00000000    
   .00000000    
   .00000000    
   .00000000    
   .00000000    
   .11305000E-27
   .19978000E-26
   .19728000E-26
   .27798000E-26
   .41172000E-26
   .35107000E-26
   .35790000E-27
   .00000000    
   .00000000    
   .00000000    
   .00000000    
   .00000000    
   .95814000E-27
   .14905000E-26
   .25663000E-26
   .13045000E-26
   .00000000    
   .00000000    
   .00000000    
   .00000000    
   .00000000    
   .00000000    
   .00000000    
   .00000000    
   .00000000    
   .00000000    
   .00000000    
   .00000000    
   .59903000E-27
   .25858000E-26
   .40426000E-26
   .30912000E-26
   .15657000E-26
   .36245000E-27
   .00000000    
   .00000000    
   .00000000    
   .12657000E-27
   .00000000    
   .13467000E-26
   .34150000E-26
   .18585000E-26
   .00000000    
   .00000000    
   .00000000    
   .00000000    
   .00000000    
   .13779000E-26
   .30196000E-26
   .33790000E-26
   .81699000E-27
   .70093000E-27
   .00000000    
   .00000000    
   .00000000    
   .00000000    
   .00000000    
   .00000000    
   .00000000    
   .00000000    
   .00000000    
   .00000000    
   .00000000    
   .00000000    
   .00000000    
   .00000000    
   .00000000    
   .00000000    
   .00000000    
   .00000000    
   .00000000    
   .00000000    
   .29998000E-27
   .74554000E-27
   .20679000E-27
   .26265000E-27
   .00000000    
   .00000000    
   .00000000    
   .00000000    
   .00000000    
   .00000000    
   .00000000    
   .00000000    
   .00000000    
   .00000000    
   .00000000    
   .00000000    
   .00000000    
   .00000000    
   .00000000    
   .00000000    
   .00000000    
   .10437000E-26
   .74959000E-27
   .78920000E-27
   .18465000E-27
   .00000000    
   .00000000    
   .00000000    
   .00000000    
   .00000000    
   .90329000E-27
   .23494000E-26
   .24285000E-26
   .22153000E-26
   .23256000E-26
   .35193000E-26
   .24444000E-26
   .10944000E-26
   .00000000    
   .00000000    
   .00000000    
   .00000000    
   .00000000    
   .00000000    
   .00000000    
   .00000000    
   .00000000    
   .00000000    
   .00000000    
   .00000000    
   .00000000    
   .00000000    
   .00000000    
   .32926000E-27
   .26230000E-26
   .14036000E-26
   .18495000E-26
   .18630000E-26
   .20835000E-26
   .24137000E-26
   .45217000E-26
   .54050000E-26
   .57396000E-26
   .53562000E-26
   .40149000E-26
   .20315000E-26
   .50961000E-27
   .41850000E-27
   .27347000E-27
   .00000000    
   .00000000    
   .00000000    
   .00000000    
   .10357000E-26
   .14801000E-26
   .19663000E-26
   .00000000    
   .00000000    
   .00000000    
   .00000000    
   .00000000    
   .00000000    
   .00000000    
   .00000000    
   .00000000    
   .00000000    
   .00000000    
   .00000000    
   .00000000    
   .00000000    
   .00000000    
   .00000000    
   .00000000    
   .00000000    
   .00000000    
   .00000000    
   .00000000    
   .00000000    
   .00000000    
   .00000000    
   .00000000    
   .00000000    
   .00000000    
   .00000000    
   .00000000    
   .00000000    
   .48297000E-27
   .12958000E-26
   .16695000E-26
   .28903000E-26
   .32354000E-26
   .23004000E-26
   .19477000E-26
   .21647000E-26
   .20164000E-26
   .31475000E-26
   .31531000E-26
   .39015000E-26
   .15677000E-26
   .00000000    
   .00000000    
   .00000000    
   .11411000E-26
   .60733000E-26
   .75811000E-26
   .81634000E-26
   .61626000E-26
   .19651000E-26
   .00000000    
   .00000000    
   .00000000    
   .00000000    
   .00000000    
   .42821000E-26
   .45896000E-26
   .11961000E-26
   .00000000    
   .00000000    
   .00000000    
   .00000000    
   .00000000    
   .00000000    
   .00000000    
   .00000000    
   .00000000    
   .00000000    
   .00000000    
   .00000000    
   .16564000E-26
   .00000000    
   .00000000    
   .67094000E-28
   .29079000E-27
   .00000000    
   .33229000E-26
   .32249000E-26
   .15182000E-26
   .00000000    
   .00000000    
   .00000000    
   .00000000    
   .00000000    
   .11098000E-26
   .20472000E-26
   .94938000E-27
   .11033000E-26
   .68044000E-27
   .12396000E-27
   .10433000E-26
   .17644000E-26
   .17797000E-26
   .33151000E-26
   .44326000E-26
   .55653000E-26
   .54953000E-26
   .59980000E-26
   .53657000E-26
   .30281000E-26
   .24487000E-26
   .18604000E-26
   .15786000E-26
   .64498000E-27
   .21010000E-26
   .16512000E-27
   .69619000E-27
   .00000000    
   .00000000    
   .00000000    
   .00000000    
   .00000000    
   .17369000E-27
   .10336000E-26
   .47563000E-26
   .51766000E-26
   .29479000E-26
   .12858000E-26
   .36226000E-27
   .00000000    
   .23218000E-27
   .26985000E-26
   .24995000E-26
   .32473000E-26
   .26184000E-26
   .24993000E-26
   .19695000E-26
   .31372000E-26
   .16029000E-26
   .25962000E-26
   .39223000E-26
   .36021000E-26
   .39762000E-26
   .41073000E-26
   .00000000    
   .00000000    
   .00000000    
   .00000000    
   .00000000    
   .00000000    
   .00000000    
   .00000000    
   .00000000    
   .00000000    
   .00000000    
   .00000000    
   .00000000    
   .19634000E-26
   .30066000E-26
   .00000000    
   .00000000    
   .00000000    
   .00000000    
   .00000000    
   .00000000    
   .00000000    
   .97860000E-27
   .28824000E-26
   .10717000E-26
   .00000000    
   .00000000    
   .00000000    
   .00000000    
   .00000000    
   .00000000    
   .00000000    
   .10136000E-26
   .26601000E-27
   .00000000    
   .50383000E-27
   .00000000    
   .00000000    
   .00000000    
   .11035000E-26
   .15278000E-27
   .19465000E-26
   .30124000E-26
   .89382000E-27
   .35967000E-27
   .71731000E-27
   .87848000E-27
   .20866000E-26
   .12885000E-26
   .98469000E-27
   .14954000E-27
   .00000000    
   .00000000    
   .00000000    
   .00000000    
   .00000000    
   .00000000    
   .00000000    
   .00000000    
   .00000000    
   .00000000    
   .65963000E-27
   .89028000E-27
   .13290000E-26
   .00000000    
   .00000000    
   .00000000    
   .00000000    
   .00000000    
   .00000000    
   .00000000    
   .00000000    
   .00000000    
   .76334000E-27
   .00000000    
   .13919000E-27
   .00000000    
   .00000000    
   .00000000    
   .00000000    
   .00000000    
   .00000000    
   .00000000    
   .00000000    
   .00000000    
   .00000000    
   .00000000    
   .00000000    
   .00000000    
   .00000000    
   .00000000    
   .00000000    
   .00000000    
   .22556000E-27
   .14521000E-26
   .44477000E-27
   .82904000E-27
   .10055000E-26
   .43366000E-27
   .38726000E-27
   .83086000E-27
   .25143000E-27
   .00000000    
   .13803000E-26
   .23191000E-26
   .37330000E-26
   .43740000E-26
   .56752000E-26
   .47193000E-26
   .34895000E-26
   .29305000E-26
   .31544000E-26
   .25324000E-26
   .25237000E-26
   .43928000E-26
   .37147000E-26
   .22259000E-26
   .10342000E-26
   .00000000    
   .00000000    
   .00000000    
   .00000000    
   .00000000    
   .70807000E-28
   .18123000E-26
   .26271000E-26
   .30415000E-26
   .31877000E-26
   .29471000E-26
   .24535000E-26
   .34475000E-27
   .00000000    
   .00000000    
   .00000000    
   .00000000    
   .00000000    
   .10795000E-26
   .23843000E-26
   .36201000E-26
   .27885000E-26
   .39022000E-26
   .48515000E-26
   .50339000E-26
   .39596000E-26
   .51381000E-26
   .55253000E-26
   .34943000E-26
   .35808000E-26
   .49154000E-26
   .45832000E-26
   .19045000E-26
   .67315000E-27
   .11984000E-27
   .00000000    
   .00000000    
   .95364000E-28
   .20727000E-26
   .23539000E-26
   .00000000    
   .10349000E-26
   .22475000E-26
   .30849000E-26
   .32021000E-26
   .60245000E-26
   .75563000E-26
   .80484000E-26
   .79195000E-26
   .80981000E-26
   .91899000E-26
   .91401000E-26
   .95345000E-26
   .10621000E-25
   .12576000E-25
   .13343000E-25
   .14007000E-25
   .13412000E-25
   .10811000E-25
   .83428000E-26
   .61444000E-26
   .75939000E-26
   .10095000E-25
   .13093000E-25
   .13272000E-25
   .15402000E-25
   .13989000E-25
   .12546000E-25
   .13089000E-25
   .16896000E-25
   .17894000E-25
   .19205000E-25
   .19832000E-25
   .20300000E-25
   .17736000E-25
   .17416000E-25
   .18151000E-25
   .16462000E-25
   .16297000E-25
   .17515000E-25
   .16404000E-25
   .15413000E-25
   .15185000E-25
   .13884000E-25
   .12554000E-25
   .12738000E-25
   .12456000E-25
   .14398000E-25
   .17605000E-25
   .19695000E-25
   .21170000E-25
   .24212000E-25
   .24408000E-25
   .20777000E-25
   .20925000E-25
   .20950000E-25
   .19771000E-25
   .20358000E-25
   .22589000E-25
   .21079000E-25
   .19608000E-25
   .17535000E-25
   .17110000E-25
   .16393000E-25
   .17533000E-25
   .18222000E-25
   .18886000E-25
   .17372000E-25
   .18807000E-25
   .17607000E-25
   .17372000E-25
   .18493000E-25
   .21468000E-25
   .21544000E-25
   .23889000E-25
   .24088000E-25
   .22587000E-25
   .22186000E-25
   .22077000E-25
   .21606000E-25
   .23747000E-25
   .26104000E-25
   .25049000E-25
   .21872000E-25
   .20571000E-25
   .18049000E-25
   .17606000E-25
   .20107000E-25
   .24005000E-25
   .25284000E-25
   .25813000E-25
   .25683000E-25
   .22034000E-25
   .18308000E-25
   .17075000E-25
   .19123000E-25
   .17848000E-25
   .17907000E-25
   .19281000E-25
   .19279000E-25
   .16755000E-25
   .16944000E-25
   .19133000E-25
   .21396000E-25
   .20952000E-25
   .19413000E-25
   .17003000E-25
   .15879000E-25
   .14873000E-25
   .16560000E-25
   .17467000E-25
   .16593000E-25
   .13008000E-25
   .10587000E-25
   .92355000E-26
   .10194000E-25
   .11918000E-25
   .14029000E-25
   .11543000E-25
   .10470000E-25
   .10208000E-25
   .10881000E-25
   .11931000E-25
   .17262000E-25
   .19364000E-25
   .20153000E-25
   .22157000E-25
   .21768000E-25
   .20240000E-25
   .19010000E-25
   .17690000E-25
   .15594000E-25
   .14709000E-25
   .14420000E-25
   .14954000E-25
   .14529000E-25
   .16206000E-25
   .17173000E-25
   .17703000E-25
   .15070000E-25
   .15229000E-25
   .14276000E-25
   .14278000E-25
   .11056000E-25
   .11830000E-25
   .13941000E-25
   .14255000E-25
   .14877000E-25
   .18598000E-25
   .19383000E-25
   .17305000E-25
   .15547000E-25
   .13578000E-25
   .11072000E-25
   .12362000E-25
   .12328000E-25
   .13228000E-25
   .11161000E-25
   .11292000E-25
   .98877000E-26
   .12391000E-25
   .14290000E-25
   .17333000E-25
   .16332000E-25
   .14159000E-25
   .10126000E-25
   .61487000E-26
   .27658000E-26
   .26199000E-26
   .45621000E-26
   .63575000E-26
   .93077000E-26
   .11998000E-25
   .12044000E-25
   .13574000E-25
   .14899000E-25
   .14873000E-25
   .15575000E-25
   .18487000E-25
   .16517000E-25
   .14639000E-25
   .12794000E-25
   .13039000E-25
   .15494000E-25
   .18565000E-25
   .21967000E-25
   .22963000E-25
   .25510000E-25
   .22051000E-25
   .21913000E-25
   .22190000E-25
   .23785000E-25
   .21820000E-25
   .22531000E-25
   .22412000E-25
   .21517000E-25
   .20605000E-25
   .20953000E-25
   .19718000E-25
   .21699000E-25
   .22433000E-25
   .23951000E-25
   .25805000E-25
   .26049000E-25
   .23407000E-25
   .21067000E-25
   .18877000E-25
   .15500000E-25
   .18177000E-25
   .19758000E-25
   .21085000E-25
   .25742000E-25
   .30277000E-25
   .30927000E-25
   .30295000E-25
   .30698000E-25
   .28861000E-25
   .25741000E-25
   .24292000E-25
   .25303000E-25
   .25644000E-25
   .25984000E-25
   .27629000E-25
   .30776000E-25
   .31979000E-25
   .33963000E-25
   .35840000E-25
   .37774000E-25
   .36583000E-25
   .34288000E-25
   .30668000E-25
   .28481000E-25
   .26425000E-25
   .25102000E-25
   .26409000E-25
   .29442000E-25
   .30312000E-25
   .32424000E-25
   .33479000E-25
   .35191000E-25
   .37111000E-25
   .38508000E-25
   .37814000E-25
   .38923000E-25
   .39108000E-25
   .37751000E-25
   .36715000E-25
   .37692000E-25
   .39547000E-25
   .41434000E-25
   .43590000E-25
   .44032000E-25
   .43029000E-25
   .40330000E-25
   .37399000E-25
   .35213000E-25
   .37345000E-25
   .40559000E-25
   .41906000E-25
   .44380000E-25
   .45083000E-25
   .43525000E-25
   .42371000E-25
   .42879000E-25
   .41869000E-25
   .40706000E-25
   .41706000E-25
   .41152000E-25
   .41206000E-25
   .41892000E-25
   .44823000E-25
   .44832000E-25
   .46676000E-25
   .48366000E-25
   .49700000E-25
   .47679000E-25
   .46245000E-25
   .44677000E-25
   .43585000E-25
   .42450000E-25
   .45041000E-25
   .46601000E-25
   .48593000E-25
   .51762000E-25
   .54035000E-25
   .53682000E-25
   .56159000E-25
   .56285000E-25
   .55052000E-25
   .51835000E-25
   .51044000E-25
   .49207000E-25
   .48059000E-25
   .45918000E-25
   .46716000E-25
   .46995000E-25
   .45998000E-25
   .45180000E-25
   .48302000E-25
   .52324000E-25
   .55709000E-25
   .60244000E-25
   .64360000E-25
   .66582000E-25
   .64613000E-25
   .62151000E-25
   .61666000E-25
   .61635000E-25
   .61501000E-25
   .63957000E-25
   .68483000E-25
   .71497000E-25
   .75652000E-25
   .78280000E-25
   .83965000E-25
   .89187000E-25
   .90923000E-25
   .92037000E-25
   .95332000E-25
   .95424000E-25
   .95057000E-25
   .98930000E-25
   .10250000E-24
   .10597000E-24
   .10998000E-24
   .11384000E-24
   .11631000E-24
   .12068000E-24
   .12429000E-24
   .12772000E-24
   .13285000E-24
   .13842000E-24
   .14147000E-24
   .14406000E-24
   .14633000E-24
   .14715000E-24
   .14915000E-24
   .15213000E-24
   .15337000E-24
   .15536000E-24
   .15947000E-24
   .16282000E-24
   .16541000E-24
   .17028000E-24
   .17575000E-24
   .17947000E-24
   .18149000E-24
   .18566000E-24
   .18922000E-24
   .19319000E-24
   .19460000E-24
   .19697000E-24
   .19587000E-24
   .19663000E-24
   .19646000E-24
   .20053000E-24
   .20212000E-24
   .20560000E-24
   .20569000E-24
   .20394000E-24
   .19871000E-24
   .19531000E-24
   .19184000E-24
   .18960000E-24
   .18979000E-24
   .18996000E-24
   .18920000E-24
   .18779000E-24
   .18589000E-24
   .18315000E-24
   .17873000E-24
   .17571000E-24
   .17284000E-24
   .17115000E-24
   .16714000E-24
   .16530000E-24
   .16202000E-24
   .15721000E-24
   .15043000E-24
   .14682000E-24
   .14318000E-24
   .13917000E-24
   .13393000E-24
   .13226000E-24
   .12821000E-24
   .12407000E-24
   .12326000E-24
   .12666000E-24
   .12440000E-24
   .12366000E-24
   .12372000E-24
   .12314000E-24
   .12164000E-24
   .12057000E-24
   .11866000E-24
   .11470000E-24
   .10957000E-24
   .10309000E-24
   .10145000E-24
   .99979000E-25
   .10180000E-24
   .10302000E-24
   .10417000E-24
   .10177000E-24
   .99536000E-25
   .97126000E-25
   .93929000E-25
   .93028000E-25
   .90005000E-25
   .89243000E-25
   .87193000E-25
   .84237000E-25
   .81000000E-25
   .80928000E-25
   .81645000E-25
   .81564000E-25
   .83978000E-25
   .85963000E-25
   .89262000E-25
   .88583000E-25
   .88813000E-25
   .90471000E-25
   .90492000E-25
   .88244000E-25
   .87628000E-25
   .86462000E-25
   .85994000E-25
   .88354000E-25
   .92452000E-25
   .96339000E-25
   .99742000E-25
   .98874000E-25
   .97068000E-25
   .95316000E-25
   .95133000E-25
   .93332000E-25
   .94364000E-25
   .96688000E-25
   .10194000E-24
   .10419000E-24
   .10780000E-24
   .11048000E-24
   .11298000E-24
   .11150000E-24
   .11397000E-24
   .11718000E-24
   .12052000E-24
   .12315000E-24
   .12619000E-24
   .12718000E-24
   .12941000E-24
   .13300000E-24
   .13653000E-24
   .14027000E-24
   .14191000E-24
   .14368000E-24
   .14435000E-24
   .14416000E-24
   .14525000E-24
   .14782000E-24
   .14956000E-24
   .15042000E-24
   .15104000E-24
   .15246000E-24
   .15472000E-24
   .15667000E-24
   .16008000E-24
   .16377000E-24
   .16560000E-24
   .16791000E-24
   .17038000E-24
   .17247000E-24
   .17738000E-24
   .18182000E-24
   .18548000E-24
   .18897000E-24
   .19379000E-24
   .19506000E-24
   .19772000E-24
   .19885000E-24
   .20113000E-24
   .20321000E-24
   .20683000E-24
   .21188000E-24
   .21608000E-24
   .21850000E-24
   .21976000E-24
   .21824000E-24
   .21456000E-24
   .21490000E-24
   .21575000E-24
   .21546000E-24
   .21877000E-24
   .22079000E-24
   .21870000E-24
   .21898000E-24
   .21801000E-24
   .21552000E-24
   .21424000E-24
   .21589000E-24
   .21469000E-24
   .21584000E-24
   .21615000E-24
   .21700000E-24
   .21789000E-24
   .21625000E-24
   .21344000E-24
   .21374000E-24
   .21357000E-24
   .21016000E-24
   .20902000E-24
   .20872000E-24
   .20638000E-24
   .20399000E-24
   .20275000E-24
   .20282000E-24
   .20197000E-24
   .19822000E-24
   .19370000E-24
   .19258000E-24
   .19054000E-24
   .18935000E-24
   .18854000E-24
   .18823000E-24
   .18485000E-24
   .18155000E-24
   .17993000E-24
   .17798000E-24
   .17636000E-24
   .17355000E-24
   .17042000E-24
   .16517000E-24
   .16381000E-24
   .16194000E-24
   .16106000E-24
   .15995000E-24
   .16039000E-24
   .15677000E-24
   .15324000E-24
   .15006000E-24
   .15063000E-24
   .14848000E-24
   .14909000E-24
   .14982000E-24
   .15109000E-24
   .14958000E-24
   .14990000E-24
   .14857000E-24
   .14771000E-24
   .14447000E-24
   .14178000E-24
   .14101000E-24
   .13972000E-24
   .13840000E-24
   .14196000E-24
   .14389000E-24
   .14105000E-24
   .13984000E-24
   .13817000E-24
   .13482000E-24
   .13444000E-24
   .13531000E-24
   .13711000E-24
   .13874000E-24
   .13723000E-24
   .13420000E-24
   .13357000E-24
   .13489000E-24
   .13290000E-24
   .13275000E-24
   .13093000E-24
   .12853000E-24
   .12246000E-24
   .12144000E-24
   .12074000E-24
   .12157000E-24
   .12200000E-24
   .12363000E-24
   .12307000E-24
   .12237000E-24
   .12246000E-24
   .12236000E-24
   .12203000E-24
   .12118000E-24
   .12210000E-24
   .12085000E-24
   .11950000E-24
   .11829000E-24
   .11579000E-24
   .11150000E-24
   .10936000E-24
   .10850000E-24
   .10849000E-24
   .11191000E-24
   .11614000E-24
   .11855000E-24
   .11773000E-24
   .11635000E-24
   .11440000E-24
   .11218000E-24
   .11092000E-24
   .11280000E-24
   .11340000E-24
   .11367000E-24
   .11391000E-24
   .11433000E-24
   .11609000E-24
   .11782000E-24
   .11780000E-24
   .11809000E-24
   .11748000E-24
   .11400000E-24
   .11254000E-24
   .11372000E-24
   .11284000E-24
   .11313000E-24
   .11488000E-24
   .11537000E-24
   .11470000E-24
   .11363000E-24
   .11262000E-24
   .11297000E-24
   .11259000E-24
   .11301000E-24
   .11452000E-24
   .11496000E-24
   .11244000E-24
   .11122000E-24
   .10969000E-24
   .10952000E-24
   .10745000E-24
   .10818000E-24
   .10920000E-24
   .10812000E-24
   .10543000E-24
   .10661000E-24
   .10598000E-24
   .10396000E-24
   .10427000E-24
   .10484000E-24
   .10456000E-24
   .10521000E-24
   .10661000E-24
   .10504000E-24
   .10482000E-24
   .10326000E-24
   .10043000E-24
   .96267000E-25
   .93956000E-25
   .92381000E-25
   .92583000E-25
   .95890000E-25
   .97193000E-25
   .99992000E-25
   .10182000E-24
   .10257000E-24
   .10086000E-24
   .10388000E-24
   .10385000E-24
   .10157000E-24
   .10222000E-24
   .10318000E-24
   .10135000E-24
   .99900000E-25
   .99084000E-25
   .97034000E-25
   .93552000E-25
   .91123000E-25
   .90143000E-25
   .90466000E-25
   .89793000E-25
   .90226000E-25
   .92089000E-25
   .94780000E-25
   .97697000E-25
   .10046000E-24
   .10219000E-24
   .10240000E-24
   .10094000E-24
   .98535000E-25
   .94673000E-25
   .91302000E-25
   .88352000E-25
   .86866000E-25
   .85323000E-25
   .86221000E-25
   .87963000E-25
   .89696000E-25
   .88795000E-25
   .90798000E-25
   .89851000E-25
   .89187000E-25
   .90194000E-25
   .92295000E-25
   .92592000E-25
   .94498000E-25
   .96073000E-25
   .97856000E-25
   .10032000E-24
   .10368000E-24
   .10498000E-24
   .10434000E-24
   .10456000E-24
   .10451000E-24
   .10506000E-24
   .10734000E-24
   .11139000E-24
   .11389000E-24
   .11727000E-24
   .12029000E-24
   .12300000E-24
   .12384000E-24
   .12274000E-24
   .12250000E-24
   .11987000E-24
   .12069000E-24
   .12352000E-24
   .12496000E-24
   .12536000E-24
   .12732000E-24
   .12646000E-24
   .12616000E-24
   .12951000E-24
   .13276000E-24
   .13718000E-24
   .14099000E-24
   .14180000E-24
   .14067000E-24
   .14102000E-24
   .13856000E-24
   .13744000E-24
   .13731000E-24
   .13924000E-24
   .14032000E-24
   .14506000E-24
   .14901000E-24
   .15073000E-24
   .14965000E-24
   .15106000E-24
   .14982000E-24
   .14770000E-24
   .15096000E-24
   .15441000E-24
   .15526000E-24
   .15824000E-24
   .16207000E-24
   .16176000E-24
   .16385000E-24
   .16492000E-24
   .16681000E-24
   .16809000E-24
   .16973000E-24
   .17081000E-24
   .17166000E-24
   .17279000E-24
   .17715000E-24
   .18269000E-24
   .18914000E-24
   .19656000E-24
   .20123000E-24
   .20395000E-24
   .21087000E-24
   .21813000E-24
   .22621000E-24
   .23617000E-24
   .24832000E-24
   .25571000E-24
   .25965000E-24
   .26633000E-24
   .27338000E-24
   .28164000E-24
   .29200000E-24
   .30345000E-24
   .31479000E-24
   .32569000E-24
   .33271000E-24
   .33982000E-24
   .35007000E-24
   .35666000E-24
   .36326000E-24
   .37094000E-24
   .37700000E-24
   .38157000E-24
   .38921000E-24
   .39636000E-24
   .40437000E-24
   .41228000E-24
   .41951000E-24
   .42578000E-24
   .43149000E-24
   .43632000E-24
   .44072000E-24
   .44448000E-24
   .44608000E-24
   .44594000E-24
   .44526000E-24
   .44351000E-24
   .44146000E-24
   .43799000E-24
   .43516000E-24
   .43057000E-24
   .42818000E-24
   .42726000E-24
   .42641000E-24
   .42477000E-24
   .42273000E-24
   .42100000E-24
   .41679000E-24
   .41187000E-24
   .40453000E-24
   .39783000E-24
   .39029000E-24
   .38256000E-24
   .37772000E-24
   .37459000E-24
   .37015000E-24
   .36457000E-24
   .35945000E-24
   .35319000E-24
   .34858000E-24
   .34311000E-24
   .33630000E-24
   .33052000E-24
   .32321000E-24
   .31546000E-24
   .30747000E-24
   .30185000E-24
   .29630000E-24
   .29182000E-24
   .28595000E-24
   .28281000E-24
   .27777000E-24
   .26861000E-24
   .26422000E-24
   .25840000E-24
   .25259000E-24
   .24782000E-24
   .24640000E-24
   .24081000E-24
   .23827000E-24
   .23686000E-24
   .23439000E-24
   .23217000E-24
   .23162000E-24
   .22999000E-24
   .22766000E-24
   .22815000E-24
   .22978000E-24
   .23145000E-24
   .23218000E-24
   .23216000E-24
   .23371000E-24
   .23679000E-24
   .23701000E-24
   .24118000E-24
   .24674000E-24
   .25065000E-24
   .25433000E-24
   .26180000E-24
   .26744000E-24
   .27418000E-24
   .28155000E-24
   .28936000E-24
   .29863000E-24
   .30969000E-24
   .31979000E-24
   .33041000E-24
   .34067000E-24
   .34928000E-24
   .35750000E-24
   .36689000E-24
   .37735000E-24
   .38713000E-24
   .39805000E-24
   .40916000E-24
   .42021000E-24
   .43108000E-24
   .44245000E-24
   .45198000E-24
   .45937000E-24
   .46567000E-24
   .47207000E-24
   .47774000E-24
   .48244000E-24
   .48764000E-24
   .49291000E-24
   .49648000E-24
   .49677000E-24
   .49639000E-24
   .49704000E-24
   .49418000E-24
   .48882000E-24
   .48239000E-24
   .47648000E-24
   .46773000E-24
   .46247000E-24
   .45675000E-24
   .45148000E-24
   .44527000E-24
   .43871000E-24
   .43167000E-24
   .42234000E-24
   .41333000E-24
   .40292000E-24
   .39562000E-24
   .38730000E-24
   .38252000E-24
   .37819000E-24
   .37560000E-24
   .37108000E-24
   .36831000E-24
   .36627000E-24
   .36530000E-24
   .36245000E-24
   .35920000E-24
   .35349000E-24
   .34810000E-24
   .34153000E-24
   .33723000E-24
   .33409000E-24
   .33229000E-24
   .32888000E-24
   .32731000E-24
   .32510000E-24
   .32163000E-24
   .31723000E-24
   .31099000E-24
   .30519000E-24
   .29903000E-24
   .29474000E-24
   .29001000E-24
   .28773000E-24
   .28279000E-24
   .28074000E-24
   .27639000E-24
   .27131000E-24
   .26659000E-24
   .26506000E-24
   .26081000E-24
   .25811000E-24
   .25686000E-24
   .25577000E-24
   .25486000E-24
   .25435000E-24
   .25316000E-24
   .25323000E-24
   .25513000E-24
   .25543000E-24
   .25578000E-24
   .25840000E-24
   .26205000E-24
   .26273000E-24
   .26510000E-24
   .26803000E-24
   .26815000E-24
   .26710000E-24
   .26821000E-24
   .26853000E-24
   .27126000E-24
   .27442000E-24
   .27675000E-24
   .27954000E-24
   .28394000E-24
   .28501000E-24
   .28584000E-24
   .28893000E-24
   .29109000E-24
   .29169000E-24
   .29207000E-24
   .29295000E-24
   .29321000E-24
   .29310000E-24
   .29576000E-24
   .29738000E-24
   .29904000E-24
   .29966000E-24
   .30029000E-24
   .29790000E-24
   .29794000E-24
   .30050000E-24
   .30211000E-24
   .30405000E-24
   .30544000E-24
   .30724000E-24
   .30818000E-24
   .30859000E-24
   .30966000E-24
   .31197000E-24
   .31435000E-24
   .31695000E-24
   .31960000E-24
   .32182000E-24
   .32423000E-24
   .32614000E-24
   .32732000E-24
   .32967000E-24
   .33397000E-24
   .33648000E-24
   .33716000E-24
   .33857000E-24
   .33854000E-24
   .33753000E-24
   .33979000E-24
   .34234000E-24
   .34385000E-24
   .34746000E-24
   .34908000E-24
   .34857000E-24
   .34932000E-24
   .34764000E-24
   .34668000E-24
   .34706000E-24
   .34973000E-24
   .35173000E-24
   .35693000E-24
   .36036000E-24
   .36248000E-24
   .36361000E-24
   .36655000E-24
   .36599000E-24
   .36470000E-24
   .36468000E-24
   .36114000E-24
   .35581000E-24
   .35264000E-24
   .35020000E-24
   .34565000E-24
   .34258000E-24
   .33974000E-24
   .33730000E-24
   .33604000E-24
   .33579000E-24
   .33364000E-24
   .33099000E-24
   .32544000E-24
   .32013000E-24
   .31609000E-24
   .31366000E-24
   .31129000E-24
   .31152000E-24
   .30994000E-24
   .30590000E-24
   .30250000E-24
   .30046000E-24
   .29853000E-24
   .29705000E-24
   .29605000E-24
   .29535000E-24
   .29422000E-24
   .29226000E-24
   .29176000E-24
   .29257000E-24
   .29338000E-24
   .29296000E-24
   .29313000E-24
   .29194000E-24
   .29023000E-24
   .28797000E-24
   .28716000E-24
   .28564000E-24
   .28299000E-24
   .27915000E-24
   .27646000E-24
   .27478000E-24
   .27159000E-24
   .26981000E-24
   .26869000E-24
   .26682000E-24
   .26456000E-24
   .26261000E-24
   .26192000E-24
   .26117000E-24
   .25947000E-24
   .25644000E-24
   .25574000E-24
   .25354000E-24
   .25100000E-24
   .24921000E-24
   .24726000E-24
   .24351000E-24
   .23932000E-24
   .23686000E-24
   .23546000E-24
   .23536000E-24
   .23459000E-24
   .23593000E-24
   .23493000E-24
   .23347000E-24
   .23217000E-24
   .23216000E-24
   .22760000E-24
   .22554000E-24
   .22283000E-24
   .21984000E-24
   .21875000E-24
   .22035000E-24
   .21913000E-24
   .21917000E-24
   .21845000E-24
   .21814000E-24
   .21562000E-24
   .21305000E-24
   .21068000E-24
   .20758000E-24
   .20203000E-24
   .20051000E-24
   .20066000E-24
   .19947000E-24
   .19896000E-24
   .19990000E-24
   .19903000E-24
   .19718000E-24
   .19496000E-24
   .19238000E-24
   .19042000E-24
   .18720000E-24
   .18563000E-24
   .18512000E-24
   .18414000E-24
   .18122000E-24
   .17901000E-24
   .17923000E-24
   .17761000E-24
   .17790000E-24
   .17927000E-24
   .18128000E-24
   .17993000E-24
   .17919000E-24
   .17631000E-24
   .17380000E-24
   .16975000E-24
   .16625000E-24
   .16356000E-24
   .16007000E-24
   .15828000E-24
   .15652000E-24
   .15656000E-24
   .15500000E-24
   .15236000E-24
   .14778000E-24
   .14637000E-24
   .14120000E-24
   .13551000E-24
   .13436000E-24
   .13465000E-24
   .13236000E-24
   .13073000E-24
   .12983000E-24
   .12763000E-24
   .12415000E-24
   .12125000E-24
   .11979000E-24
   .12068000E-24
   .12038000E-24
   .11951000E-24
   .11882000E-24
   .11990000E-24
   .12015000E-24
   .12058000E-24
   .12138000E-24
   .12154000E-24
   .11878000E-24
   .11429000E-24
   .11123000E-24
   .10857000E-24
   .10781000E-24
   .10794000E-24
   .10766000E-24
   .10576000E-24
   .10470000E-24
   .10341000E-24
   .10453000E-24
   .10565000E-24
   .10739000E-24
   .10746000E-24
   .10688000E-24
   .10356000E-24
   .10456000E-24
   .10486000E-24
   .10483000E-24
   .10330000E-24
   .10370000E-24
   .10139000E-24
   .10212000E-24
   .10283000E-24
   .10333000E-24
   .10426000E-24
   .10505000E-24
   .10382000E-24
   .10420000E-24
   .10638000E-24
   .10456000E-24
   .10364000E-24
   .10345000E-24
   .10183000E-24
   .99559000E-25
   .10003000E-24
   .10188000E-24
   .10215000E-24
   .10206000E-24
   .10152000E-24
   .10006000E-24
   .96143000E-25
   .95721000E-25
   .96939000E-25
   .99026000E-25
   .10019000E-24
   .10117000E-24
   .99767000E-25
   .98508000E-25
   .98731000E-25
   .97388000E-25
   .97859000E-25
   .98205000E-25
   .97719000E-25
   .94979000E-25
   .96337000E-25
   .97496000E-25
   .98406000E-25
   .99708000E-25
   .10031000E-24
   .96511000E-25
   .92334000E-25
   .90224000E-25
   .85550000E-25
   .83819000E-25
   .86956000E-25
   .87036000E-25
   .84478000E-25
   .85055000E-25
   .84043000E-25
   .80943000E-25
   .80475000E-25
   .80941000E-25
   .81066000E-25
   .82063000E-25
   .83132000E-25
   .83170000E-25
   .83330000E-25
   .82530000E-25
   .80511000E-25
   .78748000E-25
   .78079000E-25
   .77816000E-25
   .76253000E-25
   .76409000E-25
   .77661000E-25
   .79017000E-25
   .78712000E-25
   .80265000E-25
   .80867000E-25
   .78768000E-25
   .76816000E-25
   .75063000E-25
   .73970000E-25
   .73816000E-25
   .75084000E-25
   .76099000E-25
   .78836000E-25
   .79116000E-25
   .78411000E-25
   .78126000E-25
   .77695000E-25
   .73980000E-25
   .73057000E-25
   .71864000E-25
   .69829000E-25
   .66783000E-25
   .66164000E-25
   .67314000E-25
   .69315000E-25
   .71217000E-25
   .73988000E-25
   .75800000E-25
   .75353000E-25
   .75143000E-25
   .75203000E-25
   .74429000E-25
   .74601000E-25
   .74615000E-25
   .74410000E-25
   .72997000E-25
   .72435000E-25
   .70632000E-25
   .70353000E-25
   .70522000E-25
   .70249000E-25
   .69618000E-25
   .71039000E-25
   .70364000E-25
   .68783000E-25
   .69669000E-25
   .70423000E-25
   .69601000E-25
   .68468000E-25
   .68926000E-25
   .69674000E-25
   .70232000E-25
   .71974000E-25
   .72541000E-25
   .71275000E-25
   .68298000E-25
   .68325000E-25
   .68438000E-25
   .68472000E-25
   .67119000E-25
   .68184000E-25
   .66698000E-25
   .64286000E-25
   .63813000E-25
   .64086000E-25
   .64128000E-25
   .63332000E-25
   .62592000E-25
   .62078000E-25
   .61949000E-25
   .60636000E-25
   .62693000E-25
   .65255000E-25
   .66146000E-25
   .68351000E-25
   .70267000E-25
   .68895000E-25
   .67770000E-25
   .68044000E-25
   .67949000E-25
   .67754000E-25
   .68826000E-25
   .70007000E-25
   .69732000E-25
   .69177000E-25
   .67717000E-25
   .68472000E-25
   .69822000E-25
   .69120000E-25
   .68371000E-25
   .69716000E-25
   .69854000E-25
   .68524000E-25
   .68513000E-25
   .69826000E-25
   .69909000E-25
   .67267000E-25
   .66998000E-25
   .68841000E-25
   .68277000E-25
   .69187000E-25
   .71062000E-25
   .71596000E-25
   .72428000E-25
   .72505000E-25
   .72372000E-25
   .74668000E-25
   .75390000E-25
   .74863000E-25
   .75941000E-25
   .77535000E-25
   .75680000E-25
   .74171000E-25
   .72924000E-25
   .71756000E-25
   .69910000E-25
   .71055000E-25
   .71949000E-25
   .71761000E-25
   .71405000E-25
   .71629000E-25
   .68931000E-25
   .67838000E-25
   .68535000E-25
   .69187000E-25
   .69745000E-25
   .73403000E-25
   .75747000E-25
   .78564000E-25
   .81926000E-25
   .83965000E-25
   .82913000E-25
   .83134000E-25
   .81159000E-25
   .80699000E-25
   .81726000E-25
   .83255000E-25
   .82088000E-25
   .82778000E-25
   .82487000E-25
   .79430000E-25
   .77682000E-25
   .76803000E-25
   .77551000E-25
   .78069000E-25
   .80520000E-25
   .81649000E-25
   .84659000E-25
   .84140000E-25
   .83011000E-25
   .83129000E-25
   .82742000E-25
   .81454000E-25
   .79827000E-25
   .79035000E-25
   .78441000E-25
   .78120000E-25
   .77440000E-25
   .78374000E-25
   .79338000E-25
   .78428000E-25
   .77339000E-25
   .76505000E-25
   .75646000E-25
   .75655000E-25
   .75963000E-25
   .77847000E-25
   .78899000E-25
   .81114000E-25
   .83687000E-25
   .83988000E-25
   .82620000E-25
   .82559000E-25
   .82347000E-25
   .79385000E-25
   .77247000E-25
   .78025000E-25
   .79759000E-25
   .79263000E-25
   .77620000E-25
   .77843000E-25
   .76001000E-25
   .73790000E-25
   .73998000E-25
   .75726000E-25
   .78987000E-25
   .80144000E-25
   .79412000E-25
   .78192000E-25
   .78131000E-25
   .77881000E-25
   .79303000E-25
   .80930000E-25
   .81268000E-25
   .80150000E-25
   .78423000E-25
   .79097000E-25
   .79893000E-25
   .80264000E-25
   .81967000E-25
   .82694000E-25
   .82058000E-25
   .81490000E-25
   .83533000E-25
   .82835000E-25
   .81553000E-25
   .79360000E-25
   .78354000E-25
   .76163000E-25
   .76085000E-25
   .75493000E-25
   .76717000E-25
   .78232000E-25
   .79960000E-25
   .80952000E-25
   .81691000E-25
   .80246000E-25
   .79525000E-25
   .76105000E-25
   .74303000E-25
   .74323000E-25
   .75985000E-25
   .75443000E-25
   .78132000E-25
   .77697000E-25
   .75943000E-25
   .74907000E-25
   .75437000E-25
   .75172000E-25
   .77503000E-25
   .78896000E-25
   .78527000E-25
   .77133000E-25
   .75121000E-25
   .71931000E-25
   .69448000E-25
   .70148000E-25
   .70574000E-25
   .71531000E-25
   .72284000E-25
   .73359000E-25
   .72916000E-25
   .72696000E-25
   .72048000E-25
   .72490000E-25
   .74081000E-25
   .73919000E-25
   .72784000E-25
   .72447000E-25
   .71520000E-25
   .68966000E-25
   .68844000E-25
   .69228000E-25
   .68359000E-25
   .68281000E-25
   .69247000E-25
   .70160000E-25
   .70374000E-25
   .71255000E-25
   .72645000E-25
   .72672000E-25
   .71423000E-25
   .71912000E-25
   .71555000E-25
   .69491000E-25
   .67701000E-25
   .66654000E-25
   .64872000E-25
   .63122000E-25
   .61538000E-25
   .61245000E-25
   .61095000E-25
   .59289000E-25
   .58549000E-25
   .59922000E-25
   .59995000E-25
   .58814000E-25
   .59025000E-25
   .60184000E-25
   .59182000E-25
   .60349000E-25
   .62115000E-25
   .62574000E-25
   .61873000E-25
   .62081000E-25
   .60009000E-25
   .59599000E-25
   .59090000E-25
   .58664000E-25
   .56998000E-25
   .55859000E-25
   .54366000E-25
   .53819000E-25
   .53440000E-25
   .54840000E-25
   .56605000E-25
   .56536000E-25
   .58527000E-25
   .58732000E-25
   .59044000E-25
   .57515000E-25
   .57096000E-25
   .53754000E-25
   .53601000E-25
   .54227000E-25
   .55354000E-25
   .54150000E-25
   .56239000E-25
   .56814000E-25
   .55418000E-25
   .54245000E-25
   .52568000E-25
   .48399000E-25
   .44932000E-25
   .42679000E-25
   .41896000E-25
   .44405000E-25
   .47227000E-25
   .47748000E-25
   .47094000E-25
   .47494000E-25
   .46103000E-25
   .44294000E-25
   .44683000E-25
   .45773000E-25
   .45546000E-25
   .44698000E-25
   .45165000E-25
   .43546000E-25
   .42754000E-25
   .40066000E-25
   .41750000E-25
   .42537000E-25
   .44178000E-25
   .42350000E-25
   .41682000E-25
   .38630000E-25
   .36593000E-25
   .34571000E-25
   .35548000E-25
   .37020000E-25
   .37583000E-25
   .38014000E-25
   .38337000E-25
   .36073000E-25
   .34198000E-25
   .33768000E-25
   .34737000E-25
   .37319000E-25
   .40065000E-25
   .41011000E-25
   .40243000E-25
   .37073000E-25
   .33383000E-25
   .30104000E-25
   .30427000E-25
   .32611000E-25
   .33644000E-25
   .34485000E-25
   .35866000E-25
   .35787000E-25
   .34943000E-25
   .36057000E-25
   .37127000E-25
   .38083000E-25
   .38656000E-25
   .37544000E-25
   .35562000E-25
   .33498000E-25
   .34093000E-25
   .33391000E-25
   .31942000E-25
   .32253000E-25
   .32018000E-25
   .33301000E-25
   .34386000E-25
   .37198000E-25
   .37661000E-25
   .38940000E-25
   .36692000E-25
   .35052000E-25
   .32164000E-25
   .31334000E-25
   .31279000E-25
   .30705000E-25
   .30635000E-25
   .31663000E-25
   .32193000E-25
   .32850000E-25
   .34426000E-25
   .36665000E-25
   .38161000E-25
   .39803000E-25
   .40200000E-25
   .41001000E-25
   .40033000E-25
   .38173000E-25
   .36047000E-25
   .36637000E-25
   .34836000E-25
   .34146000E-25
   .37088000E-25
   .40546000E-25
   .39927000E-25
   .41562000E-25
   .43269000E-25
   .41220000E-25
   .38418000E-25
   .35358000E-25
   .32450000E-25
   .31111000E-25
   .30733000E-25
   .30937000E-25
   .33833000E-25
   .36391000E-25
   .39045000E-25
   .42514000E-25
   .45116000E-25
   .45672000E-25
   .45174000E-25
   .44330000E-25
   .44376000E-25
   .44481000E-25
   .45958000E-25
   .46262000E-25
   .45197000E-25
   .43172000E-25
   .41934000E-25
   .40897000E-25
   .41406000E-25
   .42333000E-25
   .43117000E-25
   .44309000E-25
   .44474000E-25
   .45640000E-25
   .46628000E-25
   .46849000E-25
   .47334000E-25
   .49312000E-25
   .51367000E-25
   .51382000E-25
   .51275000E-25
   .49180000E-25
   .48543000E-25
   .47297000E-25
   .46957000E-25
   .47580000E-25
   .48612000E-25
   .48477000E-25
   .48031000E-25
   .48248000E-25
   .47536000E-25
   .48141000E-25
   .47200000E-25
   .45776000E-25
   .46497000E-25
   .48877000E-25
   .49504000E-25
   .53298000E-25
   .56287000E-25
   .56135000E-25
   .55220000E-25
   .55960000E-25
   .54635000E-25
   .54815000E-25
   .55487000E-25
   .57460000E-25
   .59818000E-25
   .60874000E-25
   .61422000E-25
   .62935000E-25
   .64261000E-25
   .64486000E-25
   .65390000E-25
   .67174000E-25
   .67744000E-25
   .67358000E-25
   .64336000E-25
   .63822000E-25
   .62419000E-25
   .62335000E-25
   .63071000E-25
   .66437000E-25
   .68259000E-25
   .70348000E-25
   .73644000E-25
   .77030000E-25
   .79980000E-25
   .80284000E-25
   .81378000E-25
   .80712000E-25
   .78803000E-25
   .78349000E-25
   .77495000E-25
   .75528000E-25
   .75168000E-25
   .76482000E-25
   .77092000E-25
   .79265000E-25
   .80786000E-25
   .81961000E-25
   .80753000E-25
   .78829000E-25
   .77280000E-25
   .78214000E-25
   .79762000E-25
   .83708000E-25
   .87698000E-25
   .91207000E-25
   .91937000E-25
   .91892000E-25
   .89936000E-25
   .88854000E-25
   .89631000E-25
   .90774000E-25
   .92060000E-25
   .93089000E-25
   .95051000E-25
   .95518000E-25
   .94697000E-25
   .94362000E-25
   .95207000E-25
   .95319000E-25
   .96970000E-25
   .99442000E-25
   .10098000E-24
   .10282000E-24
   .10467000E-24
   .10720000E-24
   .10982000E-24
   .11204000E-24
   .11394000E-24
   .11707000E-24
   .11769000E-24
   .11847000E-24
   .11925000E-24
   .11991000E-24
   .11726000E-24
   .11574000E-24
   .11451000E-24
   .11463000E-24
   .11627000E-24
   .12012000E-24
   .12442000E-24
   .12980000E-24
   .13429000E-24
   .13618000E-24
   .13710000E-24
   .13856000E-24
   .13939000E-24
   .14002000E-24
   .14190000E-24
   .14483000E-24
   .14651000E-24
   .15054000E-24
   .15426000E-24
   .15658000E-24
   .15875000E-24
   .16247000E-24
   .16654000E-24
   .16977000E-24
   .17437000E-24
   .17903000E-24
   .18309000E-24
   .18305000E-24
   .18553000E-24
   .18832000E-24
   .18927000E-24
   .19033000E-24
   .19604000E-24
   .20067000E-24
   .20455000E-24
   .20956000E-24
   .21321000E-24
   .21293000E-24
   .21303000E-24
   .21443000E-24
   .21916000E-24
   .22391000E-24
   .23226000E-24
   .23798000E-24
   .24329000E-24
   .24522000E-24
   .24530000E-24
   .24320000E-24
   .24366000E-24
   .24478000E-24
   .24464000E-24
   .24700000E-24
   .25037000E-24
   .25275000E-24
   .25297000E-24
   .25430000E-24
   .25530000E-24
   .25658000E-24
   .25755000E-24
   .25935000E-24
   .26294000E-24
   .26603000E-24
   .26780000E-24
   .26848000E-24
   .26891000E-24
   .26851000E-24
   .26784000E-24
   .26487000E-24
   .26445000E-24
   .26502000E-24
   .26512000E-24
   .26419000E-24
   .26721000E-24
   .26982000E-24
   .26943000E-24
   .26705000E-24
   .26585000E-24
   .26190000E-24
   .25953000E-24
   .25865000E-24
   .25786000E-24
   .25833000E-24
   .26019000E-24
   .25903000E-24
   .25691000E-24
   .25632000E-24
   .25375000E-24
   .25095000E-24
   .24975000E-24
   .24976000E-24
   .24784000E-24
   .24519000E-24
   .24056000E-24
   .23643000E-24
   .23322000E-24
   .23065000E-24
   .22952000E-24
   .22869000E-24
   .22719000E-24
   .22515000E-24
   .22630000E-24
   .22717000E-24
   .22912000E-24
   .23078000E-24
   .23139000E-24
   .22875000E-24
   .22615000E-24
   .22435000E-24
   .22115000E-24
   .21897000E-24
   .21799000E-24
   .21664000E-24
   .21497000E-24
   .21416000E-24
   .21306000E-24
   .21035000E-24
   .20766000E-24
   .20440000E-24
   .20201000E-24
   .19934000E-24
   .19754000E-24
   .19488000E-24
   .19350000E-24
   .19307000E-24
   .19343000E-24
   .19336000E-24
   .19485000E-24
   .19596000E-24
   .19577000E-24
   .19340000E-24
   .19292000E-24
   .19395000E-24
   .19329000E-24
   .19202000E-24
   .19310000E-24
   .19320000E-24
   .19207000E-24
   .19038000E-24
   .18886000E-24
   .18673000E-24
   .18383000E-24
   .18274000E-24
   .18296000E-24
   .18489000E-24
   .18616000E-24
   .18772000E-24
   .18665000E-24
   .18636000E-24
   .18644000E-24
   .18591000E-24
   .18605000E-24
   .18646000E-24
   .18611000E-24
   .18527000E-24
   .18453000E-24
   .18394000E-24
   .18433000E-24
   .18376000E-24
   .18229000E-24
   .18080000E-24
   .18130000E-24
   .18017000E-24
   .18143000E-24
   .18105000E-24
   .18392000E-24
   .18372000E-24
   .18324000E-24
   .18362000E-24
   .18381000E-24
   .18309000E-24
   .18457000E-24
   .18603000E-24
   .18404000E-24
   .18404000E-24
   .18311000E-24
   .18080000E-24
   .17991000E-24
   .17977000E-24
   .18004000E-24
   .17833000E-24
   .17896000E-24
   .18044000E-24
   .18123000E-24
   .18096000E-24
   .18349000E-24
   .18250000E-24
   .18162000E-24
   .18126000E-24
   .18047000E-24
   .17971000E-24
   .18099000E-24
   .18085000E-24
   .18307000E-24
   .18513000E-24
   .18618000E-24
   .18600000E-24
   .18564000E-24
   .18403000E-24
   .18264000E-24
   .18196000E-24
   .18246000E-24
   .18200000E-24
   .18127000E-24
   .18098000E-24
   .18043000E-24
   .18017000E-24
   .18050000E-24
   .18166000E-24
   .18197000E-24
   .18187000E-24
   .18255000E-24
   .18314000E-24
   .18377000E-24
   .18483000E-24
   .18673000E-24
   .18815000E-24
   .18961000E-24
   .19133000E-24
   .19217000E-24
   .19244000E-24
   .19153000E-24
   .19197000E-24
   .18993000E-24
   .18814000E-24
   .18696000E-24
   .18515000E-24
   .18308000E-24
   .18533000E-24
   .19059000E-24
   .19400000E-24
   .19622000E-24
   .19897000E-24
   .19933000E-24
   .19832000E-24
   .19706000E-24
   .19850000E-24
   .19984000E-24
   .19923000E-24
   .19824000E-24
   .19919000E-24
   .20064000E-24
   .20027000E-24
   .20285000E-24
   .20584000E-24
   .20947000E-24
   .21173000E-24
   .21524000E-24
   .21638000E-24
   .21733000E-24
   .21594000E-24
   .21599000E-24
   .21622000E-24
   .21844000E-24
   .22142000E-24
   .22527000E-24
   .22713000E-24
   .22809000E-24
   .22859000E-24
   .22973000E-24
   .23118000E-24
   .23255000E-24
   .23498000E-24
   .23566000E-24
   .23290000E-24
   .23265000E-24
   .23482000E-24
   .23556000E-24
   .23827000E-24
   .24154000E-24
   .24230000E-24
   .24039000E-24
   .23926000E-24
   .23722000E-24
   .23654000E-24
   .23702000E-24
   .23912000E-24
   .23836000E-24
   .23911000E-24
   .23900000E-24
   .23838000E-24
   .23700000E-24
   .23870000E-24
   .23779000E-24
   .23769000E-24
   .23736000E-24
   .23699000E-24
   .23718000E-24
   .23720000E-24
   .23740000E-24
   .23739000E-24
   .23840000E-24
   .23928000E-24
   .24159000E-24
   .24319000E-24
   .24350000E-24
   .24444000E-24
   .24502000E-24
   .24362000E-24
   .24130000E-24
   .24074000E-24
   .23881000E-24
   .23715000E-24
   .23942000E-24
   .24325000E-24
   .24437000E-24
   .24591000E-24
   .24486000E-24
   .24255000E-24
   .24040000E-24
   .23828000E-24
   .23480000E-24
   .23440000E-24
   .23357000E-24
   .23139000E-24
   .23253000E-24
   .23331000E-24
   .23306000E-24
   .23379000E-24
   .23483000E-24
   .23434000E-24
   .23371000E-24
   .23438000E-24
   .23396000E-24
   .23280000E-24
   .23098000E-24
   .23177000E-24
   .23332000E-24
   .23374000E-24
   .23464000E-24
   .23484000E-24
   .23372000E-24
   .23024000E-24
   .22931000E-24
   .22948000E-24
   .23072000E-24
   .23139000E-24
   .23139000E-24
   .23116000E-24
   .23013000E-24
   .22896000E-24
   .22871000E-24
   .22906000E-24
   .22813000E-24
   .22753000E-24
   .22922000E-24
   .23064000E-24
   .23084000E-24
   .23182000E-24
   .23411000E-24
   .23373000E-24
   .23139000E-24
   .23185000E-24
   .23337000E-24
   .23229000E-24
   .23002000E-24
   .23005000E-24
   .23157000E-24
   .23008000E-24
   .22829000E-24
   .22850000E-24
   .22797000E-24
   .22749000E-24
   .22783000E-24
   .22909000E-24
   .22991000E-24
   .23080000E-24
   .22767000E-24
   .22614000E-24
   .22650000E-24
   .22534000E-24
   .22241000E-24
   .22144000E-24
   .22093000E-24
   .21827000E-24
   .21682000E-24
   .21614000E-24
   .21532000E-24
   .21277000E-24
   .21335000E-24
   .21300000E-24
   .21167000E-24
   .20959000E-24
   .21013000E-24
   .20899000E-24
   .20677000E-24
   .20889000E-24
   .21177000E-24
   .21164000E-24
   .21217000E-24
   .21261000E-24
   .21107000E-24
   .20915000E-24
   .20798000E-24
   .20478000E-24
   .20489000E-24
   .20586000E-24
   .20617000E-24
   .20446000E-24
   .20414000E-24
   .20299000E-24
   .20123000E-24
   .19961000E-24
   .20007000E-24
   .20217000E-24
   .20252000E-24
   .20375000E-24
   .20636000E-24
   .20566000E-24
   .20249000E-24
   .20171000E-24
   .20031000E-24
   .19759000E-24
   .19940000E-24
   .20070000E-24
   .20276000E-24
   .20293000E-24
   .20382000E-24
   .20356000E-24
   .20322000E-24
   .20337000E-24
   .20300000E-24
   .20342000E-24
   .20328000E-24
   .20374000E-24
   .20177000E-24
   .20047000E-24
   .19904000E-24
   .19942000E-24
   .20065000E-24
   .20188000E-24
   .20571000E-24
   .20869000E-24
   .20931000E-24
   .20926000E-24
   .21074000E-24
   .21016000E-24
   .21182000E-24
   .21266000E-24
   .21375000E-24
   .21314000E-24
   .21480000E-24
   .21466000E-24
   .21727000E-24
   .21842000E-24
   .22023000E-24
   .22015000E-24
   .22021000E-24
   .21989000E-24
   .22010000E-24
   .21998000E-24
   .22219000E-24
   .22353000E-24
   .22285000E-24
   .22392000E-24
   .22566000E-24
   .22473000E-24
   .22424000E-24
   .22601000E-24
   .22749000E-24
   .22803000E-24
   .22872000E-24
   .23042000E-24
   .23198000E-24
   .23054000E-24
   .23187000E-24
   .23331000E-24
   .23370000E-24
   .23242000E-24
   .23404000E-24
   .23410000E-24
   .23259000E-24
   .23149000E-24
   .23049000E-24
   .22837000E-24
   .22694000E-24
   .22845000E-24
   .23015000E-24
   .23116000E-24
   .23170000E-24
   .23157000E-24
   .23074000E-24
   .22994000E-24
   .23120000E-24
   .23266000E-24
   .23408000E-24
   .23497000E-24
   .23661000E-24
   .23575000E-24
   .23394000E-24
   .23347000E-24
   .23389000E-24
   .23427000E-24
   .23533000E-24
   .23758000E-24
   .23751000E-24
   .23660000E-24
   .23503000E-24
   .23433000E-24
   .23354000E-24
   .23576000E-24
   .23699000E-24
   .23620000E-24
   .23735000E-24
   .24044000E-24
   .24266000E-24
   .24696000E-24
   .25029000E-24
   .25124000E-24
   .25035000E-24
   .24905000E-24
   .24805000E-24
   .24905000E-24
   .25088000E-24
   .25375000E-24
   .25782000E-24
   .25992000E-24
   .26293000E-24
   .26673000E-24
   .27021000E-24
   .27010000E-24
   .27093000E-24
   .27131000E-24
   .27163000E-24
   .27140000E-24
   .27387000E-24
   .27836000E-24
   .28172000E-24
   .28252000E-24
   .28444000E-24
   .28720000E-24
   .28788000E-24
   .29097000E-24
   .29461000E-24
   .29759000E-24
   .29926000E-24
   .30128000E-24
   .30291000E-24
   .30488000E-24
   .30604000E-24
   .30785000E-24
   .31027000E-24
   .31302000E-24
   .31708000E-24
   .32194000E-24
   .32470000E-24
   .32609000E-24
   .32568000E-24
   .32503000E-24
   .32328000E-24
   .32426000E-24
   .32772000E-24
   .33028000E-24
   .33290000E-24
   .33643000E-24
   .33799000E-24
   .33874000E-24
   .33881000E-24
   .33847000E-24
   .33856000E-24
   .33768000E-24
   .33583000E-24
   .33585000E-24
   .33501000E-24
   .33624000E-24
   .33804000E-24
   .33890000E-24
   .34094000E-24
   .34297000E-24
   .34147000E-24
   .33996000E-24
   .34110000E-24
   .33898000E-24
   .33563000E-24
   .33224000E-24
   .33100000E-24
   .32762000E-24
   .32561000E-24
   .32613000E-24
   .32898000E-24
   .32851000E-24
   .32703000E-24
   .32594000E-24
   .32551000E-24
   .32410000E-24
   .32446000E-24
   .32650000E-24
   .32507000E-24
   .32369000E-24
   .32211000E-24
   .32069000E-24
   .31816000E-24
   .31884000E-24
   .31755000E-24
   .31685000E-24
   .31718000E-24
   .31851000E-24
   .31872000E-24
   .31916000E-24
   .31649000E-24
   .31362000E-24
   .31048000E-24
   .30874000E-24
   .30688000E-24
   .30812000E-24
   .30931000E-24
   .30942000E-24
   .30859000E-24
   .30819000E-24
   .30852000E-24
   .30765000E-24
   .30747000E-24
   .30755000E-24
   .30823000E-24
   .30674000E-24
   .30581000E-24
   .30633000E-24
   .30698000E-24
   .30773000E-24
   .30748000E-24
   .30945000E-24
   .30980000E-24
   .31149000E-24
   .31326000E-24
   .31764000E-24
   .31858000E-24
   .32112000E-24
   .32311000E-24
   .32599000E-24
   .32851000E-24
   .33122000E-24
   .33238000E-24
   .33502000E-24
   .33650000E-24
   .33801000E-24
   .34107000E-24
   .34326000E-24
   .34367000E-24
   .34486000E-24
   .34803000E-24
   .35156000E-24
   .35548000E-24
   .36174000E-24
   .36580000E-24
   .36800000E-24
   .37052000E-24
   .37331000E-24
   .37655000E-24
   .37968000E-24
   .38389000E-24
   .38687000E-24
   .39115000E-24
   .39398000E-24
   .39737000E-24
   .40045000E-24
   .40527000E-24
   .40844000E-24
   .41291000E-24
   .41857000E-24
   .42516000E-24
   .43108000E-24
   .43606000E-24
   .43789000E-24
   .43929000E-24
   .44017000E-24
   .44129000E-24
   .44488000E-24
   .44950000E-24
   .45634000E-24
   .46274000E-24
   .46826000E-24
   .47324000E-24
   .47691000E-24
   .47950000E-24
   .48074000E-24
   .48251000E-24
   .48382000E-24
   .48677000E-24
   .48961000E-24
   .49204000E-24
   .49342000E-24
   .49587000E-24
   .49586000E-24
   .49445000E-24
   .49648000E-24
   .49838000E-24
   .50005000E-24
   .50342000E-24
   .50750000E-24
   .50777000E-24
   .50762000E-24
   .50721000E-24
   .50668000E-24
   .50521000E-24
   .50507000E-24
   .50528000E-24
   .50590000E-24
   .50713000E-24
   .50765000E-24
   .50906000E-24
   .51163000E-24
   .51279000E-24
   .51322000E-24
   .51383000E-24
   .51041000E-24
   .50646000E-24
   .50254000E-24
   .49880000E-24
   .49568000E-24
   .49536000E-24
   .49199000E-24
   .49056000E-24
   .49114000E-24
   .49086000E-24
   .49007000E-24
   .48973000E-24
   .48868000E-24
   .48721000E-24
   .48703000E-24
   .48433000E-24
   .48431000E-24
   .48277000E-24
   .47851000E-24
   .47438000E-24
   .47485000E-24
   .47247000E-24
   .46941000E-24
   .46608000E-24
   .46467000E-24
   .45991000E-24
   .45784000E-24
   .45867000E-24
   .46093000E-24
   .46139000E-24
   .46268000E-24
   .46248000E-24
   .46129000E-24
   .46166000E-24
   .46060000E-24
   .46184000E-24
   .46339000E-24
   .46297000E-24
   .46030000E-24
   .46137000E-24
   .46195000E-24
   .46393000E-24
   .46819000E-24
   .47298000E-24
   .47508000E-24
   .47670000E-24
   .47632000E-24
   .47434000E-24
   .47183000E-24
   .47014000E-24
   .46902000E-24
   .46941000E-24
   .47130000E-24
   .47411000E-24
   .47686000E-24
   .47956000E-24
   .48200000E-24
   .48477000E-24
   .48924000E-24
   .49418000E-24
   .49762000E-24
   .50142000E-24
   .50511000E-24
   .50943000E-24
   .51263000E-24
   .51683000E-24
   .52099000E-24
   .52316000E-24
   .52447000E-24
   .52650000E-24
   .52785000E-24
   .52946000E-24
   .53282000E-24
   .53496000E-24
   .53667000E-24
   .54114000E-24
   .54575000E-24
   .54918000E-24
   .55200000E-24
   .55202000E-24
   .55321000E-24
   .55403000E-24
   .55684000E-24
   .55942000E-24
   .56551000E-24
   .56714000E-24
   .56805000E-24
   .56893000E-24
   .57117000E-24
   .57222000E-24
   .57363000E-24
   .57539000E-24
   .57571000E-24
   .57491000E-24
   .57617000E-24
   .57800000E-24
   .57970000E-24
   .58133000E-24
   .58176000E-24
   .57913000E-24
   .57741000E-24
   .57807000E-24
   .57824000E-24
   .57839000E-24
   .57743000E-24
   .57510000E-24
   .56897000E-24
   .56587000E-24
   .56416000E-24
   .56556000E-24
   .56487000E-24
   .56594000E-24
   .56455000E-24
   .56425000E-24
   .56157000E-24
   .56291000E-24
   .56250000E-24
   .56277000E-24
   .56013000E-24
   .55738000E-24
   .55158000E-24
   .54811000E-24
   .54531000E-24
   .54308000E-24
   .54145000E-24
   .54070000E-24
   .53927000E-24
   .53845000E-24
   .53563000E-24
   .53558000E-24
   .53611000E-24
   .53791000E-24
   .53818000E-24
   .54300000E-24
   .54512000E-24
   .54442000E-24
   .54351000E-24
   .54299000E-24
   .53936000E-24
   .53868000E-24
   .54098000E-24
   .54316000E-24
   .54664000E-24
   .54989000E-24
   .55139000E-24
   .55217000E-24
   .55146000E-24
   .54973000E-24
   .55277000E-24
   .55487000E-24
   .55849000E-24
   .56246000E-24
   .56528000E-24
   .56595000E-24
   .57024000E-24
   .57455000E-24
   .57770000E-24
   .58260000E-24
   .58795000E-24
   .58938000E-24
   .59246000E-24
   .59551000E-24
   .59799000E-24
   .60161000E-24
   .60516000E-24
   .60640000E-24
   .61110000E-24
   .61702000E-24
   .62236000E-24
   .62940000E-24
   .63607000E-24
   .64059000E-24
   .64329000E-24
   .64680000E-24
   .64940000E-24
   .65257000E-24
   .65632000E-24
   .66220000E-24
   .66710000E-24
   .67258000E-24
   .67503000E-24
   .67873000E-24
   .68073000E-24
   .68374000E-24
   .68689000E-24
   .69234000E-24
   .69547000E-24
   .69720000E-24
   .69546000E-24
   .69478000E-24
   .69525000E-24
   .69712000E-24
   .69798000E-24
   .69830000E-24
   .69814000E-24
   .69750000E-24
   .69522000E-24
   .69612000E-24
   .69821000E-24
   .69874000E-24
   .69878000E-24
   .69790000E-24
   .69276000E-24
   .68970000E-24
   .68817000E-24
   .68585000E-24
   .68294000E-24
   .68055000E-24
   .67672000E-24
   .67090000E-24
   .66541000E-24
   .66099000E-24
   .65898000E-24
   .65415000E-24
   .64797000E-24
   .64298000E-24
   .63664000E-24
   .62919000E-24
   .62279000E-24
   .61740000E-24
   .61050000E-24
   .60473000E-24
   .59844000E-24
   .59240000E-24
   .58698000E-24
   .57922000E-24
   .57126000E-24
   .56356000E-24
   .55691000E-24
   .54995000E-24
   .54456000E-24
   .53715000E-24
   .52923000E-24
   .51985000E-24
   .50851000E-24
   .49791000E-24
   .48880000E-24
   .48157000E-24
   .47480000E-24
   .47081000E-24
   .46502000E-24
   .45975000E-24
   .45101000E-24
   .44051000E-24
   .42905000E-24
   .42057000E-24
   .41237000E-24
   .40588000E-24
   .40271000E-24
   .39713000E-24
   .39114000E-24
   .38698000E-24
   .38275000E-24
   .37688000E-24
   .37277000E-24
   .36759000E-24
   .36020000E-24
   .35397000E-24
   .34887000E-24
   .34398000E-24
   .33805000E-24
   .33177000E-24
   .32691000E-24
   .32066000E-24
   .31428000E-24
   .30866000E-24
   .30261000E-24
   .29687000E-24
   .29264000E-24
   .28733000E-24
   .28434000E-24
   .28343000E-24
   .28303000E-24
   .28011000E-24
   .27836000E-24
   .27599000E-24
   .27482000E-24
   .27173000E-24
   .27085000E-24
   .26805000E-24
   .26466000E-24
   .25971000E-24
   .25484000E-24
   .24962000E-24
   .24952000E-24
   .24859000E-24
   .24608000E-24
   .24486000E-24
   .24423000E-24
   .24363000E-24
   .24335000E-24
   .24525000E-24
   .24684000E-24
   .24965000E-24
   .25107000E-24
   .25013000E-24
   .24757000E-24
   .24414000E-24
   .24044000E-24
   .23583000E-24
   .23330000E-24
   .23247000E-24
   .23437000E-24
   .23506000E-24
   .23627000E-24
   .24001000E-24
   .24398000E-24
   .24503000E-24
   .24500000E-24
   .24588000E-24
   .24435000E-24
   .24111000E-24
   .23816000E-24
   .23691000E-24
   .23367000E-24
   .23170000E-24
   .23293000E-24
   .23351000E-24
   .23471000E-24
   .23748000E-24
   .24114000E-24
   .24288000E-24
   .24513000E-24
   .24643000E-24
   .24789000E-24
   .24952000E-24
   .24824000E-24
   .24743000E-24
   .24697000E-24
   .24571000E-24
   .24388000E-24
   .24608000E-24
   .24852000E-24
   .25169000E-24
   .25597000E-24
   .25800000E-24
   .25918000E-24
   .25976000E-24
   .25944000E-24
   .25914000E-24
   .26180000E-24
   .26172000E-24
   .26219000E-24
   .26440000E-24
   .26629000E-24
   .26779000E-24
   .27062000E-24
   .27155000E-24
   .27248000E-24
   .27064000E-24
   .26911000E-24
   .26845000E-24
   .26986000E-24
   .27054000E-24
   .27511000E-24
   .27779000E-24
   .27956000E-24
   .27941000E-24
   .28018000E-24
   .28138000E-24
   .28418000E-24
   .29069000E-24
   .29715000E-24
   .30135000E-24
   .30442000E-24
   .30879000E-24
   .30959000E-24
   .31179000E-24
   .31338000E-24
   .31597000E-24
   .31514000E-24
   .31699000E-24
   .32002000E-24
   .32311000E-24
   .32359000E-24
   .32644000E-24
   .33005000E-24
   .33372000E-24
   .33938000E-24
   .34509000E-24
   .34979000E-24
   .35214000E-24
   .35365000E-24
   .35369000E-24
   .35519000E-24
   .35617000E-24
   .35780000E-24
   .36019000E-24
   .36505000E-24
   .36847000E-24
   .37238000E-24
   .37520000E-24
   .37703000E-24
   .37771000E-24
   .37935000E-24
   .38176000E-24
   .38369000E-24
   .38453000E-24
   .38378000E-24
   .38236000E-24
   .38178000E-24
   .38085000E-24
   .38063000E-24
   .38110000E-24
   .38341000E-24
   .38407000E-24
   .38335000E-24
   .38383000E-24
   .38202000E-24
   .37656000E-24
   .37462000E-24
   .37411000E-24
   .37018000E-24
   .36692000E-24
   .36581000E-24
   .35985000E-24
   .35456000E-24
   .35146000E-24
   .34963000E-24
   .34692000E-24
   .34345000E-24
   .34032000E-24
   .33707000E-24
   .33169000E-24
   .32809000E-24
   .32799000E-24
   .32573000E-24
   .32098000E-24
   .31731000E-24
   .31207000E-24
   .30306000E-24
   .29652000E-24
   .29060000E-24
   .28768000E-24
   .28473000E-24
   .28158000E-24
   .27673000E-24
   .27396000E-24
   .26681000E-24
   .25983000E-24
   .25611000E-24
   .25430000E-24
   .25075000E-24
   .25117000E-24
   .25025000E-24
   .24737000E-24
   .24405000E-24
   .24008000E-24
   .23328000E-24
   .22853000E-24
   .22290000E-24
   .21628000E-24
   .21205000E-24
   .20927000E-24
   .20509000E-24
   .20246000E-24
   .20143000E-24
   .20078000E-24
   .19986000E-24
   .20006000E-24
   .19855000E-24
   .19643000E-24
   .19529000E-24
   .19359000E-24
   .19001000E-24
   .18871000E-24
   .18816000E-24
   .18557000E-24
   .18412000E-24
   .18276000E-24
   .18062000E-24
   .17965000E-24
   .17806000E-24
   .17629000E-24
   .17626000E-24
   .17746000E-24
   .17785000E-24
   .17793000E-24
   .17701000E-24
   .17678000E-24
   .17681000E-24
   .17257000E-24
   .16957000E-24
   .16839000E-24
   .16759000E-24
   .16713000E-24
   .17022000E-24
   .17278000E-24
   .17415000E-24
   .17519000E-24
   .17368000E-24
   .17234000E-24
   .17180000E-24
   .17300000E-24
   .17226000E-24
   .17320000E-24
   .17246000E-24
   .17142000E-24
   .17018000E-24
   .16979000E-24
   .16942000E-24
   .17116000E-24
   .17429000E-24
   .17530000E-24
   .17509000E-24
   .17386000E-24
   .17053000E-24
   .16680000E-24
   .16528000E-24
   .16471000E-24
   .16523000E-24
   .16509000E-24
   .16501000E-24
   .16254000E-24
   .16114000E-24
   .16144000E-24
   .16320000E-24
   .16327000E-24
   .16293000E-24
   .16246000E-24
   .16067000E-24
   .15920000E-24
   .15743000E-24
   .15411000E-24
   .15046000E-24
   .14799000E-24
   .14577000E-24
   .14341000E-24
   .14509000E-24
   .14834000E-24
   .14995000E-24
   .15038000E-24
   .15184000E-24
   .15145000E-24
   .14731000E-24
   .14402000E-24
   .14009000E-24
   .13666000E-24
   .13156000E-24
   .12975000E-24
   .12747000E-24
   .12502000E-24
   .12375000E-24
   .12672000E-24
   .12644000E-24
   .12481000E-24
   .12456000E-24
   .12322000E-24
   .12047000E-24
   .12003000E-24
   .11855000E-24
   .11498000E-24
   .11286000E-24
   .10924000E-24
   .10447000E-24
   .10227000E-24
   .10206000E-24
   .10018000E-24
   .98507000E-25
   .98893000E-25
   .97189000E-25
   .96151000E-25
   .94769000E-25
   .93467000E-25
   .90780000E-25
   .89299000E-25
   .86602000E-25
   .84434000E-25
   .83160000E-25
   .81492000E-25
   .79189000E-25
   .77881000E-25
   .76880000E-25
   .75812000E-25
   .74063000E-25
   .74683000E-25
   .74275000E-25
   .72027000E-25
   .69786000E-25
   .70026000E-25
   .68532000E-25
   .65993000E-25
   .65060000E-25
   .63875000E-25
   .62802000E-25
   .62465000E-25
   .63382000E-25
   .61604000E-25
   .61708000E-25
   .60606000E-25
   .58527000E-25
   .55170000E-25
   .52432000E-25
   .47775000E-25
   .44174000E-25
   .41025000E-25
   .41568000E-25
   .43184000E-25
   .43645000E-25
   .43947000E-25
   .43908000E-25
   .44770000E-25
   .45562000E-25
   .47740000E-25
   .48210000E-25
   .48847000E-25
   .46548000E-25
   .45334000E-25
   .44454000E-25
   .43267000E-25
   .44115000E-25
   .45583000E-25
   .45044000E-25
   .43086000E-25
   .40753000E-25
   .38443000E-25
   .37531000E-25
   .36636000E-25
   .36132000E-25
   .36281000E-25
   .34216000E-25
   .30941000E-25
   .31290000E-25
   .32543000E-25
   .34222000E-25
   .35466000E-25
   .34903000E-25
   .32335000E-25
   .28116000E-25
   .25169000E-25
   .23882000E-25
   .24240000E-25
   .23850000E-25
   .25436000E-25
   .26294000E-25
   .23569000E-25
   .24556000E-25
   .26178000E-25
   .28867000E-25
   .30372000E-25
   .34546000E-25
   .35253000E-25
   .35228000E-25
   .30714000E-25
   .27455000E-25
   .24150000E-25
   .21757000E-25
   .20080000E-25
   .23692000E-25
   .26912000E-25
   .29881000E-25
   .30641000E-25
   .30542000E-25
   .30407000E-25
   .31356000E-25
   .29003000E-25
   .26465000E-25
   .25939000E-25
   .22910000E-25
   .19367000E-25
   .18954000E-25
   .18966000E-25
   .20152000E-25
   .22348000E-25
   .22654000E-25
   .23639000E-25
   .25477000E-25
   .24840000E-25
   .23865000E-25
   .24234000E-25
   .24957000E-25
   .24670000E-25
   .23845000E-25
   .22679000E-25
   .22513000E-25
   .20449000E-25
   .19407000E-25
   .19851000E-25
   .20383000E-25
   .19071000E-25
   .18876000E-25
   .19090000E-25
   .18493000E-25
   .20158000E-25
   .23422000E-25
   .24394000E-25
   .23976000E-25
   .20988000E-25
   .17882000E-25
   .15691000E-25
   .15636000E-25
   .15380000E-25
   .18501000E-25
   .20381000E-25
   .21333000E-25
   .20808000E-25
   .21674000E-25
   .24246000E-25
   .25515000E-25
   .24648000E-25
   .24090000E-25
   .23250000E-25
   .21531000E-25
   .21739000E-25
   .23653000E-25
   .25328000E-25
   .27579000E-25
   .27678000E-25
   .25394000E-25
   .21177000E-25
   .19286000E-25
   .18010000E-25
   .16807000E-25
   .14521000E-25
   .13922000E-25
   .15229000E-25
   .15822000E-25
   .15839000E-25
   .18598000E-25
   .19047000E-25
   .15425000E-25
   .12179000E-25
   .11796000E-25
   .12929000E-25
   .15553000E-25
   .17081000E-25
   .19591000E-25
   .19902000E-25
   .16025000E-25
   .14355000E-25
   .15122000E-25
   .14083000E-25
   .13815000E-25
   .15151000E-25
   .15598000E-25
   .16971000E-25
   .17584000E-25
   .16618000E-25
   .16445000E-25
   .15745000E-25
   .14530000E-25
   .15314000E-25
   .16193000E-25
   .17235000E-25
   .18820000E-25
   .18639000E-25
   .17185000E-25
   .15091000E-25
   .14851000E-25
   .15432000E-25
   .15474000E-25
   .15301000E-25
   .16017000E-25
   .13521000E-25
   .10939000E-25
   .12237000E-25
   .15303000E-25
   .17764000E-25
   .20063000E-25
   .21176000E-25
   .20393000E-25
   .15894000E-25
   .14246000E-25
   .13571000E-25
   .14787000E-25
   .14967000E-25
   .16878000E-25
   .18356000E-25
   .18742000E-25
   .16686000E-25
   .13272000E-25
   .93265000E-26
   .41888000E-26
   .41453000E-27
   .00000000    
   .13752000E-26
   .46969000E-26
   .86007000E-26
   .11368000E-25
   .12383000E-25
   .13643000E-25
   .13405000E-25
   .12246000E-25
   .12691000E-25
   .14063000E-25
   .12564000E-25
   .10391000E-25
   .12433000E-25
   .13155000E-25
   .13546000E-25
   .14360000E-25
   .15038000E-25
   .12647000E-25
   .12146000E-25
   .87349000E-26
   .83092000E-26
   .91080000E-26
   .91583000E-26
   .86806000E-26
   .95991000E-26
   .10800000E-25
   .12116000E-25
   .14160000E-25
   .13825000E-25
   .14489000E-25
   .13398000E-25
   .11683000E-25
   .11231000E-25
   .11185000E-25
   .10828000E-25
   .12699000E-25
   .14754000E-25
   .13363000E-25
   .12975000E-25
   .11617000E-25
   .10914000E-25
   .94791000E-26
   .10486000E-25
   .11508000E-25
   .12900000E-25
   .92059000E-26
   .77541000E-26
   .51805000E-26
   .32666000E-26
   .44320000E-26
   .74067000E-26
   .99979000E-26
   .12731000E-25
   .14468000E-25
   .12316000E-25
   .12277000E-25
   .12218000E-25
   .10428000E-25
   .85270000E-26
   .79576000E-26
   .57869000E-26
   .43589000E-26
   .52838000E-26
   .67629000E-26
   .88628000E-26
   .11213000E-25
   .11778000E-25
   .12084000E-25
   .95459000E-26
   .67337000E-26
   .43011000E-26
   .41514000E-26
   .46150000E-26
   .71009000E-26
   .94908000E-26
   .12755000E-25
   .14613000E-25
   .16848000E-25
   .18445000E-25
   .19381000E-25
   .20556000E-25
   .18713000E-25
   .15001000E-25
   .13030000E-25
   .11363000E-25
   .80567000E-26
   .66248000E-26
   .78241000E-26
   .70546000E-26
   .76652000E-26
   .77343000E-26
   .94678000E-26
   .94313000E-26
   .91815000E-26
   .77442000E-26
   .84030000E-26
   .80787000E-26
   .84001000E-26
   .76903000E-26
   .77839000E-26
   .87229000E-26
   .94746000E-26
   .98214000E-26
   .13506000E-25
   .17334000E-25
   .18267000E-25
   .17678000E-25
   .16195000E-25
   .14979000E-25
   .11437000E-25
   .94398000E-26
   .83223000E-26
   .84625000E-26
   .78840000E-26
   .97668000E-26
   .11859000E-25
   .15221000E-25
   .15293000E-25
   .16530000E-25
   .14951000E-25
   .12685000E-25
   .10518000E-25
   .93580000E-26
   .63930000E-26
   .79334000E-26
   .10135000E-25
   .11919000E-25
   .14074000E-25
   .16560000E-25
   .16062000E-25
   .13469000E-25
   .93653000E-26
   .92486000E-26
   .99915000E-26
   .10552000E-25
   .11361000E-25
   .12226000E-25
   .11600000E-25
   .12792000E-25
   .13236000E-25
   .13772000E-25
   .16745000E-25
   .17292000E-25
   .15464000E-25
   .12326000E-25
   .11107000E-25
   .94005000E-26
   .98971000E-26
   .95873000E-26
   .98261000E-26
   .10668000E-25
   .10156000E-25
   .81279000E-26
   .78956000E-26
   .81974000E-26
   .54708000E-26
   .53659000E-26
   .52599000E-26
   .41047000E-26
   .47518000E-26
   .52516000E-26
   .51811000E-26
   .68178000E-26
   .69331000E-26
   .61869000E-26
   .92889000E-26
   .11236000E-25
   .11519000E-25
   .14260000E-25
   .15980000E-25
   .14740000E-25
   .12741000E-25
   .10924000E-25
   .87978000E-26
   .70869000E-26
   .56780000E-26
   .71632000E-26
   .77946000E-26
   .71500000E-26
   .97185000E-26
   .98149000E-26
   .85943000E-26
   .83494000E-26
   .93102000E-26
   .72899000E-26
   .95581000E-26
   .10762000E-25
   .10823000E-25
   .89319000E-26
   .75334000E-26
   .48402000E-26
   .46074000E-26
   .37688000E-26
   .42932000E-26
   .58422000E-26
   .77107000E-26
   .51120000E-26
   .47293000E-26
   .28621000E-26
   .29208000E-26
   .33624000E-26
   .47749000E-26
   .71269000E-26
   .83841000E-26
   .81646000E-26
   .66328000E-26
   .61535000E-26
   .67941000E-26
   .96814000E-26
   .10077000E-25
   .11490000E-25
   .11729000E-25
   .10427000E-25
   .72645000E-26
   .73389000E-26
   .64588000E-26
   .70656000E-26
   .69252000E-26
   .89870000E-26
   .71025000E-26
   .54916000E-26
   .35083000E-26
   .29090000E-26
   .20874000E-26
   .33739000E-26
   .29723000E-26
   .15620000E-26
   .00000000    
   .67787000E-28
   .14986000E-26
   .57816000E-26
   .98319000E-26
   .13154000E-25
   .11925000E-25
   .77296000E-26
   .59434000E-26
   .73694000E-26
   .80854000E-26
   .88043000E-26
   .11381000E-25
   .11503000E-25
   .90958000E-26
   .68329000E-26
   .66172000E-26
   .64724000E-26
   .43622000E-26
   .51723000E-26
   .70576000E-26
   .10512000E-25
   .11456000E-25
   .14451000E-25
   .14576000E-25
   .14160000E-25
   .11856000E-25
   .12833000E-25
   .11527000E-25
   .11035000E-25
   .97385000E-26
   .10670000E-25
   .88733000E-26
   .74427000E-26
   .69686000E-26
   .77502000E-26
   .49895000E-26
   .55349000E-26
   .61962000E-26
   .47274000E-26
   .42707000E-26
   .57552000E-26
   .58835000E-26
   .40873000E-26
   .48237000E-26
   .22823000E-26
   .17602000E-26
   .18591000E-26
   .27853000E-26
   .29201000E-26
   .56033000E-26
   .63706000E-26
   .56815000E-26
   .51781000E-26
   .79056000E-26
   .76062000E-26
   .50585000E-26
   .62036000E-26
   .94985000E-26
   .91140000E-26
   .93656000E-26
   .11684000E-25
   .10452000E-25
   .10627000E-25
   .79865000E-26
   .76258000E-26
   .54550000E-26
   .43638000E-26
   .54941000E-27
   .58530000E-27
   .00000000    
   .00000000    
   .20097000E-26
   .55648000E-26
   .59182000E-26
   .72736000E-26
   .65847000E-26
   .58508000E-26
   .53121000E-26
   .71486000E-26
   .95613000E-26
   .12810000E-25
   .12383000E-25
   .10953000E-25
   .10702000E-25
   .69546000E-26
   .56368000E-26
   .75772000E-26
   .84304000E-26
   .89326000E-26
   .10509000E-25
   .12697000E-25
   .12115000E-25
   .12314000E-25
   .98806000E-26
   .96967000E-26
   .84570000E-26
   .73011000E-26
   .54683000E-26
   .44613000E-26
   .25584000E-26
   .45703000E-27
   .18775000E-27
   .16314000E-26
   .20076000E-26
   .18081000E-26
   .22185000E-26
   .13898000E-26
   .64295000E-27
   .24244000E-26
   .35659000E-26
   .36631000E-26
   .50208000E-26
   .54609000E-26
   .30070000E-26
   .17061000E-26
   .00000000    
   .00000000    
   .00000000    
   .66972000E-27
   .34999000E-26
   .61046000E-26
   .92336000E-26
   .10551000E-25
   .86452000E-26
   .77732000E-26
   .84001000E-26
   .80365000E-26
   .73798000E-26
   .79327000E-26
   .76538000E-26
   .74353000E-26
   .62451000E-26
   .59337000E-26
   .48452000E-26
   .64284000E-26
   .56618000E-26
   .54147000E-26
   .41387000E-26
   .34475000E-26
   .34091000E-26
   .28779000E-26
   .51450000E-26
   .81194000E-26
   .95483000E-26
   .74953000E-26
   .88893000E-26
   .75342000E-26
   .55385000E-26
   .52328000E-26
   .55073000E-26
   .65754000E-26
   .72942000E-26
   .76195000E-26
   .62558000E-26
   .70766000E-26
   .51227000E-26
   .32384000E-26
   .19217000E-26
   .35031000E-26
   .31162000E-26
   .27167000E-26
   .33868000E-26
   .54431000E-26
   .63177000E-26
   .73163000E-26
   .87060000E-26
   .96460000E-26
   .61645000E-26
   .46559000E-26
   .47412000E-26
   .55191000E-26
   .60756000E-26
   .76797000E-26
   .51987000E-26
   .25807000E-26
   .28135000E-26
   .12555000E-26
   .17558000E-26
   .35314000E-26
   .32569000E-26
   .00000000    
   .00000000    
   .00000000    
   .00000000    
   .45573000E-27
   .28698000E-26
   .33570000E-26
   .41913000E-26
   .38435000E-26
   .45249000E-26
   .35750000E-26
   .35418000E-26
   .40528000E-26
   .38384000E-26
   .28764000E-26
   .15668000E-26
   .28496000E-26
   .37982000E-26
   .54394000E-26
   .68430000E-26
   .78929000E-26
   .68060000E-26
   .46632000E-26
   .41373000E-26
   .38979000E-26
   .29014000E-26
   .28929000E-26
   .48660000E-26
   .75989000E-26
   .98808000E-26
