# Optical absorption spectrum of Program fragment delivered error ``Can't call method "sample_" on an undefined value at abs.template line 1.'':LA2BE2O5 (Nd:BeL)
# assuming unity concentration per meter.  This data was part of the NASA 
# Laser Spectra Database found on the web until December of 2005 which
# was created by Pat Cross working at NASA Langley Research Center, Internal
# Operations Group, Aerospace Electronics Systems Division, Remote Sensing.
#
# The spectra was collected by MIT on  5 January 1987 and was 
# annotated on  9 February 1988.  The sample name was "" was a 4.0000
# long piece of :.   
# The incident light had unknown polarization.
#
# Spectra were recorded from 300 to 1000nm
# every 0.1nm at room temperature.
#
# FILE NAME AT MIT = NDBELX.DAT ON PC = NDBELX.DAT NO_POINTS = 7001. pts DATA_INTV = 0.100 nm MIN_LAMBDA = 300.000 nm MIN_DATA = 1.0692286 MAX_LAMBDA = 1000.000 nm MAX_DATA = 203091.09 SCANSPEED = ? nm/min SLITWIDTH= ? nmITA = ?. RESP = ? ns ISMS = ? DATE =88/02/17 ? = nnn. DATA SENT FROM ALLIED CHEMICAL, TAKEN BY D. KNOWLES AT MIT.
#
##Wavelength (nm)	Absorbance (/meter) 
300	2652
300.1	2652
300.2	2653
300.3	2653
300.4	2653
300.5	2654
300.6	2654
300.7	2669
300.8	2675
300.9	2704
301	2682
301.1	2682
301.2	2694
301.3	2642
301.4	2660
301.5	2649
301.6	2684
301.7	2742
301.8	2736
301.9	2743
302	2778
302.1	2801
302.2	2853
302.3	2882
302.4	2912
302.5	2941
302.6	3039
302.7	3173
302.8	3427
302.9	3641
303	3606
303.1	3457
303.2	3324
303.3	3319
303.4	3389
303.5	3447
303.6	3586
303.7	3730
303.8	3961
303.9	4222
304	4412
304.1	4297
304.2	3992
304.3	3796
304.4	3733
304.5	3791
304.6	3918
304.7	4057
304.8	4277
304.9	4531
305	4762
305.1	4832
305.2	4665
305.3	4411
305.4	4256
305.5	4152
305.6	4129
305.7	4124
305.8	4188
305.9	4333
306	4518
306.1	4691
306.2	4703
306.3	4496
306.4	4202
306.5	3994
306.6	3873
306.7	3804
306.8	3764
306.9	3788
307	3805
307.1	3846
307.2	3852
307.3	3807
307.4	3726
307.5	3628
307.6	3559
307.7	3485
307.8	3497
307.9	3549
308	3601
308.1	3590
308.2	3544
308.3	3418
308.4	3343
308.5	3297
308.6	3263
308.7	3234
308.8	3229
308.9	3189
309	3155
309.1	3132
309.2	3092
309.3	3040
309.4	3041
309.5	2983
309.6	3001
309.7	3030
309.8	3048
309.9	3054
310	3008
310.1	2957
310.2	2905
310.3	2842
310.4	2784
310.5	2716
310.6	2710
310.7	2687
310.8	2670
310.9	2688
311	2665
311.1	2660
311.2	2631
311.3	2649
311.4	2638
311.5	2621
311.6	2656
311.7	2627
311.8	2611
311.9	2617
312	2588
312.1	2577
312.2	2548
312.3	2503
312.4	2497
312.5	2469
312.6	2440
312.7	2458
312.8	2441
312.9	2407
313	2424
313.1	2413
313.2	2408
313.3	2385
313.4	2385
313.5	2432
313.6	2409
313.7	2369
313.8	2375
313.9	2387
314	2399
314.1	2371
314.2	2377
314.3	2354
314.4	2389
314.5	2389
314.6	2355
314.7	2361
314.8	2361
314.9	2391
315	2374
315.1	2380
315.2	2380
315.3	2392
315.4	2387
315.5	2358
315.6	2359
315.7	2359
315.8	2382
315.9	2406
316	2418
316.1	2378
316.2	2390
316.3	2425
316.4	2396
316.5	2385
316.6	2379
316.7	2374
316.8	2380
316.9	2381
317	2387
317.1	2370
317.2	2376
317.3	2365
317.4	2382
317.5	2337
317.6	2314
317.7	2355
317.8	2349
317.9	2332
318	2338
318.1	2344
318.2	2333
318.3	2328
318.4	2322
318.5	2329
318.6	2329
318.7	2329
318.8	2318
318.9	2307
319	2307
319.1	2331
319.2	2314
319.3	2326
319.4	2326
319.5	2338
319.6	2292
319.7	2189
319.8	1923
319.9	1872
320	1878
320.1	1867
320.2	1884
320.3	1896
320.4	1902
320.5	1885
320.6	1880
320.7	1863
320.8	1846
320.9	1846
321	1835
321.1	1853
321.2	1824
321.3	1808
321.4	1819
321.5	1866
321.6	1907
321.7	1907
321.8	1867
321.9	1850
322	1868
322.1	1903
322.2	1926
322.3	1932
322.4	1915
322.5	1927
322.6	1916
322.7	1922
322.8	1940
322.9	1952
323	1935
323.1	1935
323.2	1953
323.3	1999
323.4	1988
323.5	2023
323.6	2029
323.7	2076
323.8	2093
323.9	2123
324	2158
324.1	2152
324.2	2193
324.3	2245
324.4	2280
324.5	2344
324.6	2362
324.7	2408
324.8	2432
324.9	2473
325	2484
325.1	2548
325.2	2578
325.3	2647
325.4	2694
325.5	2775
325.6	2873
325.7	2897
325.8	2955
325.9	3053
326	3140
326.1	3187
326.2	3280
326.3	3343
326.4	3419
326.5	3494
326.6	3575
326.7	3605
326.8	3663
326.9	3726
327	3825
327.1	3866
327.2	3941
327.3	4028
327.4	4103
327.5	4202
327.6	4295
327.7	4358
327.8	4474
327.9	4590
328	4694
328.1	4775
328.2	4851
328.3	4955
328.4	4996
328.5	5060
328.6	5106
328.7	5124
328.8	5147
328.9	5182
329	5223
329.1	5264
329.2	5287
329.3	5357
329.4	5369
329.5	5444
329.6	5525
329.7	5583
329.8	5670
329.9	5723
330	5815
330.1	5850
330.2	5914
330.3	5943
330.4	6002
330.5	6025
330.6	6008
330.7	6037
330.8	6084
330.9	6078
331	6067
331.1	6027
331.2	5987
331.3	5982
331.4	5988
331.5	6000
331.6	6012
331.7	6018
331.8	6024
331.9	6024
332	6053
332.1	6077
332.2	6106
332.3	6118
332.4	6090
332.5	6067
332.6	6056
332.7	6108
332.8	6114
332.9	6091
333	6074
333.1	6034
333.2	6075
333.3	6104
333.4	6122
333.5	6163
333.6	6186
333.7	6221
333.8	6268
333.9	6262
334	6343
334.1	6309
334.2	6338
334.3	6368
334.4	6426
334.5	6409
334.6	6449
334.7	6421
334.8	6410
334.9	6474
335	6514
335.1	6509
335.2	6498
335.3	6481
335.4	6452
335.5	6435
335.6	6413
335.7	6396
335.8	6396
335.9	6425
336	6483
336.1	6616
336.2	6738
336.3	6686
336.4	6508
336.5	6266
336.6	6018
336.7	5799
336.8	5632
336.9	5528
337	5465
337.1	5356
337.2	5287
337.3	5224
337.4	5126
337.5	5051
337.6	4983
337.7	4862
337.8	4741
337.9	4649
338	4545
338.1	4442
338.2	4356
338.3	4264
338.4	4195
338.5	4137
338.6	4097
338.7	4028
338.8	3954
338.9	3931
339	3897
339.1	3828
339.2	3776
339.3	3719
339.4	3679
339.5	3673
339.6	3668
339.7	3651
339.8	3617
339.9	3611
340	3617
340.1	3635
340.2	3618
340.3	3630
340.4	3642
340.5	3602
340.6	3591
340.7	3597
340.8	3615
340.9	3580
341	3586
341.1	3535
341.2	3529
341.3	3530
341.4	3478
341.5	3455
341.6	3438
341.7	3462
341.8	3399
341.9	3370
342	3382
342.1	3377
342.2	3342
342.3	3302
342.4	3309
342.5	3309
342.6	3223
342.7	3223
342.8	3235
342.9	3224
343	3218
343.1	3190
343.2	3179
343.3	3173
343.4	3191
343.5	3209
343.6	3186
343.7	3192
343.8	3250
343.9	3285
344	3308
344.1	3367
344.2	3396
344.3	3413
344.4	3512
344.5	3564
344.6	3617
344.7	3709
344.8	3779
344.9	3825
345	3901
345.1	3953
345.2	4005
345.3	4069
345.4	4110
345.5	4110
345.6	4076
345.7	4024
345.8	4042
345.9	3996
346	3933
346.1	3905
346.2	3905
346.3	3877
346.4	3848
346.5	3843
346.6	3866
346.7	3878
346.8	3942
346.9	4006
347	4081
347.1	4191
347.2	4232
347.3	4290
347.4	4290
347.5	4273
347.6	4285
347.7	4257
347.8	4274
347.9	4281
348	4310
348.1	4339
348.2	4322
348.3	4317
348.4	4323
348.5	4346
348.6	4329
348.7	4353
348.8	4393
348.9	4463
349	4527
349.1	4608
349.2	4707
349.3	4857
349.4	5059
349.5	5273
349.6	5470
349.7	5643
349.8	5817
349.9	5985
350	6216
350.1	6534
350.2	6903
350.3	7377
350.4	7874
350.5	8486
350.6	9139
350.7	9884
350.8	10727
350.9	11691
351	12921
351.1	14381
351.2	16246
351.3	18532
351.4	21170
351.5	23485
351.6	25050
351.7	25362
351.8	24785
351.9	23758
352	22794
352.1	22229
352.2	21975
352.3	22085
352.4	22444
352.5	22894
352.6	23449
352.7	24049
352.8	24760
352.9	25320
353	25782
353.1	26077
353.2	26256
353.3	26689
353.4	27330
353.5	28266
353.6	29588
353.7	31256
353.8	33104
353.9	35118
354	36966
354.1	38473
354.2	39425
354.3	39593
354.4	38924
354.5	37418
354.6	35421
354.7	33101
354.8	30966
354.9	29113
355	27561
355.1	26292
355.2	25282
355.3	24399
355.4	23609
355.5	22882
355.6	22184
355.7	21642
355.8	21174
355.9	20753
356	20413
356.1	20119
356.2	19819
356.3	19572
356.4	19381
356.5	19191
356.6	19007
356.7	18938
356.8	18875
356.9	18800
357	18633
357.1	18478
357.2	18392
357.3	18346
357.4	18358
357.5	18387
357.6	18439
357.7	18503
357.8	18561
357.9	18550
358	18510
358.1	18406
358.2	18280
358.3	18078
358.4	17969
358.5	17825
358.6	17704
358.7	17670
358.8	17612
358.9	17630
359	17780
359.1	18012
359.2	18393
359.3	18942
359.4	19640
359.5	20189
359.6	20466
359.7	20259
359.8	19584
359.9	18719
360	17894
360.1	17230
360.2	16855
360.3	16590
360.4	16550
360.5	16626
360.6	16776
360.7	17059
360.8	17579
360.9	18318
361	19323
361.1	20443
361.2	21523
361.3	22198
361.4	22176
361.5	21466
361.6	20450
361.7	19643
361.8	19210
361.9	19320
362	20002
362.1	21318
362.2	23408
362.3	25994
362.4	28522
362.5	29972
362.6	29960
362.7	29257
362.8	28611
362.9	28074
363	27584
363.1	27209
363.2	26967
363.3	26835
363.4	27129
363.5	27793
363.6	28885
363.7	30311
363.8	31719
363.9	32378
364	31778
364.1	30070
364.2	28033
364.3	26134
364.4	24576
364.5	23335
364.6	22268
364.7	21420
364.8	20797
364.9	20480
365	20584
365.1	21150
365.2	21999
365.3	22940
365.4	23396
365.5	22796
365.6	21123
365.7	19109
365.8	17204
365.9	15721
366	14619
366.1	13627
366.2	12727
366.3	11856
366.4	10932
366.5	10044
366.6	9219
366.7	8538
366.8	7932
366.9	7459
367	7067
367.1	6727
367.2	6312
367.3	5983
367.4	5678
367.5	5384
367.6	5107
367.7	4842
367.8	4582
367.9	4317
368	4035
368.1	3695
368.2	3366
368.3	3118
368.4	2865
368.5	2686
368.6	2565
368.7	2502
368.8	2445
368.9	2410
369	2399
369.1	2296
369.2	2163
369.3	2019
369.4	1818
369.5	1668
369.6	1547
369.7	1438
369.8	1352
369.9	1283
370	1202
370.1	1191
370.2	1163
370.3	1088
370.4	1054
370.5	1014
370.6	1008
370.7	985
370.8	951
370.9	963
371	969
371.1	912
371.2	860
371.3	826
371.4	849
371.5	844
371.6	827
371.7	822
371.8	805
371.9	782
372	753
372.1	754
372.2	789
372.3	783
372.4	784
372.5	738
372.6	727
372.7	744
372.8	722
372.9	716
373	699
373.1	728
373.2	729
373.3	746
373.4	718
373.5	695
373.6	707
373.7	725
373.8	725
373.9	691
374	668
374.1	663
374.2	657
374.3	652
374.4	664
374.5	670
374.6	653
374.7	648
374.8	665
374.9	671
375	683
375.1	701
375.2	684
375.3	656
375.4	644
375.5	656
375.6	691
375.7	686
375.8	680
375.9	629
376	658
376.1	606
376.2	647
376.3	659
376.4	654
376.5	654
376.6	649
376.7	643
376.8	638
376.9	615
377	621
377.1	668
377.2	639
377.3	628
377.4	623
377.5	623
377.6	646
377.7	653
377.8	630
377.9	636
378	642
378.1	666
378.2	660
378.3	660
378.4	649
378.5	621
378.6	644
378.7	650
378.8	622
378.9	657
379	651
379.1	663
379.2	641
379.3	629
379.4	607
379.5	624
379.6	613
379.7	648
379.8	724
379.9	747
380	736
380.1	725
380.2	754
380.3	760
380.4	755
380.5	743
380.6	784
380.7	773
380.8	762
380.9	751
381	757
381.1	780
381.2	763
381.3	769
381.4	793
381.5	776
381.6	782
381.7	776
381.8	765
381.9	754
382	795
382.1	801
382.2	807
382.3	796
382.4	825
382.5	831
382.6	832
382.7	844
382.8	850
382.9	867
383	845
383.1	805
383.2	793
383.3	794
383.4	817
383.5	794
383.6	812
383.7	830
383.8	842
383.9	859
384	848
384.1	860
384.2	918
384.3	913
384.4	948
384.5	919
384.6	908
384.7	937
384.8	915
384.9	869
385	892
385.1	898
385.2	928
385.3	887
385.4	871
385.5	940
385.6	946
385.7	970
385.8	1005
385.9	1109
386	1236
386.1	1410
386.2	1416
386.3	1289
386.4	1157
386.5	1036
386.6	961
386.7	933
386.8	881
386.9	864
387	865
387.1	848
387.2	831
387.3	854
387.4	855
387.5	838
387.6	867
387.7	913
387.8	908
387.9	903
388	868
388.1	817
388.2	817
388.3	835
388.4	812
388.5	812
388.6	784
388.7	790
388.8	767
388.9	796
389	808
389.1	774
389.2	774
389.3	798
389.4	758
389.5	770
389.6	718
389.7	724
389.8	742
389.9	725
390	748
390.1	720
390.2	703
390.3	726
390.4	744
390.5	768
390.6	710
390.7	728
390.8	751
390.9	746
391	688
391.1	677
391.2	701
391.3	707
391.4	701
391.5	696
391.6	679
391.7	703
391.8	680
391.9	686
392	692
392.1	698
392.2	704
392.3	705
392.4	711
392.5	694
392.6	712
392.7	723
392.8	712
392.9	741
393	713
393.1	702
393.2	702
393.3	702
393.4	703
393.5	697
393.6	727
393.7	721
393.8	727
393.9	733
394	682
394.1	676
394.2	671
394.3	706
394.4	689
394.5	689
394.6	667
394.7	673
394.8	708
394.9	679
395	662
395.1	657
395.2	680
395.3	698
395.4	675
395.5	681
395.6	641
395.7	671
395.8	665
395.9	683
396	631
396.1	672
396.2	684
396.3	638
396.4	685
396.5	650
396.6	639
396.7	657
396.8	651
396.9	652
397	646
397.1	670
397.2	664
397.3	653
397.4	677
397.5	666
397.6	654
397.7	678
397.8	667
397.9	667
398	673
398.1	650
398.2	662
398.3	663
398.4	646
398.5	658
398.6	646
398.7	658
398.8	676
398.9	682
399	677
399.1	637
399.2	654
399.3	649
399.4	690
399.5	661
399.6	656
399.7	673
399.8	662
399.9	634
400	657
400.1	669
400.2	664
400.3	658
400.4	687
400.5	647
400.6	665
400.7	671
400.8	689
400.9	672
401	661
401.1	650
401.2	656
401.3	668
401.4	639
401.5	634
401.6	628
401.7	646
401.8	664
401.9	647
402	647
402.1	653
402.2	653
402.3	648
402.4	614
402.5	655
402.6	666
402.7	644
402.8	627
402.9	668
403	622
403.1	605
403.2	605
403.3	634
403.4	646
403.5	664
403.6	647
403.7	630
403.8	630
403.9	642
404	625
404.1	643
404.2	614
404.3	621
404.4	638
404.5	667
404.6	662
404.7	674
404.8	651
404.9	634
405	623
405.1	646
405.2	606
405.3	618
405.4	613
405.5	625
405.6	643
405.7	649
405.8	626
405.9	620
406	632
406.1	639
406.2	633
406.3	622
406.4	611
406.5	628
406.6	658
406.7	646
406.8	641
406.9	676
407	676
407.1	659
407.2	642
407.3	637
407.4	649
407.5	649
407.6	627
407.7	627
407.8	627
407.9	605
408	622
408.1	634
408.2	600
408.3	646
408.4	647
408.5	636
408.6	636
408.7	607
408.8	631
408.9	591
409	603
409.1	632
409.2	632
409.3	610
409.4	616
409.5	604
409.6	605
409.7	611
409.8	629
409.9	641
410	595
410.1	584
410.2	624
410.3	625
410.4	596
410.5	614
410.6	620
410.7	603
410.8	598
410.9	592
411	598
411.1	604
411.2	622
411.3	599
411.4	588
411.5	612
411.6	629
411.7	630
411.8	601
411.9	602
412	625
412.1	602
412.2	597
412.3	614
412.4	615
412.5	609
412.6	616
412.7	616
412.8	628
412.9	628
413	646
413.1	617
413.2	647
413.3	583
413.4	561
413.5	573
413.6	590
413.7	602
413.8	614
413.9	620
414	615
414.1	586
414.2	581
414.3	616
414.4	639
414.5	605
414.6	611
414.7	606
414.8	595
414.9	560
415	618
415.1	665
415.2	608
415.3	614
415.4	574
415.5	609
415.6	603
415.7	604
415.8	604
415.9	610
416	599
416.1	622
416.2	623
416.3	617
416.4	623
416.5	624
416.6	647
416.7	619
416.8	607
416.9	637
417	614
417.1	614
417.2	638
417.3	621
417.4	638
417.5	668
417.6	645
417.7	628
417.8	646
417.9	652
418	664
418.1	681
418.2	670
418.3	659
418.4	665
418.5	660
418.6	666
418.7	637
418.8	643
418.9	638
419	610
419.1	621
419.2	633
419.3	651
419.4	698
419.5	681
419.6	658
419.7	693
419.8	711
419.9	694
420	694
420.1	671
420.2	689
420.3	689
420.4	690
420.5	684
420.6	673
420.7	650
420.8	720
420.9	714
421	721
421.1	738
421.2	733
421.3	739
421.4	757
421.5	734
421.6	752
421.7	775
421.8	758
421.9	741
422	747
422.1	748
422.2	731
422.3	731
422.4	731
422.5	732
422.6	749
422.7	709
422.8	698
422.9	722
423	722
423.1	751
423.2	757
423.3	740
423.4	723
423.5	753
423.6	713
423.7	730
423.8	713
423.9	714
424	743
424.1	795
424.2	755
424.3	779
424.4	773
424.5	814
424.6	849
424.7	843
424.8	867
424.9	890
425	931
425.1	955
425.2	984
425.3	1059
425.4	1158
425.5	1250
425.6	1383
425.7	1522
425.8	1759
425.9	1979
426	2170
426.1	2291
426.2	2332
426.3	2229
426.4	2044
426.5	1837
426.6	1635
426.7	1514
426.8	1451
426.9	1388
427	1302
427.1	1256
427.2	1239
427.3	1176
427.4	1113
427.5	1067
427.6	1039
427.7	1027
427.8	1051
427.9	1022
428	1028
428.1	1023
428.2	995
428.3	972
428.4	932
428.5	921
428.6	927
428.7	881
428.8	864
428.9	847
429	870
429.1	859
429.2	848
429.3	866
429.4	854
429.5	832
429.6	826
429.7	856
429.8	850
429.9	891
430	885
430.1	926
430.2	938
430.3	933
430.4	962
430.5	957
430.6	986
430.7	951
430.8	935
430.9	935
431	970
431.1	1028
431.2	1103
431.3	1115
431.4	1104
431.5	1145
431.6	1139
431.7	1163
431.8	1186
431.9	1221
432	1239
432.1	1239
432.2	1245
432.3	1286
432.4	1379
432.5	1581
432.6	1974
432.7	2690
432.8	3989
432.9	5923
433	7505
433.1	6922
433.2	4978
433.3	3477
433.4	2710
433.5	2306
433.6	2151
433.7	2105
433.8	2209
433.9	2302
434	2395
434.1	2470
434.2	2505
434.3	2505
434.4	2506
434.5	2610
434.6	2749
434.7	2911
434.8	3108
434.9	3345
435	3633
435.1	3767
435.2	3623
435.3	3288
435.4	2838
435.5	2504
435.6	2279
435.7	2210
435.8	2234
435.9	2315
436	2431
436.1	2506
436.2	2593
436.3	2674
436.4	2773
436.5	2935
436.6	3149
436.7	3489
436.8	3952
436.9	4616
437	5430
437.1	6446
437.2	7295
437.3	7595
437.4	7088
437.5	6003
437.6	4832
437.7	3874
437.8	3176
437.9	2738
438	2380
438.1	2109
438.2	1954
438.3	1879
438.4	1770
438.5	1701
438.6	1597
438.7	1517
438.8	1454
438.9	1391
439	1333
439.1	1310
439.2	1282
439.3	1248
439.4	1248
439.5	1260
439.6	1255
439.7	1255
439.8	1249
439.9	1227
440	1164
440.1	1100
440.2	1055
440.3	1026
440.4	952
440.5	946
440.6	894
440.7	866
440.8	843
440.9	838
441	827
441.1	792
441.2	770
441.3	764
441.4	730
441.5	725
441.6	725
441.7	731
441.8	726
441.9	761
442	761
442.1	779
442.2	802
442.3	854
442.4	884
442.5	890
442.6	838
442.7	787
442.8	700
442.9	672
443	609
443.1	534
443.2	494
443.3	489
443.4	495
443.5	478
443.6	467
443.7	455
443.8	473
443.9	433
444	404
444.1	411
444.2	434
444.3	406
444.4	400
444.5	366
444.6	395
444.7	424
444.8	442
444.9	431
445	397
445.1	403
445.2	409
445.3	426
445.4	392
445.5	421
445.6	410
445.7	405
445.8	371
445.9	377
446	389
446.1	389
446.2	424
446.3	407
446.4	402
446.5	402
446.6	408
446.7	408
446.8	420
446.9	449
447	444
447.1	416
447.2	416
447.3	416
447.4	428
447.5	423
447.6	440
447.7	441
447.8	412
447.9	401
448	384
448.1	390
448.2	396
448.3	437
448.4	449
448.5	449
448.6	444
448.7	433
448.8	445
448.9	439
449	457
449.1	457
449.2	458
449.3	446
449.4	441
449.5	430
449.6	459
449.7	471
449.8	483
449.9	466
450	449
450.1	449
450.2	490
450.3	462
450.4	468
450.5	439
450.6	463
450.7	446
450.8	498
450.9	493
451	516
451.1	488
451.2	488
451.3	523
451.4	552
451.5	541
451.6	541
451.7	565
451.8	588
451.9	577
452	589
452.1	601
452.2	630
452.3	596
452.4	619
452.5	648
452.6	649
452.7	684
452.8	690
452.9	736
453	754
453.1	754
453.2	789
453.3	819
453.4	819
453.5	848
453.6	872
453.7	895
453.8	907
453.9	954
454	1000
454.1	1075
454.2	1099
454.3	1145
454.4	1209
454.5	1227
454.6	1233
454.7	1285
454.8	1297
454.9	1332
455	1321
455.1	1298
455.2	1281
455.3	1305
455.4	1282
455.5	1294
455.6	1300
455.7	1295
455.8	1295
455.9	1353
456	1365
456.1	1383
456.2	1406
456.3	1458
456.4	1517
456.5	1575
456.6	1569
456.7	1581
456.8	1587
456.9	1588
457	1605
457.1	1623
457.2	1606
457.3	1589
457.4	1578
457.5	1567
457.6	1521
457.7	1492
457.8	1504
457.9	1487
458	1534
458.1	1523
458.2	1506
458.3	1477
458.4	1478
458.5	1478
458.6	1490
458.7	1479
458.8	1485
458.9	1549
459	1578
459.1	1601
459.2	1619
459.3	1602
459.4	1643
459.5	1672
459.6	1707
459.7	1730
459.8	1748
459.9	1766
460	1806
460.1	1841
460.2	1882
460.3	1935
460.4	1987
460.5	2051
460.6	2068
460.7	2109
460.8	2161
460.9	2208
461	2260
461.1	2318
461.2	2359
461.3	2417
461.4	2469
461.5	2539
461.6	2586
461.7	2644
461.8	2673
461.9	2685
462	2708
462.1	2737
462.2	2744
462.3	2738
462.4	2744
462.5	2745
462.6	2728
462.7	2711
462.8	2723
462.9	2711
463	2735
463.1	2735
463.2	2770
463.3	2794
463.4	2846
463.5	2846
463.6	2881
463.7	2864
463.8	2911
463.9	2963
464	2975
464.1	2964
464.2	2970
464.3	3022
464.4	3086
464.5	3156
464.6	3249
464.7	3336
464.8	3446
464.9	3521
465	3637
465.1	3741
465.2	3868
465.3	3898
465.4	3915
465.5	3916
465.6	3887
465.7	3841
465.8	3761
465.9	3680
466	3623
466.1	3577
466.2	3508
466.3	3462
466.4	3411
466.5	3353
466.6	3342
466.7	3325
466.8	3291
466.9	3251
467	3188
467.1	3165
467.2	3131
467.3	3085
467.4	3033
467.5	2988
467.6	2994
467.7	2965
467.8	2919
467.9	2891
468	2862
468.1	2897
468.2	2909
468.3	2875
468.4	2858
468.5	2887
468.6	2922
468.7	2992
468.8	2987
468.9	3027
469	3045
469.1	3074
469.2	3121
469.3	3185
469.4	3266
469.5	3301
469.6	3341
469.7	3417
469.8	3510
469.9	3614
470	3707
470.1	3799
470.2	3903
470.3	4014
470.4	4124
470.5	4222
470.6	4297
470.7	4390
470.8	4489
470.9	4610
471	4697
471.1	4784
471.2	4854
471.3	4941
471.4	5016
471.5	5074
471.6	5098
471.7	5127
471.8	5058
471.9	4960
472	4781
472.1	4591
472.2	4436
472.3	4223
472.4	4027
472.5	3894
472.6	3779
472.7	3699
472.8	3618
472.9	3567
473	3590
473.1	3591
473.2	3585
473.3	3562
473.4	3569
473.5	3598
473.6	3610
473.7	3627
473.8	3662
473.9	3697
474	3738
474.1	3773
474.2	3773
474.3	3762
474.4	3763
474.5	3769
474.6	3740
474.7	3700
474.8	3677
474.9	3678
475	3696
475.1	3725
475.2	3748
475.3	3835
475.4	3916
475.5	4032
475.6	4154
475.7	4287
475.8	4547
475.9	4795
476	5107
476.1	5483
476.2	5801
476.3	6107
476.4	6390
476.5	6564
476.6	6680
476.7	6761
476.8	6917
476.9	7015
477	6993
477.1	6820
477.2	6543
477.3	6232
477.4	5915
477.5	5684
477.6	5552
477.7	5500
477.8	5443
477.9	5351
478	5218
478.1	5092
478.2	4908
478.3	4781
478.4	4666
478.5	4660
478.6	4742
478.7	4863
478.8	5002
478.9	5187
479	5384
479.1	5557
479.2	5736
479.3	5829
479.4	5870
479.5	5813
479.6	5657
479.7	5490
479.8	5363
479.9	5352
480	5416
480.1	5653
480.2	6023
480.3	6485
480.4	6976
480.5	7288
480.6	7179
480.7	6787
480.8	6319
480.9	5985
481	5795
481.1	5732
481.2	5761
481.3	5831
481.4	5964
481.5	6068
481.6	6120
481.7	6167
481.8	6161
481.9	6046
482	5822
482.1	5579
482.2	5257
482.3	4986
482.4	4692
482.5	4444
482.6	4300
482.7	4231
482.8	4231
482.9	4237
483	4301
483.1	4307
483.2	4198
483.3	4008
483.4	3789
483.5	3553
483.6	3316
483.7	3115
483.8	2982
483.9	2896
484	2804
484.1	2729
484.2	2637
484.3	2592
484.4	2540
484.5	2442
484.6	2414
484.7	2351
484.8	2328
484.9	2323
485	2184
485.1	2156
485.2	2093
485.3	2122
485.4	2117
485.5	2134
485.6	2106
485.7	2066
485.8	2020
485.9	1986
486	1928
486.1	1854
486.2	1756
486.3	1687
486.4	1589
486.5	1468
486.6	1405
486.7	1377
486.8	1313
486.9	1302
487	1268
487.1	1216
487.2	1165
487.3	1119
487.4	1096
487.5	1056
487.6	1039
487.7	1005
487.8	982
487.9	931
488	919
488.1	885
488.2	897
488.3	874
488.4	834
488.5	829
488.6	783
488.7	772
488.8	755
488.9	750
489	779
489.1	744
489.2	693
489.3	676
489.4	682
489.5	630
489.6	642
489.7	637
489.8	585
489.9	551
490	540
490.1	511
490.2	466
490.3	489
490.4	495
490.5	490
490.6	473
490.7	462
490.8	462
490.9	462
491	445
491.1	434
491.2	394
491.3	354
491.4	343
491.5	332
491.6	297
491.7	257
491.8	240
491.9	229
492	224
492.1	230
492.2	225
492.3	213
492.4	231
492.5	237
492.6	226
492.7	221
492.8	232
492.9	204
493	204
493.1	222
493.2	217
493.3	188
493.4	200
493.5	200
493.6	183
493.7	213
493.8	224
493.9	213
494	225
494.1	231
494.2	232
494.3	261
494.4	267
494.5	262
494.6	279
494.7	285
494.8	274
494.9	286
495	298
495.1	310
495.2	310
495.3	334
495.4	340
495.5	340
495.6	375
495.7	393
495.8	416
495.9	411
496	452
496.1	487
496.2	499
496.3	545
496.4	528
496.5	592
496.6	604
496.7	622
496.8	657
496.9	692
497	732
497.1	779
497.2	808
497.3	872
497.4	930
497.5	953
497.6	983
497.7	1006
497.8	1035
497.9	1076
498	1128
498.1	1227
498.2	1256
498.3	1308
498.4	1413
498.5	1465
498.6	1581
498.7	1621
498.8	1697
498.9	1795
499	1888
499.1	1987
499.2	2149
499.3	2299
499.4	2444
499.5	2571
499.6	2733
499.7	2849
499.8	2976
499.9	3046
500	3109
500.1	3179
500.2	3249
500.3	3232
500.4	3203
500.5	3215
500.6	3192
500.7	3164
500.8	3135
500.9	3095
501	3078
501.1	3090
501.2	3079
501.3	3085
501.4	3080
501.5	3103
501.6	3173
501.7	3243
501.8	3272
501.9	3324
502	3399
502.1	3475
502.2	3550
502.3	3597
502.4	3626
502.5	3661
502.6	3679
502.7	3691
502.8	3702
502.9	3720
503	3703
503.1	3669
503.2	3606
503.3	3566
503.4	3491
503.5	3399
503.6	3313
503.7	3261
503.8	3204
503.9	3204
504	3182
504.1	3159
504.2	3096
504.3	3102
504.4	3108
504.5	3085
504.6	3057
504.7	3097
504.8	3132
504.9	3127
505	3168
505.1	3209
505.2	3215
505.3	3227
505.4	3302
505.5	3383
505.6	3372
505.7	3384
505.8	3390
505.9	3454
506	3489
506.1	3506
506.2	3553
506.3	3582
506.4	3617
506.5	3641
506.6	3670
506.7	3728
506.8	3774
506.9	3798
507	3856
507.1	3914
507.2	3949
507.3	4001
507.4	4077
507.5	4141
507.6	4187
507.7	4239
507.8	4309
507.9	4361
508	4425
508.1	4449
508.2	4507
508.3	4547
508.4	4588
508.5	4646
508.6	4693
508.7	4716
508.8	4763
508.9	4804
509	4862
509.1	4862
509.2	4857
509.3	4886
509.4	4909
509.5	4927
509.6	4962
509.7	5008
509.8	5043
509.9	5130
510	5142
510.1	5177
510.2	5253
510.3	5340
510.4	5380
510.5	5462
510.6	5554
510.7	5612
510.8	5728
510.9	5879
511	5994
511.1	6145
511.2	6295
511.3	6446
511.4	6613
511.5	6833
511.6	7035
511.7	7261
511.8	7492
511.9	7758
512	8087
512.1	8388
512.2	8781
512.3	9197
512.4	9693
512.5	10242
512.6	10750
512.7	11363
512.8	12021
512.9	12639
513	13216
513.1	13742
513.2	14141
513.3	14453
513.4	14615
513.5	14667
513.6	14517
513.7	14333
513.8	14189
513.9	14039
514	13970
514.1	14011
514.2	14098
514.3	14272
514.4	14451
514.5	14503
514.6	14527
514.7	14481
514.8	14389
514.9	14320
515	14320
515.1	14390
515.2	14477
515.3	14621
515.4	14772
515.5	14928
515.6	15027
515.7	15154
515.8	15247
515.9	15334
516	15438
516.1	15548
516.2	15756
516.3	15981
516.4	16259
516.5	16565
516.6	16854
516.7	17160
516.8	17392
516.9	17582
517	17635
517.1	17606
517.2	17480
517.3	17162
517.4	16718
517.5	16193
517.6	15605
517.7	15080
517.8	14550
517.9	14077
518	13690
518.1	13350
518.2	13091
518.3	12895
518.4	12734
518.5	12642
518.6	12590
518.7	12504
518.8	12481
518.9	12447
519	12436
519.1	12471
519.2	12569
519.3	12639
519.4	12743
519.5	12830
519.6	12876
519.7	12952
519.8	12912
519.9	12866
520	12751
520.1	12566
520.2	12342
520.3	12088
520.4	11783
520.5	11471
520.6	11177
520.7	10889
520.8	10601
520.9	10353
521	10180
521.1	9973
521.2	9846
521.3	9754
521.4	9702
521.5	9651
521.6	9559
521.7	9507
521.8	9473
521.9	9439
522	9433
522.1	9445
522.2	9469
522.3	9521
522.4	9585
522.5	9735
522.6	9909
522.7	10065
522.8	10256
522.9	10412
523	10568
523.1	10615
523.2	10650
523.3	10650
523.4	10639
523.5	10593
523.6	10507
523.7	10484
523.8	10450
523.9	10404
524	10375
524.1	10451
524.2	10503
524.3	10573
524.4	10631
524.5	10706
524.6	10845
524.7	11024
524.8	11210
524.9	11418
525	11701
525.1	11909
525.2	12209
525.3	12585
525.4	12989
525.5	13452
525.6	14041
525.7	14693
525.8	15513
525.9	16414
526	17442
526.1	18568
526.2	19693
526.3	20796
526.4	21766
526.5	22442
526.6	22742
526.7	22697
526.8	22362
526.9	21820
527	21278
527.1	20753
527.2	20326
527.3	20055
527.4	19882
527.5	19819
527.6	19935
527.7	20241
527.8	20692
527.9	21356
528	22355
528.1	23660
528.2	25242
528.3	27326
528.4	29998
528.5	33404
528.6	37439
528.7	41768
528.8	45884
528.9	49105
529	51178
529.1	52304
529.2	52974
529.3	53222
529.4	52795
529.5	51399
529.6	48894
529.7	45530
529.8	41836
529.9	38240
530	34968
530.1	32279
530.2	30143
530.3	28597
530.4	27581
530.5	27085
530.6	27213
530.7	27836
530.8	28743
530.9	29442
531	29488
531.1	28530
531.2	26817
531.3	24941
531.4	23198
531.5	21877
531.6	20867
531.7	20163
531.8	19569
531.9	19090
532	18606
532.1	18087
532.2	17574
532.3	17066
532.4	16472
532.5	16005
532.6	15497
532.7	14961
532.8	14413
532.9	13801
533	13178
533.1	12549
533.2	11955
533.3	11350
533.4	10813
533.5	10346
533.6	9936
533.7	9475
533.8	9118
533.9	8766
534	8472
534.1	8236
534.2	7988
534.3	7763
534.4	7590
534.5	7458
534.6	7406
534.7	7395
534.8	7418
534.9	7488
535	7627
535.1	7754
535.2	7801
535.3	7813
535.4	7842
535.5	7756
535.6	7687
535.7	7549
535.8	7399
535.9	7215
536	6949
536.1	6742
536.2	6454
536.3	6235
536.4	6039
536.5	5883
536.6	5786
536.7	5705
536.8	5711
536.9	5804
537	5874
537.1	5989
537.2	6117
537.3	6233
537.4	6308
537.5	6291
537.6	6159
537.7	5992
537.8	5750
537.9	5548
538	5410
538.1	5248
538.2	5180
538.3	5139
538.4	5105
538.5	5071
538.6	5002
538.7	4956
538.8	4905
538.9	4865
539	4761
539.1	4640
539.2	4496
539.3	4347
539.4	4203
539.5	4041
539.6	3869
539.7	3719
539.8	3523
539.9	3356
540	3172
540.1	3033
540.2	2895
540.3	2803
540.4	2682
540.5	2567
540.6	2470
540.7	2389
540.8	2332
540.9	2251
541	2205
541.1	2142
541.2	2073
541.3	2022
541.4	1953
541.5	1884
541.6	1832
541.7	1763
541.8	1735
541.9	1666
542	1655
542.1	1626
542.2	1615
542.3	1604
542.4	1622
542.5	1657
542.6	1669
542.7	1704
542.8	1750
542.9	1785
543	1797
543.1	1803
543.2	1803
543.3	1810
543.4	1775
543.5	1776
543.6	1707
543.7	1621
543.8	1569
543.9	1500
544	1431
544.1	1374
544.2	1253
544.3	1173
544.4	1144
544.5	1121
544.6	1133
544.7	1110
544.8	1134
544.9	1192
545	1244
545.1	1279
545.2	1285
545.3	1320
545.4	1321
545.5	1298
545.6	1206
545.7	1137
545.8	1022
545.9	930
546	826
546.1	723
546.2	637
546.3	539
546.4	453
546.5	401
546.6	367
546.7	321
546.8	293
546.9	224
547	172
547.1	132
547.2	138
547.3	167
547.4	145
547.5	81
547.6	111
547.7	88
547.8	48
547.9	43
548	49
548.1	9
548.2	10
548.3	10
548.4	10
548.5	10
548.6	10
548.7	10
548.8	10
548.9	40
549	23
549.1	6
549.2	1
549.3	10
549.4	10
549.5	10
549.6	10
549.7	10
549.8	10
549.9	10
550	10
550.1	10
550.2	10
550.3	10
550.4	17
550.5	10
550.6	10
550.7	1
550.8	10
550.9	10
551	13
551.1	10
551.2	10
551.3	10
551.4	10
551.5	3
551.6	4
551.7	10
551.8	10
551.9	11
552	34
552.1	52
552.2	17
552.3	12
552.4	41
552.5	42
552.6	48
552.7	71
552.8	77
552.9	83
553	101
553.1	101
553.2	73
553.3	114
553.4	91
553.5	97
553.6	126
553.7	109
553.8	133
553.9	116
554	134
554.1	169
554.2	175
554.3	152
554.4	164
554.5	176
554.6	176
554.7	165
554.8	160
554.9	200
555	189
555.1	207
555.2	207
555.3	219
555.4	202
555.5	191
555.6	220
555.7	238
555.8	221
555.9	233
556	227
556.1	233
556.2	240
556.3	257
556.4	258
556.5	241
556.6	235
556.7	236
556.8	242
556.9	271
557	260
557.1	260
557.2	243
557.3	290
557.4	290
557.5	290
557.6	291
557.7	274
557.8	274
557.9	251
558	275
558.1	293
558.2	304
558.3	305
558.4	317
558.5	346
558.6	364
558.7	358
558.8	370
558.9	388
559	394
559.1	406
559.2	400
559.3	430
559.4	424
559.5	413
559.6	419
559.7	443
559.8	443
559.9	461
560	472
560.1	484
560.2	496
560.3	537
560.4	549
560.5	532
560.6	544
560.7	527
560.8	545
560.9	574
561	591
561.1	609
561.2	627
561.3	644
561.4	622
561.5	680
561.6	669
561.7	652
561.8	669
561.9	687
562	734
562.1	705
562.2	740
562.3	735
562.4	775
562.5	805
562.6	834
562.7	840
562.8	858
562.9	881
563	893
563.1	911
563.2	923
563.3	940
563.4	969
563.5	1010
563.6	1022
563.7	1040
563.8	1023
563.9	1064
564	1104
564.1	1105
564.2	1105
564.3	1134
564.4	1175
564.5	1164
564.6	1176
564.7	1205
564.8	1223
564.9	1223
565	1235
565.1	1264
565.2	1311
565.3	1317
565.4	1329
565.5	1341
565.6	1387
565.7	1387
565.8	1370
565.9	1423
566	1435
566.1	1452
566.2	1459
566.3	1517
566.4	1546
566.5	1535
566.6	1541
566.7	1587
566.8	1622
566.9	1640
567	1652
567.1	1687
567.2	1716
567.3	1745
567.4	1798
567.5	1833
567.6	1862
567.7	1851
567.8	1932
567.9	1978
568	1990
568.1	2031
568.2	2002
568.3	2043
568.4	2078
568.5	2119
568.6	2137
568.7	2137
568.8	2149
568.9	2236
569	2259
569.1	2254
569.2	2312
569.3	2347
569.4	2359
569.5	2394
569.6	2423
569.7	2446
569.8	2499
569.9	2551
570	2563
570.1	2638
570.2	2662
570.3	2708
570.4	2720
570.5	2767
570.6	2779
570.7	2819
570.8	2872
570.9	2889
571	2953
571.1	3000
571.2	3075
571.3	3162
571.4	3209
571.5	3290
571.6	3354
571.7	3406
571.8	3493
571.9	3597
572	3655
572.1	3731
572.2	3800
572.3	3870
572.4	3951
572.5	4055
572.6	4119
572.7	4195
572.8	4276
572.9	4403
573	4519
573.1	4640
573.2	4750
573.3	4924
573.4	5063
573.5	5173
573.6	5329
573.7	5462
573.8	5595
573.9	5751
574	5919
574.1	6116
574.2	6301
574.3	6480
574.4	6746
574.5	6983
574.6	7220
574.7	7497
574.8	7763
574.9	8087
575	8370
575.1	8728
575.2	9144
575.3	9612
575.4	10068
575.5	10565
575.6	11166
575.7	11830
575.8	12569
575.9	13412
576	14359
576.1	15433
576.2	16674
576.3	17997
576.4	19399
576.5	20831
576.6	22332
576.7	23695
576.8	24855
576.9	25900
577	26726
577.1	27361
577.2	27997
577.3	28828
577.4	29821
577.5	31207
577.6	33060
577.7	35623
577.8	39000
577.9	43266
578	48542
578.1	54736
578.2	61633
578.3	68629
578.4	74101
578.5	77109
578.6	76359
578.7	72296
578.8	66305
578.9	59546
579	53180
579.1	47576
579.2	42780
579.3	38959
579.4	35854
579.5	33356
579.6	31382
579.7	29749
579.8	28433
579.9	27343
580	26333
580.1	25502
580.2	24804
580.3	24198
580.4	23702
580.5	23310
580.6	23005
580.7	22739
580.8	22515
580.9	22405
581	22354
581.1	22360
581.2	22412
581.3	22540
581.4	22777
581.5	23066
581.6	23435
581.7	23909
581.8	24458
581.9	25156
582	25861
582.1	26612
582.2	27414
582.3	28171
582.4	28945
582.5	29609
582.6	30296
582.7	30902
582.8	31613
582.9	32369
583	33212
583.1	34119
583.2	34968
583.3	35834
583.4	36688
583.5	37520
583.6	38334
583.7	38969
583.8	39639
583.9	40355
584	41066
584.1	42076
584.2	43300
584.3	44663
584.4	46192
584.5	47890
584.6	49749
584.7	51602
584.8	53224
584.9	54483
585	55106
585.1	55147
585.2	54536
585.3	53266
585.4	51495
585.5	49354
585.6	47080
585.7	44881
585.8	42734
585.9	40841
586	39174
586.1	37725
586.2	36623
586.3	35821
586.4	35193
586.5	34841
586.6	34789
586.7	34992
586.8	35286
586.9	35829
587	36482
587.1	37261
587.2	38093
587.3	38959
587.4	39802
587.5	40576
587.6	41407
587.7	42193
587.8	42851
587.9	43331
588	43556
588.1	43510
588.2	43170
588.3	42535
588.4	41814
588.5	40880
588.6	39812
588.7	38670
588.8	37516
588.9	36252
589	35017
589.1	33800
589.2	32646
589.3	31630
589.4	30707
589.5	29992
589.6	29536
589.7	29253
589.8	29260
589.9	29554
590	30184
590.1	31079
590.2	32187
590.3	33463
590.4	34630
590.5	35530
590.6	35906
590.7	35641
590.8	34804
590.9	33737
591	32640
591.1	31631
591.2	30794
591.3	30177
591.4	29681
591.5	29364
591.6	29156
591.7	29087
591.8	29169
591.9	29371
592	29585
592.1	29874
592.2	30209
592.3	30550
592.4	30972
592.5	31393
592.6	31792
592.7	32191
592.8	32699
592.9	33161
593	33710
593.1	34229
593.2	34876
593.3	35615
593.4	36424
593.5	37336
593.6	38335
593.7	39415
593.8	40495
593.9	41672
594	42850
594.1	43907
594.2	44894
594.3	45628
594.4	46055
594.5	46084
594.6	45900
594.7	45502
594.8	45041
594.9	44602
595	44256
595.1	43974
595.2	43865
595.3	43842
595.4	43808
595.5	43837
595.6	43739
595.7	43526
595.8	43122
595.9	42511
596	41749
596.1	40803
596.2	39707
596.3	38558
596.4	37300
596.5	36066
596.6	34836
596.7	33671
596.8	32609
596.9	31657
597	30884
597.1	30284
597.2	29806
597.3	29552
597.4	29448
597.5	29547
597.6	29853
597.7	30275
597.8	30916
597.9	31638
598	32469
598.1	33399
598.2	34219
598.3	34889
598.4	35264
598.5	35172
598.6	34590
598.7	33516
598.8	32028
598.9	30117
599	28155
599.1	26107
599.2	24081
599.3	22298
599.4	20584
599.5	19055
599.6	17739
599.7	16579
599.8	15523
599.9	14606
600	13804
600.1	13083
600.2	12500
600.3	11947
600.4	11428
600.5	10972
600.6	10557
600.7	10193
600.8	9853
600.9	9600
601	9311
601.1	9052
601.2	8787
601.3	8574
601.4	8378
601.5	8165
601.6	8015
601.7	7848
601.8	7733
601.9	7670
602	7566
602.1	7474
602.2	7434
602.3	7394
602.4	7365
602.5	7325
602.6	7251
602.7	7165
602.8	7090
602.9	7033
603	6946
603.1	6889
603.2	6745
603.3	6676
603.4	6544
603.5	6377
603.6	6337
603.7	6233
603.8	6158
603.9	6038
604	5980
604.1	5952
604.2	5940
604.3	5929
604.4	5912
604.5	5890
604.6	5850
604.7	5792
604.8	5741
604.9	5718
605	5655
605.1	5580
605.2	5430
605.3	5338
605.4	5218
605.5	5097
605.6	4947
605.7	4791
605.8	4613
605.9	4417
606	4227
606.1	4060
606.2	3916
606.3	3772
606.4	3611
606.5	3444
606.6	3300
606.7	3185
606.8	3075
606.9	2949
607	2920
607.1	2863
607.2	2829
607.3	2806
607.4	2818
607.5	2870
607.6	2882
607.7	2917
607.8	2987
607.9	3033
608	3097
608.1	3143
608.2	3178
608.3	3173
608.4	3087
608.5	3006
608.6	2874
608.7	2736
608.8	2615
608.9	2436
609	2264
609.1	2079
609.2	1912
609.3	1763
609.4	1607
609.5	1457
609.6	1336
609.7	1250
609.8	1158
609.9	1066
610	997
610.1	928
610.2	871
610.3	825
610.4	756
610.5	705
610.6	717
610.7	688
610.8	648
610.9	602
611	585
611.1	574
611.2	517
611.3	483
611.4	466
611.5	449
611.6	403
611.7	386
611.8	380
611.9	352
612	318
612.1	318
612.2	284
612.3	249
612.4	267
612.5	239
612.6	222
612.7	228
612.8	240
612.9	228
613	188
613.1	171
613.2	166
613.3	155
613.4	167
613.5	133
613.6	121
613.7	110
613.8	134
613.9	128
614	140
614.1	106
614.2	100
614.3	95
614.4	84
614.5	90
614.6	84
614.7	68
614.8	45
614.9	45
615	63
615.1	34
615.2	40
615.3	29
615.4	35
615.5	30
615.6	13
615.7	25
615.8	43
615.9	31
616	9
616.1	10
616.2	10
616.3	10
616.4	10
616.5	10
616.6	10
616.7	10
616.8	10
616.9	10
617	10
617.1	10
617.2	10
617.3	10
617.4	10
617.5	10
617.6	10
617.7	10
617.8	10
617.9	10
618	10
618.1	10
618.2	10
618.3	10
618.4	10
618.5	10
618.6	10
618.7	10
618.8	10
618.9	10
619	10
619.1	10
619.2	10
619.3	10
619.4	10
619.5	10
619.6	10
619.7	10
619.8	10
619.9	10
620	10
620.1	10
620.2	10
620.3	10
620.4	10
620.5	10
620.6	10
620.7	10
620.8	10
620.9	10
621	10
621.1	10
621.2	10
621.3	10
621.4	10
621.5	10
621.6	10
621.7	17
621.8	24
621.9	12
622	36
622.1	48
622.2	31
622.3	66
622.4	49
622.5	61
622.6	73
622.7	67
622.8	62
622.9	62
623	80
623.1	80
623.2	75
623.3	98
623.4	156
623.5	162
623.6	192
623.7	180
623.8	215
623.9	274
624	332
624.1	395
624.2	500
624.3	621
624.4	731
624.5	841
624.6	899
624.7	969
624.8	1062
624.9	1201
625	1316
625.1	1490
625.2	1698
625.3	1866
625.4	2010
625.5	2005
625.6	1902
625.7	1740
625.8	1516
625.9	1308
626	1176
626.1	1043
626.2	951
626.3	952
626.4	929
626.5	912
626.6	918
626.7	993
626.8	1028
626.9	1104
627	1122
627.1	1105
627.2	1088
627.3	1048
627.4	956
627.5	852
627.6	829
627.7	841
627.8	824
627.9	773
628	756
628.1	820
628.2	774
628.3	803
628.4	838
628.5	838
628.6	827
628.7	799
628.8	811
628.9	822
629	829
629.1	835
629.2	818
629.3	778
629.4	743
629.5	738
629.6	773
629.7	750
629.8	756
629.9	774
630	763
630.1	757
630.2	769
630.3	781
630.4	793
630.5	788
630.6	800
630.7	788
630.8	725
630.9	679
631	639
631.1	588
631.2	577
631.3	554
631.4	537
631.5	508
631.6	503
631.7	498
631.8	463
631.9	423
632	418
632.1	407
632.2	419
632.3	454
632.4	442
632.5	414
632.6	466
632.7	495
632.8	525
632.9	542
633	589
633.1	612
633.2	601
633.3	630
633.4	660
633.5	660
633.6	672
633.7	701
633.8	701
633.9	719
634	719
634.1	714
634.2	749
634.3	755
634.4	761
634.5	785
634.6	797
634.7	797
634.8	786
634.9	821
635	815
635.1	816
635.2	839
635.3	799
635.4	776
635.5	754
635.6	754
635.7	743
635.8	760
635.9	767
636	727
636.1	756
636.2	722
636.3	693
636.4	705
636.5	653
636.6	602
636.7	579
636.8	562
636.9	585
637	597
637.1	569
637.2	529
637.3	529
637.4	541
637.5	547
637.6	524
637.7	502
637.8	525
637.9	514
638	520
638.1	526
638.2	504
638.3	469
638.4	493
638.5	522
638.6	488
638.7	482
638.8	488
638.9	483
639	501
639.1	547
639.2	513
639.3	531
639.4	542
639.5	543
639.6	543
639.7	544
639.8	521
639.9	533
640	533
640.1	476
640.2	482
640.3	448
640.4	419
640.5	373
640.6	374
640.7	368
640.8	340
640.9	375
641	375
641.1	393
641.2	347
641.3	330
641.4	342
641.5	313
641.6	348
641.7	331
641.8	314
641.9	280
642	298
642.1	292
642.2	310
642.3	345
642.4	322
642.5	317
642.6	306
642.7	318
642.8	347
642.9	330
643	319
643.1	319
643.2	302
643.3	308
643.4	314
643.5	309
643.6	303
643.7	333
643.8	333
643.9	351
644	340
644.1	346
644.2	340
644.3	335
644.4	341
644.5	359
644.6	371
644.7	377
644.8	366
644.9	331
645	320
645.1	343
645.2	321
645.3	304
645.4	287
645.5	287
645.6	264
645.7	236
645.8	254
645.9	266
646	283
646.1	284
646.2	244
646.3	255
646.4	244
646.5	233
646.6	233
646.7	268
646.8	251
646.9	211
647	206
647.1	235
647.2	259
647.3	259
647.4	277
647.5	248
647.6	254
647.7	272
647.8	226
647.9	250
648	238
648.1	221
648.2	228
648.3	245
648.4	240
648.5	234
648.6	235
648.7	195
648.8	201
648.9	213
649	213
649.1	196
649.2	197
649.3	208
649.4	203
649.5	192
649.6	163
649.7	169
649.8	176
649.9	164
650	165
650.1	177
650.2	194
650.3	200
650.4	195
650.5	184
650.6	173
650.7	185
650.8	202
650.9	203
651	174
651.1	198
651.2	186
651.3	210
651.4	222
651.5	187
651.6	165
651.7	165
651.8	194
651.9	172
652	172
652.1	166
652.2	138
652.3	127
652.4	133
652.5	133
652.6	116
652.7	82
652.8	105
652.9	117
653	141
653.1	170
653.2	165
653.3	125
653.4	113
653.5	114
653.6	137
653.7	143
653.8	167
653.9	121
654	133
654.1	151
654.2	151
654.3	163
654.4	157
654.5	146
654.6	170
654.7	170
654.8	165
654.9	159
655	154
655.1	143
655.2	131
655.3	126
655.4	121
655.5	121
655.6	115
655.7	133
655.8	139
655.9	151
656	128
656.1	158
656.2	170
656.3	153
656.4	107
656.5	136
656.6	188
656.7	154
656.8	160
656.9	166
657	184
657.1	173
657.2	167
657.3	168
657.4	168
657.5	157
657.6	180
657.7	198
657.8	175
657.9	158
658	147
658.1	142
658.2	177
658.3	177
658.4	172
658.5	160
658.6	195
658.7	173
658.8	156
658.9	156
659	180
659.1	186
659.2	186
659.3	192
659.4	164
659.5	170
659.6	164
659.7	171
659.8	206
659.9	189
660	154
660.1	166
660.2	184
660.3	167
660.4	167
660.5	168
660.6	220
660.7	186
660.8	163
660.9	152
661	198
661.1	187
661.2	176
661.3	188
661.4	182
661.5	183
661.6	195
661.7	201
661.8	195
661.9	219
662	196
662.1	191
662.2	197
662.3	191
662.4	203
662.5	215
662.6	239
662.7	245
662.8	205
662.9	228
663	246
663.1	235
663.2	229
663.3	201
663.4	218
663.5	213
663.6	236
663.7	225
663.8	254
663.9	255
664	249
664.1	250
664.2	239
664.3	256
664.4	262
664.5	274
664.6	280
664.7	287
664.8	287
664.9	258
665	241
665.1	230
665.2	248
665.3	260
665.4	272
665.5	260
665.6	272
665.7	255
665.8	290
665.9	250
666	280
666.1	292
666.2	240
666.3	252
666.4	246
666.5	258
666.6	305
666.7	299
666.8	282
666.9	271
667	289
667.1	289
667.2	295
667.3	313
667.4	337
667.5	325
667.6	308
667.7	315
667.8	321
667.9	292
668	304
668.1	310
668.2	345
668.3	380
668.4	352
668.5	358
668.6	352
668.7	312
668.8	353
668.9	365
669	336
669.1	383
669.2	389
669.3	378
669.4	396
669.5	413
669.6	425
669.7	431
669.8	420
669.9	455
670	444
670.1	462
670.2	456
670.3	439
670.4	474
670.5	452
670.6	487
670.7	487
670.8	499
670.9	488
671	494
671.1	500
671.2	541
671.3	535
671.4	570
671.5	594
671.6	611
671.7	664
671.8	710
671.9	745
672	774
672.1	798
672.2	839
672.3	868
672.4	920
672.5	972
672.6	938
672.7	898
672.8	846
672.9	841
673	836
673.1	819
673.2	825
673.3	796
673.4	779
673.5	768
673.6	803
673.7	775
673.8	729
673.9	746
674	770
674.1	776
674.2	811
674.3	834
674.4	835
674.5	910
674.6	951
674.7	998
674.8	1009
674.9	1091
675	1143
675.1	1207
675.2	1299
675.3	1392
675.4	1479
675.5	1560
675.6	1682
675.7	1786
675.8	1879
675.9	1983
676	2087
676.1	2168
676.2	2215
676.3	2250
676.4	2221
676.5	2210
676.6	2170
676.7	2090
676.8	2044
676.9	2015
677	1993
677.1	1895
677.2	1884
677.3	1838
677.4	1838
677.5	1862
677.6	1845
677.7	1834
677.8	1834
677.9	1811
678	1823
678.1	1824
678.2	1835
678.3	1824
678.4	1836
678.5	1842
678.6	1854
678.7	1849
678.8	1866
678.9	1890
679	1954
679.1	1948
679.2	2047
679.3	2134
679.4	2174
679.5	2233
679.6	2395
679.7	2510
679.8	2661
679.9	2794
680	2927
680.1	3124
680.2	3274
680.3	3453
680.4	3581
680.5	3691
680.6	3731
680.7	3766
680.8	3767
680.9	3738
681	3692
681.1	3658
681.2	3618
681.3	3613
681.4	3613
681.5	3637
681.6	3591
681.7	3608
681.8	3580
681.9	3580
682	3592
682.1	3604
682.2	3610
682.3	3622
682.4	3645
682.5	3623
682.6	3560
682.7	3473
682.8	3358
682.9	3266
683	3117
683.1	2938
683.2	2817
683.3	2691
683.4	2541
683.5	2403
683.6	2270
683.7	2178
683.8	2115
683.9	2040
684	1943
684.1	1891
684.2	1857
684.3	1834
684.4	1829
684.5	1789
684.6	1789
684.7	1726
684.8	1726
684.9	1744
685	1744
685.1	1762
685.2	1780
685.3	1815
685.4	1832
685.5	1919
685.6	1983
685.7	2076
685.8	2174
685.9	2296
686	2481
686.1	2689
686.2	2897
686.3	3186
686.4	3544
686.5	3955
686.6	4497
686.7	5110
686.8	5722
686.9	6299
687	6756
687.1	7004
687.2	6947
687.3	6595
687.4	6111
687.5	5563
687.6	5067
687.7	4582
687.8	4150
687.9	3809
688	3550
688.1	3331
688.2	3164
688.3	2997
688.4	2859
688.5	2715
688.6	2611
688.7	2531
688.8	2468
688.9	2422
689	2370
689.1	2319
689.2	2290
689.3	2268
689.4	2274
689.5	2222
689.6	2205
689.7	2159
689.8	2119
689.9	2148
690	2108
690.1	2097
690.2	2109
690.3	2092
690.4	2081
690.5	2058
690.6	2041
690.7	2036
690.8	2019
690.9	2031
691	2031
691.1	2008
691.2	2009
691.3	2061
691.4	2085
691.5	2079
691.6	2103
691.7	2120
691.8	2144
691.9	2167
692	2191
692.1	2249
692.2	2318
692.3	2342
692.4	2336
692.5	2366
692.6	2401
692.7	2401
692.8	2407
692.9	2419
693	2431
693.1	2437
693.2	2403
693.3	2380
693.4	2351
693.5	2329
693.6	2248
693.7	2226
693.8	2157
693.9	2134
694	2117
694.1	2100
694.2	2048
694.3	2026
694.4	2003
694.5	2009
694.6	1992
694.7	2021
694.8	1999
694.9	1970
695	1999
695.1	1988
695.2	2046
695.3	2058
695.4	2058
695.5	2053
695.6	2036
695.7	2065
695.8	2037
695.9	2066
696	2066
696.1	2044
696.2	2050
696.3	2062
696.4	2062
696.5	2085
696.6	2120
696.7	2144
696.8	2138
696.9	2173
697	2232
697.1	2255
697.2	2319
697.3	2360
697.4	2377
697.5	2418
697.6	2459
697.7	2500
697.8	2471
697.9	2437
698	2408
698.1	2374
698.2	2294
698.3	2178
698.4	2086
698.5	2000
698.6	1897
698.7	1811
698.8	1736
698.9	1655
699	1627
699.1	1564
699.2	1506
699.3	1449
699.4	1409
699.5	1380
699.6	1340
699.7	1306
699.8	1260
699.9	1243
700	1221
700.1	1192
700.2	1164
700.3	1118
700.4	1130
700.5	1124
700.6	1102
700.7	1079
700.8	1056
700.9	1010
701	1005
701.1	1023
701.2	1000
701.3	989
701.4	1001
701.5	1001
701.6	978
701.7	996
701.8	996
701.9	997
702	962
702.1	963
702.2	969
702.3	1015
702.4	1021
702.5	999
702.6	982
702.7	1005
702.8	1040
702.9	1041
703	1070
703.1	1070
703.2	1082
703.3	1117
703.4	1135
703.5	1129
703.6	1170
703.7	1165
703.8	1159
703.9	1183
704	1200
704.1	1212
704.2	1189
704.3	1155
704.4	1138
704.5	1127
704.6	1099
704.7	1087
704.8	1036
704.9	990
705	973
705.1	944
705.2	945
705.3	893
705.4	882
705.5	842
705.6	819
705.7	802
705.8	774
705.9	751
706	757
706.1	763
706.2	718
706.3	724
706.4	707
706.5	707
706.6	702
706.7	702
706.8	720
706.9	703
707	668
707.1	698
707.2	692
707.3	670
707.4	681
707.5	647
707.6	630
707.7	648
707.8	689
707.9	666
708	643
708.1	655
708.2	661
708.3	638
708.4	633
708.5	656
708.6	657
708.7	651
708.8	634
708.9	641
709	641
709.1	647
709.2	688
709.3	665
709.4	700
709.5	689
709.6	660
709.7	649
709.8	707
709.9	731
710	720
710.1	731
710.2	738
710.3	784
710.4	796
710.5	814
710.6	831
710.7	866
710.8	849
710.9	890
711	873
711.1	914
711.2	903
711.3	897
711.4	903
711.5	904
711.6	893
711.7	893
711.8	853
711.9	807
712	802
712.1	773
712.2	791
712.3	751
712.4	757
712.5	728
712.6	671
712.7	677
712.8	672
712.9	684
713	649
713.1	633
713.2	610
713.3	587
713.4	616
713.5	611
713.6	617
713.7	600
713.8	618
713.9	601
714	601
714.1	584
714.2	579
714.3	544
714.4	533
714.5	580
714.6	603
714.7	592
714.8	564
714.9	575
715	610
715.1	593
715.2	582
715.3	560
715.4	571
715.5	560
715.6	589
715.7	596
715.8	596
715.9	567
716	574
716.1	539
716.2	557
716.3	540
716.4	575
716.5	616
716.6	599
716.7	611
716.8	617
716.9	600
717	589
717.1	606
717.2	624
717.3	624
717.4	625
717.5	608
717.6	649
717.7	660
717.8	667
717.9	650
718	667
718.1	668
718.2	680
718.3	674
718.4	686
718.5	704
718.6	716
718.7	745
718.8	751
718.9	717
719	700
719.1	712
719.2	706
719.3	712
719.4	742
719.5	742
719.6	783
719.7	789
719.8	795
719.9	795
720	773
720.1	779
720.2	808
720.3	808
720.4	814
720.5	803
720.6	838
720.7	856
720.8	845
720.9	822
721	822
721.1	828
721.2	817
721.3	858
721.4	847
721.5	853
721.6	865
721.7	842
721.8	848
721.9	895
722	912
722.1	901
722.2	884
722.3	908
722.4	874
722.5	880
722.6	909
722.7	903
722.8	938
722.9	927
723	945
723.1	957
723.2	957
723.3	1004
723.4	998
723.5	1016
723.6	999
723.7	1017
723.8	1023
723.9	1035
724	1087
724.1	1070
724.2	1105
724.3	1123
724.4	1129
724.5	1129
724.6	1118
724.7	1165
724.8	1176
724.9	1177
725	1177
725.1	1258
725.2	1224
725.3	1259
725.4	1265
725.5	1294
725.6	1289
725.7	1260
725.8	1295
725.9	1325
726	1331
726.1	1314
726.2	1337
726.3	1372
726.4	1390
726.5	1402
726.6	1391
726.7	1408
726.8	1461
726.9	1455
727	1456
727.1	1502
727.2	1526
727.3	1537
727.4	1549
727.5	1579
727.6	1562
727.7	1585
727.8	1609
727.9	1638
728	1673
728.1	1667
728.2	1685
728.3	1732
728.4	1743
728.5	1813
728.6	1819
728.7	1831
728.8	1860
728.9	1872
729	1901
729.1	1942
729.2	1983
729.3	2029
729.4	2053
729.5	2088
729.6	2146
729.7	2175
729.8	2199
729.9	2251
730	2263
730.1	2286
730.2	2327
730.3	2374
730.4	2420
730.5	2455
730.6	2513
730.7	2554
730.8	2589
730.9	2618
731	2670
731.1	2734
731.2	2804
731.3	2833
731.4	2920
731.5	2972
731.6	3030
731.7	3071
731.8	3124
731.9	3199
732	3222
732.1	3257
732.2	3315
732.3	3379
732.4	3432
732.5	3513
732.6	3542
732.7	3612
732.8	3681
732.9	3785
733	3872
733.1	3948
733.2	4046
733.3	4139
733.4	4295
733.5	4440
733.6	4584
733.7	4718
733.8	4891
733.9	5093
734	5302
734.1	5498
734.2	5712
734.3	5978
734.4	6232
734.5	6452
734.6	6712
734.7	6995
734.8	7296
734.9	7573
735	7949
735.1	8295
735.2	8648
735.3	8983
735.4	9255
735.5	9538
735.6	9763
735.7	9937
735.8	10041
735.9	10128
736	10134
736.1	10186
736.2	10198
736.3	10170
736.4	10130
736.5	10107
736.6	10130
736.7	10189
736.8	10264
736.9	10345
737	10432
737.1	10611
737.2	10819
737.3	11039
737.4	11317
737.5	11669
737.6	12085
737.7	12645
737.8	13246
737.9	13968
738	14834
738.1	15948
738.2	17282
738.3	18898
738.4	20977
738.5	23615
738.6	26997
738.7	31171
738.8	36476
738.9	43333
739	51437
739.1	60124
739.2	68246
739.3	73366
739.4	74370
739.5	72582
739.6	70215
739.7	69160
739.8	70441
739.9	74672
740	82286
740.1	92843
740.2	105732
740.3	119833
740.4	129681
740.5	131037
740.6	123580
740.7	112649
740.8	100903
740.9	90410
741	81516
741.1	73782
741.2	67520
741.3	62083
741.4	57235
741.5	53045
741.6	49265
741.7	45929
741.8	42945
741.9	40262
742	37826
742.1	35645
742.2	33775
742.3	32113
742.4	30688
742.5	29343
742.6	28218
742.7	27237
742.8	26447
742.9	25749
743	25143
743.1	24682
743.2	24307
743.3	24036
743.4	23817
743.5	23754
743.6	23777
743.7	23806
743.8	23916
743.9	24107
744	24281
744.1	24570
744.2	24968
744.3	25442
744.4	26043
744.5	26632
744.6	27365
744.7	28214
744.8	29172
744.9	30229
745	31424
745.1	32683
745.2	33982
745.3	35235
745.4	36401
745.5	37319
745.6	37960
745.7	38399
745.8	38659
745.9	38839
746	38989
746.1	39284
746.2	39781
746.3	40491
746.4	41369
746.5	42489
746.6	43649
746.7	44971
746.8	46368
746.9	47927
747	49451
747.1	51079
747.2	52713
747.3	54538
747.4	56368
747.5	58186
747.6	59860
747.7	61315
747.8	62487
747.9	63042
748	63100
748.1	62713
748.2	61721
748.3	60278
748.4	58443
748.5	56389
748.6	54184
748.7	51928
748.8	49683
748.9	47588
749	45695
749.1	43814
749.2	42204
749.3	40767
749.4	39405
749.5	38286
749.6	37288
749.7	36451
749.8	35776
749.9	35251
750	34876
750.1	34600
750.2	34387
750.3	34312
750.4	34347
750.5	34543
750.6	34711
750.7	35000
750.8	35324
750.9	35815
751	36363
751.1	36987
751.2	37622
751.3	38396
751.4	39199
751.5	40019
751.6	40816
751.7	41549
751.8	42231
751.9	42825
752	43403
752.1	43894
752.2	44304
752.3	44795
752.4	45523
752.5	46447
752.6	47538
752.7	48814
752.8	50505
752.9	52462
753	54771
753.1	57392
753.2	60411
753.3	63834
753.4	67731
753.5	72008
753.6	76828
753.7	81965
753.8	87415
753.9	93181
754	98515
754.1	103369
754.2	106763
754.3	108853
754.4	108906
754.5	106840
754.6	103019
754.7	98079
754.8	92451
754.9	86593
755	80897
755.1	75442
755.2	70450
755.3	65833
755.4	61695
755.5	57897
755.6	54492
755.7	51451
755.8	48715
755.9	46245
756	44029
756.1	42102
756.2	40330
756.3	38760
756.4	37358
756.5	36152
756.6	35079
756.7	34110
756.8	33238
756.9	32517
757	31877
757.1	31323
757.2	30873
757.3	30464
757.4	30106
757.5	29864
757.6	29668
757.7	29490
757.8	29432
757.9	29421
758	29422
758.1	29451
758.2	29572
758.3	29752
758.4	30000
758.5	30203
758.6	30497
758.7	30850
758.8	31248
758.9	31520
759	31878
759.1	32248
759.2	32635
759.3	33057
759.4	33484
759.5	34016
759.6	34501
759.7	35044
759.8	35616
759.9	36245
760	36880
760.1	37510
760.2	38070
760.3	38653
760.4	39098
760.5	39462
760.6	39590
760.7	39642
760.8	39579
760.9	39296
761	38771
761.1	38033
761.2	37208
761.3	36262
761.4	35194
761.5	34029
761.6	32817
761.7	31663
761.8	30555
761.9	29459
762	28437
762.1	27526
762.2	26637
762.3	25835
762.4	25120
762.5	24474
762.6	23839
762.7	23303
762.8	22836
762.9	22409
763	22057
763.1	21763
763.2	21411
763.3	21146
763.4	20887
763.5	20628
763.6	20368
763.7	20126
763.8	19907
763.9	19654
764	19417
764.1	19169
764.2	18927
764.3	18697
764.4	18443
764.5	18167
764.6	17907
764.7	17705
764.8	17475
764.9	17221
765	16974
765.1	16835
765.2	16645
765.3	16438
765.4	16288
765.5	16150
765.6	16029
765.7	15931
765.8	15834
765.9	15793
766	15782
766.1	15760
766.2	15812
766.3	15847
766.4	15911
766.5	16009
766.6	16119
766.7	16252
766.8	16333
766.9	16444
767	16490
767.1	16577
767.2	16641
767.3	16664
767.4	16578
767.5	16428
767.6	16238
767.7	16002
767.8	15731
767.9	15437
768	15120
768.1	14762
768.2	14422
768.3	14105
768.4	13776
768.5	13407
768.6	13038
768.7	12704
768.8	12364
768.9	11983
769	11660
769.1	11314
769.2	10951
769.3	10594
769.4	10213
769.5	9884
769.6	9556
769.7	9216
769.8	8916
769.9	8656
770	8420
770.1	8166
770.2	7855
770.3	7642
770.4	7452
770.5	7221
770.6	7054
770.7	6910
770.8	6755
770.9	6582
771	6427
771.1	6277
771.2	6162
771.3	6018
771.4	5880
771.5	5736
771.6	5661
771.7	5557
771.8	5454
771.9	5362
772	5253
772.1	5178
772.2	5074
772.3	5000
772.4	4931
772.5	4868
772.6	4776
772.7	4695
772.8	4655
772.9	4627
773	4546
773.1	4512
773.2	4466
773.3	4420
773.4	4398
773.5	4369
773.6	4318
773.7	4295
773.8	4261
773.9	4249
774	4255
774.1	4262
774.2	4262
774.3	4251
774.4	4245
774.5	4217
774.6	4206
774.7	4218
774.8	4201
774.9	4184
775	4190
775.1	4173
775.2	4185
775.3	4174
775.4	4174
775.5	4174
775.6	4157
775.7	4146
775.8	4106
775.9	4153
776	4147
776.1	4130
776.2	4131
776.3	4108
776.4	4085
776.5	4074
776.6	4068
776.7	4080
776.8	4046
776.9	4029
777	4058
777.1	4036
777.2	4001
777.3	3979
777.4	3985
777.5	3945
777.6	3951
777.7	3974
777.8	3952
777.9	3952
778	3958
778.1	3976
778.2	3970
778.3	3976
778.4	4011
778.5	3983
778.6	3978
778.7	4007
778.8	4042
778.9	4094
779	4112
779.1	4118
779.2	4147
779.3	4188
779.4	4211
779.5	4281
779.6	4327
779.7	4351
779.8	4403
779.9	4496
780	4542
780.1	4595
780.2	4676
780.3	4740
780.4	4809
780.5	4919
780.6	5006
780.7	5099
780.8	5238
780.9	5423
781	5596
781.1	5770
781.2	5967
781.3	6221
781.4	6504
781.5	6816
781.6	7186
781.7	7602
781.8	8058
781.9	8538
782	9086
782.1	9727
782.2	10374
782.3	11032
782.4	11714
782.5	12384
782.6	13031
782.7	13602
782.8	14024
782.9	14307
783	14464
783.1	14377
783.2	14181
783.3	13864
783.4	13438
783.5	12942
783.6	12445
783.7	11869
783.8	11367
783.9	10877
784	10392
784.1	9960
784.2	9562
784.3	9170
784.4	8795
784.5	8466
784.6	8189
784.7	7924
784.8	7676
784.9	7463
785	7285
785.1	7141
785.2	7008
785.3	6905
785.4	6830
785.5	6790
785.6	6715
785.7	6704
785.8	6687
785.9	6734
786	6774
786.1	6792
786.2	6856
786.3	6966
786.4	7105
786.5	7273
786.6	7429
786.7	7625
786.8	7845
786.9	8059
787	8290
787.1	8591
787.2	8862
787.3	9151
787.4	9429
787.5	9752
787.6	10036
787.7	10342
787.8	10579
787.9	10758
788	10978
788.1	11105
788.2	11175
788.3	11216
788.4	11245
788.5	11187
788.6	11124
788.7	11015
788.8	10848
788.9	10698
789	10554
789.1	10422
789.2	10255
789.3	10122
789.4	9978
789.5	9858
789.6	9714
789.7	9564
789.8	9472
789.9	9328
790	9190
790.1	9057
790.2	8931
790.3	8827
790.4	8753
790.5	8661
790.6	8551
790.7	8500
790.8	8442
790.9	8379
791	8380
791.1	8380
791.2	8421
791.3	8502
791.4	8514
791.5	8566
791.6	8676
791.7	8809
791.8	8931
791.9	9006
792	9180
792.1	9324
792.2	9388
792.3	9475
792.4	9545
792.5	9597
792.6	9655
792.7	9696
792.8	9690
792.9	9714
793	9737
793.1	9749
793.2	9761
793.3	9819
793.4	9924
793.5	10016
793.6	10196
793.7	10323
793.8	10491
793.9	10699
794	10936
794.1	11202
794.2	11444
794.3	11780
794.4	12132
794.5	12513
794.6	12900
794.7	13357
794.8	13865
794.9	14454
795	15020
795.1	15632
795.2	16291
795.3	16926
795.4	17578
795.5	18220
795.6	18814
795.7	19288
795.8	19617
795.9	19820
796	19843
796.1	19699
796.2	19423
796.3	19111
796.4	18742
796.5	18344
796.6	17941
796.7	17572
796.8	17185
796.9	16920
797	16643
797.1	16419
797.2	16223
797.3	16125
797.4	16062
797.5	16045
797.6	16074
797.7	16144
797.8	16300
797.9	16479
798	16728
798.1	16965
798.2	17179
798.3	17369
798.4	17537
798.5	17722
798.6	17878
798.7	18064
798.8	18260
798.9	18474
799	18746
799.1	19035
799.2	19381
799.3	19780
799.4	20225
799.5	20745
799.6	21253
799.7	21894
799.8	22506
799.9	23153
800	23898
800.1	24672
800.2	25538
800.3	26415
800.4	27270
800.5	28130
800.6	28893
800.7	29505
800.8	29967
800.9	30216
801	30291
801.1	30182
801.2	29940
801.3	29542
801.4	29115
801.5	28677
801.6	28244
801.7	27921
801.8	27633
801.9	27489
802	27426
802.1	27449
802.2	27600
802.3	27866
802.4	28201
802.5	28622
802.6	29165
802.7	29789
802.8	30534
802.9	31302
803	32116
803.1	32959
803.2	33825
803.3	34715
803.4	35500
803.5	36135
803.6	36667
803.7	36933
803.8	36944
803.9	36702
804	36195
804.1	35503
804.2	34677
804.3	33870
804.4	33120
804.5	32399
804.6	31816
804.7	31285
804.8	30887
804.9	30524
805	30294
805.1	30219
805.2	30144
805.3	30093
805.4	30093
805.5	30163
805.6	30215
805.7	30285
805.8	30418
805.9	30499
806	30638
806.1	30886
806.2	31123
806.3	31395
806.4	31695
806.5	32071
806.6	32504
806.7	33053
806.8	33671
806.9	34329
807	35022
807.1	35836
807.2	36743
807.3	37794
807.4	38856
807.5	40046
807.6	41420
807.7	42944
807.8	44630
807.9	46448
808	48428
808.1	50691
808.2	53208
808.3	55904
808.4	58952
808.5	62265
808.6	65983
808.7	70214
808.8	74861
808.9	80050
809	86036
809.1	92639
809.2	100322
809.3	108524
809.4	117847
809.5	127925
809.6	139082
809.7	150950
809.8	163042
809.9	173074
810	183591
810.1	192157
810.2	196024
810.3	197502
810.4	198790
810.5	200060
810.6	203091
810.7	202202
810.8	199034
810.9	194191
811	189597
811.1	179982
811.2	169754
811.3	158857
811.4	148341
811.5	138494
811.6	129162
811.7	120920
811.8	113180
811.9	106237
812	100251
812.1	94895
812.2	90186
812.3	86002
812.4	82412
812.5	79278
812.6	76496
812.7	73824
812.8	71550
812.9	69525
813	67707
813.1	65907
813.2	64302
813.3	62721
813.4	61215
813.5	59888
813.6	58613
813.7	57285
813.8	56016
813.9	54810
814	53667
814.1	52444
814.2	51302
814.3	50205
814.4	49121
814.5	47978
814.6	46934
814.7	45889
814.8	44914
814.9	43882
815	42901
815.1	42001
815.2	41008
815.3	40154
815.4	39231
815.5	38423
815.6	37558
815.7	36820
815.8	36046
815.9	35343
816	34598
816.1	33987
816.2	33433
816.3	32943
816.4	32401
816.5	31951
816.6	31570
816.7	31195
816.8	30850
816.9	30550
817	30377
817.1	30175
817.2	29991
817.3	29899
817.4	29784
817.5	29634
817.6	29525
817.7	29346
817.8	29179
817.9	28983
818	28701
818.1	28413
818.2	28049
818.3	27634
818.4	27155
818.5	26682
818.6	26169
818.7	25569
818.8	25039
818.9	24439
819	23862
819.1	23268
819.2	22674
819.3	22149
819.4	21612
819.5	21157
819.6	20655
819.7	20234
819.8	19853
819.9	19525
820	19155
820.1	18856
820.2	18539
820.3	18285
820.4	18043
820.5	17801
820.6	17599
820.7	17432
820.8	17282
820.9	17115
821	16977
821.1	16833
821.2	16655
821.3	16540
821.4	16425
821.5	16321
821.6	16218
821.7	16068
821.8	15982
821.9	15930
822	15826
822.1	15775
822.2	15746
822.3	15649
822.4	15609
822.5	15615
822.6	15650
822.7	15656
822.8	15702
822.9	15766
823	15870
823.1	15963
823.2	16108
823.3	16270
823.4	16438
823.5	16651
823.6	16917
823.7	17137
823.8	17414
823.9	17663
824	17975
824.1	18241
824.2	18593
824.3	18992
824.4	19396
824.5	19772
824.6	20119
824.7	20534
824.8	20922
824.9	21251
825	21546
825.1	21783
825.2	22008
825.3	22164
825.4	22286
825.5	22263
825.6	22165
825.7	21998
825.8	21774
825.9	21491
826	21111
826.1	20643
826.2	20182
826.3	19657
826.4	19138
826.5	18567
826.6	17978
826.7	17442
826.8	16859
826.9	16300
827	15804
827.1	15348
827.2	14893
827.3	14449
827.4	14004
827.5	13566
827.6	13209
827.7	12834
827.8	12528
827.9	12229
828	11917
828.1	11635
828.2	11341
828.3	11087
828.4	10845
828.5	10643
828.6	10401
828.7	10211
828.8	10073
828.9	9900
829	9727
829.1	9560
829.2	9393
829.3	9273
829.4	9140
829.5	9002
829.6	8933
829.7	8864
829.8	8738
829.9	8617
830	8530
830.1	8444
830.2	8370
830.3	8318
830.4	8226
830.5	8174
830.6	8100
830.7	8037
830.8	7950
830.9	7876
831	7818
831.1	7784
831.2	7732
831.3	7664
831.4	7618
831.5	7497
831.6	7428
831.7	7394
831.8	7342
831.9	7256
832	7175
832.1	7176
832.2	7130
832.3	7125
832.4	7125
832.5	7143
832.6	7114
832.7	7097
832.8	7126
832.9	7167
833	7208
833.1	7202
833.2	7249
833.3	7267
833.4	7267
833.5	7319
833.6	7360
833.7	7378
833.8	7355
833.9	7332
834	7298
834.1	7252
834.2	7177
834.3	7097
834.4	7017
834.5	6907
834.6	6786
834.7	6637
834.8	6464
834.9	6378
835	6240
835.1	6130
835.2	5963
835.3	5825
835.4	5721
835.5	5618
835.6	5509
835.7	5394
835.8	5290
835.9	5210
836	5158
836.1	5049
836.2	5014
836.3	4974
836.4	4905
836.5	4894
836.6	4848
836.7	4785
836.8	4757
836.9	4688
837	4648
837.1	4608
837.2	4556
837.3	4464
837.4	4401
837.5	4315
837.6	4223
837.7	4125
837.8	4056
837.9	3987
838	3884
838.1	3786
838.2	3659
838.3	3544
838.4	3493
838.5	3430
838.6	3320
838.7	3234
838.8	3159
838.9	3079
839	2998
839.1	2906
839.2	2849
839.3	2780
839.4	2711
839.5	2660
839.6	2614
839.7	2539
839.8	2516
839.9	2488
840	2425
840.1	2391
840.2	2339
840.3	2339
840.4	2317
840.5	2265
840.6	2225
840.7	2196
840.8	2179
840.9	2151
841	2128
841.1	2071
841.2	2071
841.3	2043
841.4	2037
841.5	2020
841.6	2015
841.7	1975
841.8	1941
841.9	1935
842	1936
842.1	1907
842.2	1890
842.3	1896
842.4	1862
842.5	1868
842.6	1845
842.7	1840
842.8	1846
842.9	1812
843	1847
843.1	1801
843.2	1813
843.3	1825
843.4	1825
843.5	1831
843.6	1843
843.7	1844
843.8	1827
843.9	1804
844	1787
844.1	1776
844.2	1782
844.3	1771
844.4	1811
844.5	1783
844.6	1789
844.7	1784
844.8	1755
844.9	1773
845	1744
845.1	1739
845.2	1716
845.3	1716
845.4	1694
845.5	1700
845.6	1694
845.7	1660
845.8	1643
845.9	1649
846	1638
846.1	1604
846.2	1564
846.3	1553
846.4	1582
846.5	1571
846.6	1565
846.7	1531
846.8	1537
846.9	1503
847	1503
847.1	1556
847.2	1550
847.3	1527
847.4	1499
847.5	1476
847.6	1488
847.7	1500
847.8	1529
847.9	1489
848	1472
848.1	1455
848.2	1450
848.3	1450
848.4	1445
848.5	1468
848.6	1463
848.7	1440
848.8	1440
848.9	1452
849	1441
849.1	1459
849.2	1419
849.3	1413
849.4	1437
849.5	1460
849.6	1449
849.7	1397
849.8	1427
849.9	1421
850	1393
850.1	1405
850.2	1486
850.3	1261
850.4	1256
850.5	1371
850.6	1337
850.7	1199
850.8	1205
850.9	1246
851	1310
851.1	1322
851.2	1282
851.3	1259
851.4	1294
851.5	1236
851.6	1173
851.7	1220
851.8	1186
851.9	1273
852	1227
852.1	1135
852.2	1112
852.3	1164
852.4	1136
852.5	1257
852.6	1206
852.7	1362
852.8	1264
852.9	1253
853	1207
853.1	1306
853.2	1237
853.3	1231
853.4	966
853.5	990
853.6	1100
853.7	1233
853.8	1147
853.9	1245
854	1211
854.1	1223
854.2	1252
854.3	1068
854.4	739
854.5	1062
854.6	1121
854.7	1161
854.8	1144
854.9	1185
855	1174
855.1	1134
855.2	1134
855.3	1083
855.4	979
855.5	1170
855.6	1113
855.7	1090
855.8	1258
855.9	1114
856	1235
856.1	1264
856.2	1092
856.3	1288
856.4	1341
856.5	1352
856.6	1393
856.7	1290
856.8	1330
856.9	1302
857	1279
857.1	1343
857.2	1309
857.3	1269
857.4	1177
857.5	1085
857.6	1206
857.7	1264
857.8	1374
857.9	1190
858	1317
858.1	1572
858.2	1278
858.3	1382
858.4	1278
858.5	1325
858.6	1377
858.7	1320
858.8	1384
858.9	1257
859	1240
859.1	1206
859.2	1108
859.3	1276
859.4	1294
859.5	1340
859.6	1421
859.7	1612
859.8	1509
859.9	1440
860	1250
860.1	1458
860.2	1227
860.3	1239
860.4	1499
860.5	1344
860.6	1252
860.7	1581
860.8	1512
860.9	1536
861	1288
861.1	1588
861.2	1652
861.3	1641
861.4	1607
861.5	1509
861.6	1532
861.7	1458
861.8	1568
861.9	1608
862	1603
862.1	1476
862.2	1558
862.3	1875
862.4	1824
862.5	1622
862.6	1686
862.7	1894
862.8	2010
862.9	2212
863	2178
863.1	2132
863.2	2121
863.3	1994
863.4	2018
863.5	1839
863.6	1799
863.7	1967
863.8	1910
863.9	2089
864	2124
864.1	1968
864.2	2234
864.3	2154
864.4	2235
864.5	2183
864.6	2305
864.7	2484
864.8	2594
864.9	2496
865	2324
865.1	2243
865.2	2446
865.3	2665
865.4	2781
865.5	2689
865.6	2730
865.7	2482
865.8	2494
865.9	2783
866	2881
866.1	3020
866.2	3153
866.3	3090
866.4	3229
866.5	3235
866.6	3374
866.7	3299
866.8	3311
866.9	3306
867	3560
867.1	3509
867.2	3699
867.3	4098
867.4	4289
867.5	4191
867.6	4347
867.7	4596
867.8	4879
867.9	4949
868	5116
868.1	5192
868.2	5365
868.3	5556
868.4	5834
868.5	6169
868.6	6209
868.7	6712
868.8	6937
868.9	7065
869	7279
869.1	7504
869.2	7707
869.3	8221
869.4	8527
869.5	8666
869.6	8880
869.7	9007
869.8	9209
869.9	9250
870	9250
870.1	9459
870.2	9240
870.3	9246
870.4	9263
870.5	9241
870.6	9524
870.7	9126
870.8	9046
870.9	8728
871	8348
871.1	8371
871.2	8377
871.3	8049
871.4	8038
871.5	7576
871.6	7126
871.7	6988
871.8	6937
871.9	6712
872	6429
872.1	6459
872.2	6355
872.3	6078
872.4	5882
872.5	5825
872.6	5664
872.7	5526
872.8	5388
872.9	5307
873	5002
873.1	4996
873.2	5320
873.3	5216
873.4	5107
873.5	5107
873.6	4877
873.7	5085
873.8	5160
873.9	5016
874	5063
874.1	5231
874.2	5127
874.3	5179
874.4	5249
874.5	5209
874.6	5013
874.7	4996
874.8	5025
874.9	5349
875	5326
875.1	5413
875.2	5206
875.3	5396
875.4	5455
875.5	5611
875.6	5455
875.7	5300
875.8	5254
875.9	5416
876	5514
876.1	5740
876.2	5567
876.3	5885
876.4	5908
876.5	6013
876.6	6088
876.7	5863
876.8	6100
876.9	6031
877	6124
877.1	6274
877.2	6425
877.3	6864
877.4	6887
877.5	6882
877.6	7257
877.7	7379
877.8	7443
877.9	7212
878	7374
878.1	7496
878.2	7161
878.3	7162
878.4	7416
878.5	7526
878.6	7532
878.7	7585
878.8	7943
878.9	7735
879	7747
879.1	7713
879.2	7483
879.3	7552
879.4	7604
879.5	7512
879.6	7461
879.7	7640
879.8	7796
879.9	7664
880	7532
880.1	7486
880.2	7273
880.3	7077
880.4	7083
880.5	7291
880.6	7453
880.7	7217
880.8	7096
880.9	7246
881	7195
881.1	7189
881.2	7063
881.3	7276
881.4	7277
881.5	7473
881.6	7653
881.7	7607
881.8	7809
881.9	7544
882	7810
882.1	8001
882.2	8082
882.3	8371
882.4	8608
882.5	8660
882.6	9157
882.7	9198
882.8	9204
882.9	9406
883	9868
883.1	10273
883.2	10764
883.3	10989
883.4	11434
883.5	11954
883.6	12514
883.7	13011
883.8	13565
883.9	14720
884	15367
884.1	16296
884.2	17064
884.3	18335
884.4	19547
884.5	21008
884.6	22261
884.7	23831
884.8	25701
884.9	27670
885	29235
885.1	31290
885.2	34118
885.3	36716
885.4	39123
885.5	41196
885.6	41739
885.7	43026
885.8	45682
885.9	48493
886	50098
886.1	49284
886.2	48592
886.3	48592
886.4	46994
886.5	44893
886.6	43468
886.7	41448
886.8	38834
886.9	38523
887	36024
887.1	33623
887.2	32013
887.3	30795
887.4	29330
887.5	27218
887.6	25954
887.7	24979
887.8	24298
887.9	22751
888	22180
888.1	21176
888.2	20196
888.3	19746
888.4	19509
888.5	18632
888.6	18373
888.7	18143
888.8	17693
888.9	17260
889	16810
889.1	16909
889.2	16517
889.3	16200
889.4	16096
889.5	16466
889.6	16051
889.7	15687
889.8	15411
889.9	15555
890	15636
890.1	15989
890.2	15481
890.3	15095
890.4	15199
890.5	14749
890.6	14571
890.7	14236
890.8	14173
890.9	14035
891	13793
891.1	13620
891.2	13274
891.3	13032
891.4	12900
891.5	12467
891.6	12144
891.7	12358
891.8	12301
891.9	12093
892	11840
892.1	11534
892.2	11350
892.3	11466
892.4	11374
892.5	11022
892.6	10895
892.7	10694
892.8	10457
892.9	10383
893	10677
893.1	10557
893.2	10563
893.3	10650
893.4	10667
893.5	10864
893.6	10483
893.7	10230
893.8	10461
893.9	10456
894	10543
894.1	10214
894.2	10532
894.3	10480
894.4	10579
894.5	10464
894.6	10522
894.7	10499
894.8	10141
894.9	10142
895	10021
895.1	9796
895.2	9577
895.3	9895
895.4	9584
895.5	9191
895.6	9001
895.7	8592
895.8	8817
895.9	8621
896	8403
896.1	8103
896.2	7855
896.3	7838
896.4	7521
896.5	7515
896.6	7389
896.7	7672
896.8	7528
896.9	7609
897	7425
897.1	7217
897.2	6918
897.3	6935
897.4	6791
897.5	6803
897.6	6977
897.7	6925
897.8	6845
897.9	6799
898	6984
898.1	7065
898.2	6996
898.3	6806
898.4	6512
898.5	6755
898.6	7021
898.7	7010
898.8	6912
898.9	6699
899	6884
899.1	6867
899.2	6769
899.3	6804
899.4	6775
899.5	6730
899.6	6666
899.7	6569
899.8	6500
899.9	6650
900	6604
900.1	6686
900.2	6669
900.3	6773
900.4	6779
900.5	6762
900.6	6780
900.7	6445
900.8	6694
900.9	6619
901	6481
901.1	6805
901.2	6834
901.3	6811
901.4	6742
901.5	6996
901.6	7014
901.7	6818
901.8	7050
901.9	7281
902	7420
902.1	7426
902.2	7518
902.3	7363
902.4	7663
902.5	7548
902.6	8039
902.7	8121
902.8	8369
902.9	8595
903	8508
903.1	8670
903.2	8982
903.3	9225
903.4	8937
903.5	9070
903.6	9272
903.7	9579
903.8	9198
903.9	9146
904	9118
904.1	8962
904.2	8715
904.3	8680
904.4	8935
904.5	8912
904.6	8831
904.7	8682
904.8	8186
904.9	7874
905	7534
905.1	7506
905.2	7275
905.3	6866
905.4	6889
905.5	6913
905.6	6578
905.7	6342
905.8	6296
905.9	6354
906	5927
906.1	5720
906.2	5570
906.3	5317
906.4	5300
906.5	5265
906.6	5300
906.7	5243
906.8	5422
906.9	5238
907	5146
907.1	5129
907.2	5072
907.3	5188
907.4	5038
907.5	4663
907.6	4721
907.7	4704
907.8	4872
907.9	4953
908	4855
908.1	4856
908.2	4816
908.3	4879
908.4	4799
908.5	4707
908.6	4967
908.7	4771
908.8	4858
908.9	4818
909	4634
909.1	4472
909.2	4738
909.3	4831
909.4	4745
909.5	4630
909.6	4538
909.7	4463
909.8	4550
909.9	4371
910	4227
910.1	4332
910.2	4211
910.3	4407
910.4	4148
910.5	4131
910.6	3987
910.7	4022
910.8	3821
910.9	4058
911	3954
911.1	3891
911.2	3776
911.3	3707
911.4	3626
911.5	3431
911.6	3662
911.7	3599
911.8	3455
911.9	3547
912	3565
912.1	3335
912.2	3398
912.3	3635
912.4	3693
912.5	3532
912.6	3429
912.7	3371
912.8	3360
912.9	3285
913	3292
913.1	3500
913.2	3408
913.3	3241
913.4	3322
913.5	3247
913.6	3271
913.7	3421
913.8	3167
913.9	3185
914	3157
914.1	3117
914.2	3053
914.3	2985
914.4	2921
914.5	2806
914.6	2939
914.7	3142
914.8	3177
914.9	2912
915	2935
915.1	3016
915.2	3224
915.3	2930
915.4	2861
915.5	2539
915.6	2187
915.7	2216
915.8	2494
915.9	2396
916	2165
916.1	2085
916.2	2304
916.3	2114
916.4	2103
916.5	2040
916.6	1936
916.7	1637
916.8	1828
916.9	1949
917	1759
917.1	1904
917.2	1771
917.3	1610
917.4	1691
917.5	1530
917.6	1669
917.7	1559
917.8	1156
917.9	1329
918	1555
918.1	1463
918.2	1255
918.3	1342
918.4	1395
918.5	1199
918.6	1211
918.7	1119
918.8	1182
918.9	1414
919	1391
919.1	1351
919.2	1265
919.3	1305
919.4	1202
919.5	1185
919.6	1318
919.7	1290
919.8	1048
919.9	1325
920	1296
920.1	1308
920.2	1286
920.3	1349
920.4	1102
920.5	1137
920.6	1010
920.7	1207
920.8	1305
920.9	1225
921	1294
921.1	1237
921.2	1012
921.3	984
921.4	1122
921.5	1042
921.6	1175
921.7	1152
921.8	1037
921.9	899
922	917
922.1	1096
922.2	1050
922.3	1080
922.4	1126
922.5	1392
922.6	1098
922.7	983
922.8	1191
922.9	1197
923	938
923.1	1082
923.2	1273
923.3	1193
923.4	1205
923.5	1251
923.6	1355
923.7	1223
923.8	1154
923.9	1432
924	1374
924.1	1201
924.2	1294
924.3	1144
924.4	1324
924.5	1330
924.6	1307
924.7	1319
924.8	1458
924.9	1441
925	1626
925.1	1419
925.2	1580
925.3	1691
925.4	1708
925.5	1616
925.6	1628
925.7	1773
925.8	1935
925.9	1877
926	1999
926.1	2115
926.2	2369
926.3	2156
926.4	2093
926.5	1995
926.6	1903
926.7	1903
926.8	1933
926.9	2048
927	1974
927.1	1691
927.2	1628
927.3	1738
927.4	1860
927.5	1796
927.6	1762
927.7	1774
927.8	1532
927.9	1584
928	1573
928.1	1395
928.2	1245
928.3	1274
928.4	1436
928.5	1390
928.6	1321
928.7	998
928.8	941
928.9	705
929	780
929.1	544
929.2	562
929.3	718
929.4	949
929.5	661
929.6	401
929.7	344
929.8	500
929.9	512
930	432
930.1	322
930.2	432
930.3	433
930.4	329
930.5	428
930.6	411
930.7	365
930.8	400
930.9	331
931	349
931.1	384
931.2	401
931.3	471
931.4	344
931.5	229
931.6	299
931.7	224
931.8	242
931.9	392
932	300
932.1	70
932.2	191
932.3	13
932.4	48
932.5	291
932.6	326
932.7	170
932.8	320
932.9	315
933	431
933.1	304
933.2	149
933.3	357
933.4	253
933.5	410
933.6	456
933.7	364
933.8	237
933.9	474
934	296
934.1	13
934.2	106
934.3	20
934.4	95
934.5	10
934.6	10
934.7	21
934.8	120
934.9	5
935	190
935.1	132
935.2	10
935.3	35
935.4	10
935.5	30
935.6	123
935.7	192
935.8	198
935.9	205
936	199
936.1	165
936.2	10
936.3	10
936.4	22
936.5	97
936.6	213
936.7	80
936.8	81
936.9	174
937	93
937.1	10
937.2	10
937.3	25
937.4	37
937.5	118
937.6	43
937.7	159
937.8	211
937.9	194
938	74
938.1	10
938.2	126
938.3	57
938.4	167
938.5	12
938.6	64
938.7	122
938.8	10
938.9	36
939	10
939.1	72
939.2	43
939.3	10
939.4	10
939.5	10
939.6	10
939.7	120
939.8	265
939.9	51
940	10
940.1	12
940.2	10
940.3	116
940.4	198
940.5	10
940.6	10
940.7	54
940.8	193
940.9	136
941	107
941.1	10
941.2	10
941.3	10
941.4	10
941.5	86
941.6	98
941.7	10
941.8	10
941.9	10
942	1
942.1	10
942.2	10
942.3	10
942.4	10
942.5	10
942.6	61
942.7	38
942.8	16
942.9	10
943	10
943.1	10
943.2	10
943.3	87
943.4	10
943.5	10
943.6	65
943.7	10
943.8	13
943.9	14
944	83
944.1	10
944.2	10
944.3	10
944.4	10
944.5	10
944.6	10
944.7	10
944.8	10
944.9	17
945	10
945.1	10
945.2	10
945.3	53
945.4	302
945.5	135
945.6	101
945.7	147
945.8	10
945.9	10
946	10
946.1	10
946.2	10
946.3	10
946.4	10
946.5	10
946.6	10
946.7	10
946.8	7
946.9	76
947	10
947.1	10
947.2	10
947.3	10
947.4	72
947.5	10
947.6	10
947.7	10
947.8	10
947.9	10
948	10
948.1	10
948.2	10
948.3	10
948.4	10
948.5	10
948.6	10
948.7	10
948.8	10
948.9	10
949	10
949.1	9
949.2	10
949.3	172
949.4	80
949.5	10
949.6	17
949.7	10
949.8	10
949.9	10
950	24
950.1	10
950.2	36
950.3	14
950.4	10
950.5	10
950.6	10
950.7	10
950.8	10
950.9	10
951	120
951.1	10
951.2	10
951.3	10
951.4	46
951.5	10
951.6	10
951.7	10
951.8	10
951.9	65
952	10
952.1	10
952.2	10
952.3	10
952.4	119
952.5	16
952.6	10
952.7	80
952.8	138
952.9	29
953	46
953.1	151
953.2	111
953.3	10
953.4	100
953.5	158
953.6	10
953.7	10
953.8	38
953.9	10
954	10
954.1	10
954.2	10
954.3	10
954.4	149
954.5	10
954.6	29
954.7	24
954.8	10
954.9	10
955	94
955.1	123
955.2	54
955.3	10
955.4	10
955.5	10
955.6	10
955.7	10
955.8	10
955.9	10
956	10
956.1	10
956.2	10
956.3	10
956.4	10
956.5	10
956.6	30
956.7	10
956.8	10
956.9	10
957	10
957.1	10
957.2	10
957.3	10
957.4	10
957.5	10
957.6	10
957.7	10
957.8	29
957.9	10
958	10
958.1	24
958.2	10
958.3	10
958.4	10
958.5	10
958.6	14
958.7	176
958.8	79
958.9	200
959	10
959.1	10
959.2	45
959.3	10
959.4	10
959.5	70
959.6	10
959.7	88
959.8	10
959.9	10
960	10
960.1	10
960.2	10
960.3	101
960.4	10
960.5	10
960.6	10
960.7	10
960.8	10
960.9	10
961	10
961.1	145
961.2	99
961.3	64
961.4	169
961.5	227
961.6	42
961.7	10
961.8	10
961.9	10
962	10
962.1	10
962.2	10
962.3	10
962.4	45
962.5	10
962.6	29
962.7	10
962.8	10
962.9	10
963	10
963.1	10
963.2	37
963.3	187
963.4	60
963.5	10
963.6	10
963.7	10
963.8	4
963.9	374
964	10
964.1	10
964.2	10
964.3	10
964.4	10
964.5	10
964.6	10
964.7	10
964.8	2
964.9	10
965	10
965.1	10
965.2	10
965.3	10
965.4	10
965.5	10
965.6	10
965.7	10
965.8	10
965.9	6
966	10
966.1	10
966.2	122
966.3	7
966.4	169
966.5	43
966.6	130
966.7	32
966.8	10
966.9	10
967	39
967.1	149
967.2	126
967.3	45
967.4	63
967.5	35
967.6	191
967.7	116
967.8	13
967.9	140
968	19
968.1	10
968.2	78
968.3	3
968.4	32
968.5	21
968.6	10
968.7	10
968.8	10
968.9	17
969	10
969.1	92
969.2	10
969.3	10
969.4	10
969.5	10
969.6	10
969.7	10
969.8	10
969.9	10
970	26
970.1	10
970.2	10
970.3	10
970.4	10
970.5	10
970.6	46
970.7	10
970.8	10
970.9	1
971	30
971.1	10
971.2	10
971.3	10
971.4	10
971.5	10
971.6	10
971.7	15
971.8	10
971.9	10
972	10
972.1	10
972.2	10
972.3	29
972.4	10
972.5	10
972.6	10
972.7	10
972.8	10
972.9	10
973	10
973.1	10
973.2	10
973.3	61
973.4	10
973.5	56
973.6	120
973.7	74
973.8	10
973.9	10
974	10
974.1	10
974.2	10
974.3	10
974.4	10
974.5	10
974.6	10
974.7	10
974.8	43
974.9	130
975	96
975.1	50
975.2	39
975.3	28
975.4	10
975.5	10
975.6	10
975.7	47
975.8	93
975.9	10
976	10
976.1	10
976.2	10
976.3	10
976.4	10
976.5	10
976.6	84
976.7	10
976.8	10
976.9	172
977	10
977.1	10
977.2	10
977.3	10
977.4	10
977.5	10
977.6	10
977.7	48
977.8	60
977.9	2
978	37
978.1	10
978.2	90
978.3	148
978.4	10
978.5	10
978.6	10
978.7	52
978.8	196
978.9	93
979	10
979.1	10
979.2	10
979.3	10
979.4	10
979.5	10
979.6	9
979.7	10
979.8	10
979.9	10
980	10
980.1	10
980.2	120
980.3	10
980.4	10
980.5	18
980.6	93
980.7	10
980.8	10
980.9	10
981	10
981.1	10
981.2	3
981.3	55
981.4	10
981.5	10
981.6	10
981.7	10
981.8	10
981.9	10
982	10
982.1	41
982.2	12
982.3	10
982.4	30
982.5	13
982.6	10
982.7	10
982.8	10
982.9	10
983	38
983.1	10
983.2	10
983.3	10
983.4	10
983.5	10
983.6	10
983.7	10
983.8	10
983.9	174
984	47
984.1	146
984.2	117
984.3	2
984.4	43
984.5	10
984.6	10
984.7	10
984.8	10
984.9	10
985	10
985.1	10
985.2	92
985.3	10
985.4	18
985.5	41
985.6	10
985.7	10
985.8	10
985.9	10
986	10
986.1	10
986.2	55
986.3	10
986.4	10
986.5	10
986.6	10
986.7	184
986.8	10
986.9	10
987	10
987.1	10
987.2	10
987.3	10
987.4	10
987.5	66
987.6	10
987.7	89
987.8	148
987.9	73
988	252
988.1	270
988.2	10
988.3	10
988.4	10
988.5	10
988.6	10
988.7	10
988.8	7
988.9	1
989	59
989.1	164
989.2	147
989.3	95
989.4	10
989.5	10
989.6	10
989.7	10
989.8	68
989.9	10
990	10
990.1	10
990.2	10
990.3	35
990.4	116
990.5	42
990.6	204
990.7	66
990.8	10
990.9	10
991	10
991.1	27
991.2	108
991.3	73
991.4	10
991.5	57
991.6	86
991.7	10
991.8	10
991.9	10
992	10
992.1	10
992.2	10
992.3	10
992.4	10
992.5	43
992.6	176
992.7	10
992.8	79
992.9	27
993	10
993.1	10
993.2	10
993.3	23
993.4	46
993.5	10
993.6	180
993.7	1
993.8	59
993.9	135
994	118
994.1	130
994.2	10
994.3	55
994.4	38
994.5	195
994.6	183
994.7	184
994.8	380
994.9	208
995	10
995.1	10
995.2	237
995.3	521
995.4	336
995.5	377
995.6	118
995.7	55
995.8	205
995.9	159
996	286
996.1	183
996.2	299
996.3	224
996.4	34
996.5	317
996.6	254
996.7	260
996.8	237
996.9	215
997	434
997.1	591
997.2	343
997.3	26
997.4	361
997.5	378
997.6	292
997.7	212
997.8	264
997.9	282
998	346
998.1	219
998.2	23
998.3	10
998.4	10
998.5	301
998.6	434
998.7	273
998.8	129
998.9	280
999	303
999.1	315
999.2	465
999.3	310
999.4	212
999.5	293
999.6	219
999.7	51
999.8	242
999.9	479
1000	1452
