# Optical absorption spectrum of Program fragment delivered error ``Can't call method "sample_" on an undefined value at abs.template line 1.'':LA2BE2O5 (Nd:BeL)
# assuming unity concentration per meter.  This data was part of the NASA 
# Laser Spectra Database found on the web until December of 2005 which
# was created by Pat Cross working at NASA Langley Research Center, Internal
# Operations Group, Aerospace Electronics Systems Division, Remote Sensing.
#
# The spectra was collected by MIT on  5 January 1987 and was 
# annotated on  9 February 1988.  The sample name was "" was a 4.4000
# long piece of :.   
# The incident light had unknown polarization.
#
# Spectra were recorded from 299.9 to 1000nm
# every 0.1nm at room temperature.
#
# FILE NAME AT MIT = NDBELZ.DAT ON PC = NDBELZ.DAT NO_POINTS = 7002. pts DATA_INTV = 0.100 nm MIN_LAMBDA = 300.000 nm MIN_DATA = 5.7083370 MAX_LAMBDA = 1000.000 nm MAX_DATA = 158493.00 SCANSPEED = ? nm/min SLITWIDTH= ? nmITA = ?. RESP = ? ns ISMS = ? DATE =88/02/17 ? = nnn. DATA SENT FROM ALLIED CHEMICAL, TAKEN BY D. KNOWLES AT MIT.
#
##Wavelength (nm)	Absorbance (/meter) 
299.9	10
300	2260
300.1	2260
300.2	2260
300.3	2260
300.4	2260
300.5	2260
300.6	2256
300.7	2292
300.8	2256
300.9	2277
301	2256
301.1	2251
301.2	2245
301.3	2261
301.4	2282
301.5	2298
301.6	2308
301.7	2308
301.8	2319
301.9	2313
302	2334
302.1	2340
302.2	2371
302.3	2334
302.4	2361
302.5	2445
302.6	2508
302.7	2628
302.8	2801
302.9	2901
303	2854
303.1	2759
303.2	2717
303.3	2733
303.4	2786
303.5	2796
303.6	2843
303.7	2891
303.8	3032
303.9	3268
304	3457
304.1	3410
304.2	3184
304.3	3037
304.4	2964
304.5	2980
304.6	3053
304.7	3148
304.8	3300
304.9	3483
305	3599
305.1	3578
305.2	3399
305.3	3169
305.4	3006
305.5	2917
305.6	2870
305.7	2864
305.8	2854
305.9	2885
306	2917
306.1	2938
306.2	2901
306.3	2859
306.4	2765
306.5	2738
306.6	2733
306.7	2702
306.8	2733
306.9	2801
307	2854
307.1	2964
307.2	3016
307.3	3027
307.4	3006
307.5	2964
307.6	2906
307.7	2854
307.8	2838
307.9	2849
308	2880
308.1	2880
308.2	2843
308.3	2770
308.4	2649
308.5	2612
308.6	2581
308.7	2586
308.8	2560
308.9	2534
309	2476
309.1	2408
309.2	2403
309.3	2397
309.4	2392
309.5	2366
309.6	2382
309.7	2387
309.8	2413
309.9	2429
310	2450
310.1	2408
310.2	2345
310.3	2334
310.4	2292
310.5	2266
310.6	2277
310.7	2251
310.8	2245
310.9	2292
311	2303
311.1	2292
311.2	2287
311.3	2256
311.4	2251
311.5	2256
311.6	2261
311.7	2251
311.8	2261
311.9	2235
312	2245
312.1	2235
312.2	2224
312.3	2224
312.4	2214
312.5	2209
312.6	2235
312.7	2188
312.8	2151
312.9	2188
313	2214
313.1	2224
313.2	2224
313.3	2219
313.4	2214
313.5	2188
313.6	2219
313.7	2203
313.8	2203
313.9	2230
314	2235
314.1	2256
314.2	2256
314.3	2277
314.4	2277
314.5	2271
314.6	2345
314.7	2303
314.8	2298
314.9	2303
315	2319
315.1	2298
315.2	2303
315.3	2334
315.4	2340
315.5	2319
315.6	2334
315.7	2324
315.8	2313
315.9	2334
316	2334
316.1	2313
316.2	2319
316.3	2319
316.4	2303
316.5	2313
316.6	2324
316.7	2298
316.8	2334
316.9	2308
317	2329
317.1	2340
317.2	2277
317.3	2298
317.4	2329
317.5	2324
317.6	2319
317.7	2282
317.8	2287
317.9	2313
318	2329
318.1	2266
318.2	2277
318.3	2271
318.4	2266
318.5	2303
318.6	2271
318.7	2256
318.8	2256
318.9	2240
319	2245
319.1	2235
319.2	2256
319.3	2261
319.4	2277
319.5	2261
319.6	2240
319.7	2125
319.8	1967
319.9	1957
320	1978
320.1	1957
320.2	1936
320.3	1951
320.4	1946
320.5	1925
320.6	1946
320.7	1951
320.8	1899
320.9	1899
321	1910
321.1	1899
321.2	1915
321.3	1904
321.4	1904
321.5	1920
321.6	1951
321.7	1983
321.8	1941
321.9	1946
322	1941
322.1	1957
322.2	1962
322.3	1946
322.4	1978
322.5	2009
322.6	2020
322.7	2056
322.8	2067
322.9	2072
323	2072
323.1	2130
323.2	2172
323.3	2193
323.4	2209
323.5	2261
323.6	2324
323.7	2371
323.8	2408
323.9	2445
324	2513
324.1	2607
324.2	2660
324.3	2744
324.4	2843
324.5	2927
324.6	3022
324.7	3142
324.8	3232
324.9	3321
325	3441
325.1	3541
325.2	3609
325.3	3730
325.4	3840
325.5	3992
325.6	4118
325.7	4233
325.8	4328
325.9	4459
326	4601
326.1	4685
326.2	4816
326.3	4874
326.4	5015
326.5	5099
326.6	5152
326.7	5230
326.8	5314
326.9	5367
327	5403
327.1	5482
327.2	5524
327.3	5587
327.4	5645
327.5	5708
327.6	5797
327.7	5891
327.8	5980
327.9	6033
328	6122
328.1	6180
328.2	6269
328.3	6358
328.4	6426
328.5	6484
328.6	6510
328.7	6526
328.8	6489
328.9	6505
329	6521
329.1	6563
329.2	6605
329.3	6662
329.4	6710
329.5	6746
329.6	6804
329.7	6846
329.8	6893
329.9	6940
330	6935
330.1	6951
330.2	6982
330.3	6993
330.4	7019
330.5	7035
330.6	7072
330.7	7077
330.8	7108
330.9	7156
331	7213
331.1	7266
331.2	7308
331.3	7386
331.4	7402
331.5	7481
331.6	7518
331.7	7565
331.8	7612
331.9	7664
332	7664
332.1	7706
332.2	7706
332.3	7712
332.4	7712
332.5	7701
332.6	7712
332.7	7701
332.8	7670
332.9	7670
333	7691
333.1	7722
333.2	7775
333.3	7822
333.4	7885
333.5	7937
333.6	7958
333.7	7948
333.8	7958
333.9	7916
334	7864
334.1	7843
334.2	7817
334.3	7738
334.4	7649
334.5	7559
334.6	7486
334.7	7365
334.8	7245
334.9	7108
335	6972
335.1	6841
335.2	6725
335.3	6584
335.4	6495
335.5	6353
335.6	6227
335.7	6070
335.8	5980
335.9	5839
336	5776
336.1	5723
336.2	5624
336.3	5487
336.4	5346
336.5	5157
336.6	5036
336.7	4905
336.8	4790
336.9	4706
337	4632
337.1	4548
337.2	4475
337.3	4417
337.4	4359
337.5	4317
337.6	4296
337.7	4228
337.8	4155
337.9	4123
338	4108
338.1	4081
338.2	4060
338.3	4039
338.4	4013
338.5	4045
338.6	4045
338.7	4045
338.8	4039
338.9	4018
339	3997
339.1	3950
339.2	3882
339.3	3908
339.4	3898
339.5	3866
339.6	3845
339.7	3851
339.8	3851
339.9	3819
340	3788
340.1	3767
340.2	3782
340.3	3767
340.4	3709
340.5	3651
340.6	3635
340.7	3620
340.8	3567
340.9	3536
341	3462
341.1	3473
341.2	3478
341.3	3468
341.4	3441
341.5	3431
341.6	3394
341.7	3415
341.8	3389
341.9	3389
342	3373
342.1	3368
342.2	3310
342.3	3289
342.4	3242
342.5	3242
342.6	3195
342.7	3190
342.8	3158
342.9	3106
343	3053
343.1	3006
343.2	2959
343.3	2922
343.4	2912
343.5	2864
343.6	2828
343.7	2786
343.8	2749
343.9	2712
344	2691
344.1	2691
344.2	2665
344.3	2660
344.4	2644
344.5	2675
344.6	2654
344.7	2696
344.8	2723
344.9	2723
345	2723
345.1	2717
345.2	2723
345.3	2728
345.4	2728
345.5	2702
345.6	2702
345.7	2707
345.8	2738
345.9	2723
346	2717
346.1	2749
346.2	2770
346.3	2780
346.4	2801
346.5	2807
346.6	2843
346.7	2875
346.8	2896
346.9	2891
347	2917
347.1	2974
347.2	2990
347.3	2995
347.4	3016
347.5	3032
347.6	3027
347.7	3027
347.8	3048
347.9	3074
348	3085
348.1	3100
348.2	3158
348.3	3216
348.4	3252
348.5	3284
348.6	3315
348.7	3363
348.8	3384
348.9	3426
349	3494
349.1	3593
349.2	3756
349.3	3924
349.4	4108
349.5	4281
349.6	4386
349.7	4438
349.8	4475
349.9	4501
350	4574
350.1	4700
350.2	4884
350.3	5104
350.4	5403
350.5	5708
350.6	6049
350.7	6453
350.8	6940
350.9	7528
351	8325
351.1	9343
351.2	10513
351.3	11872
351.4	13262
351.5	14374
351.6	14904
351.7	14783
351.8	14295
351.9	13545
352	12931
352.1	12590
352.2	12475
352.3	12564
352.4	12800
352.5	13272
352.6	13818
352.7	14468
352.8	15182
352.9	15801
353	16231
353.1	16457
353.2	16551
353.3	16635
353.4	16866
353.5	17296
353.6	17957
353.7	18828
353.8	19924
353.9	21021
354	22017
354.1	22836
354.2	23350
354.3	23460
354.4	23298
354.5	22894
354.6	22290
354.7	21687
354.8	21147
354.9	20716
355	20386
355.1	20155
355.2	19977
355.3	19762
355.4	19484
355.5	19148
355.6	18854
355.7	18587
355.8	18309
355.9	17999
356	17763
356.1	17411
356.2	17076
356.3	16740
356.4	16441
356.5	16189
356.6	15990
356.7	15785
356.8	15523
356.9	15276
357	14962
357.1	14678
357.2	14442
357.3	14227
357.4	14086
357.5	13970
357.6	13902
357.7	13771
357.8	13577
357.9	13351
358	13094
358.1	12816
358.2	12596
358.3	12386
358.4	12234
358.5	12129
358.6	12061
358.7	12029
358.8	12019
358.9	12019
359	12087
359.1	12291
359.2	12664
359.3	13162
359.4	13750
359.5	14169
359.6	14290
359.7	14033
359.8	13540
359.9	13021
360	12596
360.1	12365
360.2	12402
360.3	12627
360.4	13026
360.5	13556
360.6	14227
360.7	15129
360.8	16409
360.9	18240
361	20585
361.1	23308
361.2	25789
361.3	26991
361.4	26078
361.5	23602
361.6	20633
361.7	18099
361.8	16173
361.9	14941
362	14364
362.1	14343
362.2	14794
362.3	15602
362.4	16299
362.5	16095
362.6	14851
362.7	13346
362.8	12276
362.9	11772
363	11546
363.1	11463
363.2	11415
363.3	11284
363.4	11169
363.5	11237
363.6	11515
363.7	11919
363.8	12323
363.9	12449
364	12034
364.1	11179
364.2	10177
364.3	9238
364.4	8425
364.5	7790
364.6	7218
364.7	6752
364.8	6374
364.9	6075
365	5834
365.1	5697
365.2	5660
365.3	5650
365.4	5603
365.5	5555
365.6	5382
365.7	5188
365.8	5036
365.9	4884
366	4727
366.1	4595
366.2	4428
366.3	4254
366.4	4108
366.5	3997
366.6	3903
366.7	3861
366.8	3861
366.9	3913
367	3971
367.1	3982
367.2	3961
367.3	3830
367.4	3730
367.5	3604
367.6	3489
367.7	3363
367.8	3263
367.9	3127
368	2953
368.1	2723
368.2	2487
368.3	2271
368.4	2098
368.5	1936
368.6	1820
368.7	1705
368.8	1684
368.9	1647
369	1616
369.1	1579
369.2	1495
369.3	1374
369.4	1238
369.5	1144
369.6	1086
369.7	997
369.8	960
369.9	892
370	845
370.1	808
370.2	771
370.3	782
370.4	734
370.5	703
370.6	671
370.7	703
370.8	650
370.9	640
371	650
371.1	609
371.2	603
371.3	598
371.4	593
371.5	577
371.6	567
371.7	551
371.8	551
371.9	535
372	509
372.1	514
372.2	514
372.3	525
372.4	504
372.5	498
372.6	525
372.7	514
372.8	509
372.9	509
373	504
373.1	519
373.2	472
373.3	493
373.4	456
373.5	488
373.6	483
373.7	456
373.8	456
373.9	472
374	467
374.1	456
374.2	462
374.3	483
374.4	456
374.5	446
374.6	451
374.7	456
374.8	467
374.9	467
375	462
375.1	456
375.2	441
375.3	435
375.4	451
375.5	414
375.6	425
375.7	404
375.8	420
375.9	441
376	425
376.1	441
376.2	425
376.3	393
376.4	409
376.5	425
376.6	420
376.7	388
376.8	399
376.9	425
377	430
377.1	393
377.2	399
377.3	404
377.4	409
377.5	404
377.6	383
377.7	393
377.8	383
377.9	393
378	409
378.1	383
378.2	372
378.3	378
378.4	383
378.5	388
378.6	393
378.7	378
378.8	346
378.9	372
379	393
379.1	388
379.2	367
379.3	372
379.4	388
379.5	399
379.6	393
379.7	414
379.8	441
379.9	441
380	451
380.1	404
380.2	414
380.3	477
380.4	477
380.5	451
380.6	430
380.7	409
380.8	404
380.9	425
381	425
381.1	404
381.2	435
381.3	472
381.4	477
381.5	472
381.6	446
381.7	425
381.8	399
381.9	441
382	477
382.1	477
382.2	456
382.3	462
382.4	477
382.5	493
382.6	509
382.7	530
382.8	525
382.9	514
383	504
383.1	504
383.2	514
383.3	498
383.4	488
383.5	498
383.6	493
383.7	472
383.8	504
383.9	530
384	488
384.1	498
384.2	530
384.3	519
384.4	535
384.5	546
384.6	546
384.7	525
384.8	509
384.9	483
385	488
385.1	483
385.2	472
385.3	446
385.4	451
385.5	467
385.6	493
385.7	498
385.8	472
385.9	514
386	572
386.1	635
386.2	656
386.3	624
386.4	540
386.5	483
386.6	467
386.7	456
386.8	451
386.9	446
387	451
387.1	472
387.2	483
387.3	446
387.4	451
387.5	441
387.6	456
387.7	451
387.8	477
387.9	456
388	446
388.1	414
388.2	446
388.3	425
388.4	409
388.5	446
388.6	435
388.7	435
388.8	456
388.9	441
389	430
389.1	477
389.2	488
389.3	483
389.4	467
389.5	477
389.6	483
389.7	462
389.8	467
389.9	441
390	435
390.1	430
390.2	404
390.3	409
390.4	393
390.5	383
390.6	399
390.7	388
390.8	383
390.9	393
391	399
391.1	388
391.2	399
391.3	404
391.4	378
391.5	388
391.6	378
391.7	362
391.8	351
391.9	346
392	367
392.1	393
392.2	372
392.3	362
392.4	346
392.5	367
392.6	351
392.7	357
392.8	357
392.9	372
393	378
393.1	362
393.2	336
393.3	362
393.4	383
393.5	393
393.6	383
393.7	357
393.8	362
393.9	362
394	357
394.1	362
394.2	357
394.3	341
394.4	330
394.5	325
394.6	357
394.7	346
394.8	299
394.9	346
395	357
395.1	341
395.2	330
395.3	351
395.4	346
395.5	336
395.6	367
395.7	351
395.8	357
395.9	336
396	299
396.1	320
396.2	330
396.3	341
396.4	336
396.5	325
396.6	341
396.7	336
396.8	341
396.9	351
397	357
397.1	362
397.2	351
397.3	330
397.4	325
397.5	336
397.6	325
397.7	309
397.8	304
397.9	315
398	346
398.1	325
398.2	309
398.3	315
398.4	351
398.5	351
398.6	346
398.7	320
398.8	309
398.9	325
399	336
399.1	325
399.2	362
399.3	362
399.4	315
399.5	325
399.6	330
399.7	341
399.8	330
399.9	351
400	336
400.1	330
400.2	341
400.3	320
400.4	315
400.5	288
400.6	330
400.7	341
400.8	309
400.9	325
401	325
401.1	330
401.2	309
401.3	315
401.4	320
401.5	309
401.6	304
401.7	315
401.8	325
401.9	325
402	372
402.1	357
402.2	320
402.3	309
402.4	294
402.5	309
402.6	278
402.7	346
402.8	346
402.9	341
403	341
403.1	372
403.2	330
403.3	320
403.4	304
403.5	294
403.6	304
403.7	309
403.8	299
403.9	283
404	294
404.1	288
404.2	315
404.3	304
404.4	304
404.5	304
404.6	320
404.7	288
404.8	309
404.9	336
405	315
405.1	320
405.2	304
405.3	299
405.4	299
405.5	320
405.6	294
405.7	304
405.8	283
405.9	294
406	309
406.1	304
406.2	304
406.3	315
406.4	309
406.5	336
406.6	336
406.7	299
406.8	278
406.9	294
407	294
407.1	315
407.2	299
407.3	299
407.4	309
407.5	325
407.6	288
407.7	278
407.8	304
407.9	330
408	325
408.1	294
408.2	315
408.3	309
408.4	315
408.5	283
408.6	299
408.7	309
408.8	304
408.9	294
409	288
409.1	268
409.2	268
409.3	309
409.4	304
409.5	288
409.6	278
409.7	294
409.8	283
409.9	304
410	320
410.1	283
410.2	299
410.3	315
410.4	304
410.5	325
410.6	320
410.7	278
410.8	288
410.9	309
411	325
411.1	288
411.2	299
411.3	299
411.4	299
411.5	288
411.6	309
411.7	299
411.8	288
411.9	309
412	304
412.1	278
412.2	288
412.3	283
412.4	273
412.5	299
412.6	299
412.7	304
412.8	320
412.9	309
413	288
413.1	294
413.2	304
413.3	315
413.4	309
413.5	304
413.6	309
413.7	309
413.8	309
413.9	320
414	320
414.1	304
414.2	299
414.3	309
414.4	315
414.5	341
414.6	330
414.7	320
414.8	336
414.9	336
415	315
415.1	330
415.2	299
415.3	320
415.4	341
415.5	320
415.6	325
415.7	346
415.8	367
415.9	351
416	315
416.1	336
416.2	325
416.3	330
416.4	330
416.5	357
416.6	362
416.7	362
416.8	372
416.9	362
417	383
417.1	378
417.2	372
417.3	367
417.4	383
417.5	378
417.6	399
417.7	383
417.8	399
417.9	414
418	409
418.1	435
418.2	446
418.3	483
418.4	456
418.5	493
418.6	456
418.7	472
418.8	519
418.9	519
419	498
419.1	504
419.2	514
419.3	519
419.4	519
419.5	561
419.6	572
419.7	582
419.8	598
419.9	640
420	661
420.1	666
420.2	650
420.3	661
420.4	666
420.5	666
420.6	703
420.7	698
420.8	734
420.9	719
421	719
421.1	745
421.2	745
421.3	755
421.4	766
421.5	792
421.6	824
421.7	808
421.8	818
421.9	797
422	797
422.1	792
422.2	787
422.3	766
422.4	719
422.5	692
422.6	682
422.7	682
422.8	671
422.9	671
423	666
423.1	661
423.2	645
423.3	635
423.4	645
423.5	619
423.6	640
423.7	619
423.8	624
423.9	619
424	624
424.1	614
424.2	609
424.3	609
424.4	598
424.5	561
424.6	588
424.7	603
424.8	603
424.9	609
425	588
425.1	629
425.2	666
425.3	656
425.4	692
425.5	729
425.6	792
425.7	866
425.8	955
425.9	1033
426	1117
426.1	1144
426.2	1128
426.3	1065
426.4	1023
426.5	986
426.6	902
426.7	860
426.8	813
426.9	761
427	708
427.1	703
427.2	708
427.3	687
427.4	645
427.5	656
427.6	682
427.7	687
427.8	640
427.9	645
428	640
428.1	635
428.2	640
428.3	635
428.4	635
428.5	624
428.6	624
428.7	603
428.8	609
428.9	603
429	609
429.1	598
429.2	593
429.3	582
429.4	582
429.5	588
429.6	593
429.7	582
429.8	614
429.9	661
430	640
430.1	692
430.2	687
430.3	692
430.4	713
430.5	687
430.6	687
430.7	671
430.8	682
430.9	671
431	671
431.1	687
431.2	719
431.3	729
431.4	734
431.5	750
431.6	729
431.7	740
431.8	808
431.9	808
432	866
432.1	887
432.2	934
432.3	1039
432.4	1201
432.5	1443
432.6	1920
432.7	2770
432.8	4312
432.9	6321
433	7586
433.1	6442
433.2	4302
433.3	2780
433.4	2004
433.5	1605
433.6	1369
433.7	1233
433.8	1186
433.9	1175
434	1212
434.1	1207
434.2	1186
434.3	1138
434.4	1133
434.5	1170
434.6	1259
434.7	1338
434.8	1474
434.9	1668
435	1831
435.1	1936
435.2	1910
435.3	1684
435.4	1432
435.5	1254
435.6	1102
435.7	1002
435.8	970
435.9	955
436	923
436.1	908
436.2	887
436.3	887
436.4	902
436.5	923
436.6	965
436.7	986
436.8	1065
436.9	1207
437	1369
437.1	1584
437.2	1763
437.3	1836
437.4	1778
437.5	1616
437.6	1464
437.7	1296
437.8	1201
437.9	1149
438	1107
438.1	1075
438.2	1075
438.3	1049
438.4	1044
438.5	1044
438.6	1039
438.7	1049
438.8	1028
438.9	1060
439	1033
439.1	1054
439.2	1070
439.3	1086
439.4	1107
439.5	1144
439.6	1175
439.7	1144
439.8	1102
439.9	1054
440	981
440.1	923
440.2	866
440.3	776
440.4	782
440.5	740
440.6	713
440.7	661
440.8	629
440.9	609
441	614
441.1	588
441.2	567
441.3	577
441.4	598
441.5	561
441.6	572
441.7	535
441.8	514
441.9	546
442	561
442.1	572
442.2	603
442.3	645
442.4	645
442.5	661
442.6	645
442.7	577
442.8	530
442.9	509
443	498
443.1	472
443.2	435
443.3	451
443.4	404
443.5	388
443.6	383
443.7	414
443.8	399
443.9	383
444	393
444.1	362
444.2	351
444.3	362
444.4	378
444.5	393
444.6	383
444.7	388
444.8	393
444.9	414
445	404
445.1	383
445.2	420
445.3	393
445.4	383
445.5	378
445.6	383
445.7	357
445.8	383
445.9	372
446	388
446.1	409
446.2	404
446.3	383
446.4	404
446.5	414
446.6	393
446.7	451
446.8	435
446.9	451
447	456
447.1	435
447.2	430
447.3	441
447.4	446
447.5	420
447.6	425
447.7	451
447.8	462
447.9	451
448	420
448.1	446
448.2	446
448.3	451
448.4	446
448.5	451
448.6	446
448.7	483
448.8	451
448.9	483
449	472
449.1	477
449.2	456
449.3	504
449.4	535
449.5	530
449.6	525
449.7	525
449.8	551
449.9	551
450	582
450.1	593
450.2	577
450.3	572
450.4	603
450.5	603
450.6	624
450.7	656
450.8	682
450.9	687
451	698
451.1	724
451.2	761
451.3	740
451.4	803
451.5	808
451.6	824
451.7	834
451.8	876
451.9	897
452	918
452.1	913
452.2	960
452.3	991
452.4	1039
452.5	1086
452.6	1112
452.7	1154
452.8	1175
452.9	1207
453	1264
453.1	1306
453.2	1343
453.3	1416
453.4	1469
453.5	1579
453.6	1621
453.7	1705
453.8	1778
453.9	1883
454	1972
454.1	2104
454.2	2245
454.3	2361
454.4	2424
454.5	2534
454.6	2581
454.7	2597
454.8	2565
454.9	2534
455	2466
455.1	2392
455.2	2355
455.3	2298
455.4	2266
455.5	2240
455.6	2193
455.7	2167
455.8	2167
455.9	2177
456	2167
456.1	2172
456.2	2198
456.3	2193
456.4	2240
456.5	2224
456.6	2271
456.7	2329
456.8	2334
456.9	2371
457	2382
457.1	2382
457.2	2424
457.3	2408
457.4	2408
457.5	2450
457.6	2434
457.7	2466
457.8	2518
457.9	2565
458	2544
458.1	2534
458.2	2555
458.3	2544
458.4	2539
458.5	2534
458.6	2544
458.7	2534
458.8	2576
458.9	2571
459	2571
459.1	2602
459.2	2602
459.3	2639
459.4	2633
459.5	2623
459.6	2675
459.7	2717
459.8	2738
459.9	2754
460	2770
460.1	2807
460.2	2801
460.3	2843
460.4	2854
460.5	2833
460.6	2833
460.7	2843
460.8	2885
460.9	2875
461	2896
461.1	2943
461.2	2964
461.3	2990
461.4	3016
461.5	3043
461.6	3079
461.7	3121
461.8	3169
461.9	3184
462	3211
462.1	3247
462.2	3294
462.3	3326
462.4	3331
462.5	3352
462.6	3394
462.7	3462
462.8	3531
462.9	3567
463	3662
463.1	3709
463.2	3761
463.3	3803
463.4	3877
463.5	3887
463.6	3903
463.7	3898
463.8	3819
463.9	3777
464	3735
464.1	3698
464.2	3667
464.3	3578
464.4	3525
464.5	3473
464.6	3441
464.7	3415
464.8	3415
464.9	3394
465	3352
465.1	3331
465.2	3342
465.3	3331
465.4	3363
465.5	3342
465.6	3336
465.7	3347
465.8	3321
465.9	3321
466	3336
466.1	3336
466.2	3368
466.3	3389
466.4	3405
466.5	3394
466.6	3452
466.7	3515
466.8	3536
466.9	3562
467	3578
467.1	3614
467.2	3704
467.3	3714
467.4	3688
467.5	3709
467.6	3756
467.7	3756
467.8	3761
467.9	3767
468	3767
468.1	3714
468.2	3709
468.3	3683
468.4	3662
468.5	3614
468.6	3578
468.7	3552
468.8	3552
468.9	3520
469	3504
469.1	3473
469.2	3515
469.3	3531
469.4	3531
469.5	3552
469.6	3604
469.7	3651
469.8	3677
469.9	3704
470	3756
470.1	3803
470.2	3872
470.3	3945
470.4	3992
470.5	4060
470.6	4108
470.7	4150
470.8	4197
470.9	4254
471	4254
471.1	4260
471.2	4286
471.3	4270
471.4	4260
471.5	4223
471.6	4181
471.7	4144
471.8	4087
471.9	4060
472	4039
472.1	3997
472.2	3908
472.3	3851
472.4	3793
472.5	3735
472.6	3730
472.7	3683
472.8	3635
472.9	3614
473	3567
473.1	3557
473.2	3562
473.3	3546
473.4	3562
473.5	3562
473.6	3593
473.7	3614
473.8	3677
473.9	3730
474	3767
474.1	3814
474.2	3872
474.3	3851
474.4	3777
474.5	3735
474.6	3677
474.7	3593
474.8	3462
474.9	3347
475	3242
475.1	3142
475.2	3074
475.3	3016
475.4	2969
475.5	2938
475.6	2896
475.7	2891
475.8	2875
475.9	2906
476	2943
476.1	2974
476.2	3022
476.3	3032
476.4	3053
476.5	3085
476.6	3142
476.7	3190
476.8	3242
476.9	3326
477	3378
477.1	3405
477.2	3405
477.3	3352
477.4	3310
477.5	3310
477.6	3336
477.7	3347
477.8	3384
477.9	3410
478	3468
478.1	3494
478.2	3546
478.3	3583
478.4	3688
478.5	3835
478.6	4008
478.7	4181
478.8	4391
478.9	4648
479	4910
479.1	5167
479.2	5377
479.3	5592
479.4	5660
479.5	5555
479.6	5351
479.7	5031
479.8	4800
479.9	4742
480	4832
480.1	5057
480.2	5487
480.3	6080
480.4	6668
480.5	6961
480.6	6757
480.7	6064
480.8	5367
480.9	4769
481	4412
481.1	4113
481.2	3934
481.3	3856
481.4	3851
481.5	3893
481.6	3997
481.7	4102
481.8	4223
481.9	4338
482	4428
482.1	4512
482.2	4590
482.3	4648
482.4	4727
482.5	4816
482.6	4999
482.7	5235
482.8	5545
482.9	5860
483	6112
483.1	6248
483.2	6127
483.3	5818
483.4	5356
483.5	4842
483.6	4386
483.7	4008
483.8	3719
483.9	3478
484	3352
484.1	3205
484.2	3111
484.3	3037
484.4	2974
484.5	2906
484.6	2864
484.7	2780
484.8	2696
484.9	2597
485	2508
485.1	2455
485.2	2445
485.3	2371
485.4	2345
485.5	2397
485.6	2387
485.7	2350
485.8	2313
485.9	2277
486	2209
486.1	2135
486.2	2051
486.3	1978
486.4	1946
486.5	1878
486.6	1836
486.7	1831
486.8	1810
486.9	1831
487	1820
487.1	1784
487.2	1773
487.3	1757
487.4	1715
487.5	1710
487.6	1663
487.7	1637
487.8	1590
487.9	1537
488	1469
488.1	1390
488.2	1343
488.3	1306
488.4	1264
488.5	1222
488.6	1175
488.7	1128
488.8	1086
488.9	1054
489	1028
489.1	976
489.2	955
489.3	897
489.4	855
489.5	824
489.6	808
489.7	761
489.8	755
489.9	761
490	740
490.1	750
490.2	708
490.3	677
490.4	656
490.5	666
490.6	645
490.7	650
490.8	650
490.9	671
491	671
491.1	645
491.2	650
491.3	629
491.4	666
491.5	614
491.6	629
491.7	645
491.8	635
491.9	692
492	724
492.1	713
492.2	719
492.3	687
492.4	692
492.5	677
492.6	640
492.7	619
492.8	609
492.9	572
493	561
493.1	535
493.2	546
493.3	546
493.4	514
493.5	514
493.6	514
493.7	530
493.8	535
493.9	530
494	519
494.1	535
494.2	530
494.3	551
494.4	551
494.5	540
494.6	530
494.7	572
494.8	588
494.9	598
495	619
495.1	614
495.2	645
495.3	666
495.4	677
495.5	677
495.6	698
495.7	708
495.8	729
495.9	787
496	813
496.1	834
496.2	871
496.3	860
496.4	897
496.5	902
496.6	918
496.7	981
496.8	1039
496.9	1075
497	1128
497.1	1165
497.2	1186
497.3	1243
497.4	1275
497.5	1332
497.6	1374
497.7	1443
497.8	1495
497.9	1590
498	1626
498.1	1658
498.2	1731
498.3	1820
498.4	1878
498.5	1946
498.6	2041
498.7	2109
498.8	2209
498.9	2277
499	2361
499.1	2502
499.2	2670
499.3	2796
499.4	2969
499.5	3127
499.6	3221
499.7	3378
499.8	3536
499.9	3620
500	3709
500.1	3746
500.2	3782
500.3	3772
500.4	3751
500.5	3667
500.6	3635
500.7	3567
500.8	3520
500.9	3441
501	3415
501.1	3373
501.2	3363
501.3	3347
501.4	3315
501.5	3289
501.6	3252
501.7	3268
501.8	3268
501.9	3258
502	3268
502.1	3252
502.2	3247
502.3	3221
502.4	3263
502.5	3258
502.6	3247
502.7	3242
502.8	3221
502.9	3190
503	3179
503.1	3158
503.2	3163
503.3	3153
503.4	3137
503.5	3106
503.6	3106
503.7	3116
503.8	3142
503.9	3163
504	3200
504.1	3247
504.2	3268
504.3	3300
504.4	3357
504.5	3431
504.6	3510
504.7	3572
504.8	3635
504.9	3704
505	3746
505.1	3819
505.2	3903
505.3	3997
505.4	4060
505.5	4113
505.6	4192
505.7	4291
505.8	4349
505.9	4417
506	4470
506.1	4501
506.2	4601
506.3	4627
506.4	4679
506.5	4727
506.6	4795
506.7	4842
506.8	4889
506.9	4936
507	4989
507.1	5073
507.2	5120
507.3	5194
507.4	5256
507.5	5304
507.6	5388
507.7	5456
507.8	5493
507.9	5555
508	5639
508.1	5697
508.2	5765
508.3	5860
508.4	5949
508.5	5986
508.6	6033
508.7	6085
508.8	6148
508.9	6232
509	6295
509.1	6348
509.2	6442
509.3	6505
509.4	6542
509.5	6620
509.6	6636
509.7	6694
509.8	6736
509.9	6757
510	6773
510.1	6783
510.2	6783
510.3	6815
510.4	6767
510.5	6741
510.6	6694
510.7	6673
510.8	6652
510.9	6610
511	6589
511.1	6578
511.2	6584
511.3	6605
511.4	6605
511.5	6594
511.6	6662
511.7	6710
511.8	6746
511.9	6825
512	6951
512.1	7098
512.2	7197
512.3	7329
512.4	7502
512.5	7696
512.6	7916
512.7	8189
512.8	8446
512.9	8735
513	9060
513.1	9411
513.2	9789
513.3	10172
513.4	10518
513.5	10912
513.6	11342
513.7	11798
513.8	12186
513.9	12569
514	12874
514.1	13078
514.2	13183
514.3	13167
514.4	12968
514.5	12622
514.6	12234
514.7	11893
514.8	11646
514.9	11504
515	11410
515.1	11426
515.2	11573
515.3	11751
515.4	11992
515.5	12249
515.6	12596
515.7	12958
515.8	13362
515.9	13813
516	14337
516.1	14914
516.2	15602
516.3	16399
516.4	17249
516.5	18193
516.6	19111
516.7	19919
516.8	20543
516.9	20837
517	20863
517.1	20612
517.2	20118
517.3	19452
517.4	18602
517.5	17731
517.6	16850
517.7	15964
517.8	15192
517.9	14552
518	13928
518.1	13430
518.2	13042
518.3	12680
518.4	12375
518.5	12165
518.6	11961
518.7	11756
518.8	11594
518.9	11405
519	11310
519.1	11253
519.2	11184
519.3	11137
519.4	11090
519.5	11080
519.6	11017
519.7	10990
519.8	10917
519.9	10833
520	10728
520.1	10623
520.2	10502
520.3	10403
520.4	10245
520.5	10141
520.6	10046
520.7	10015
520.8	9973
520.9	9910
521	9873
521.1	9841
521.2	9868
521.3	9925
521.4	9978
521.5	9978
521.6	10020
521.7	10067
521.8	10146
521.9	10230
522	10366
522.1	10492
522.2	10676
522.3	10849
522.4	11127
522.5	11363
522.6	11536
522.7	11746
522.8	11798
522.9	11762
523	11641
523.1	11504
523.2	11305
523.3	11080
523.4	10843
523.5	10618
523.6	10403
523.7	10219
523.8	10009
523.9	9847
524	9695
524.1	9569
524.2	9464
524.3	9375
524.4	9291
524.5	9233
524.6	9180
524.7	9112
524.8	9086
524.9	9070
525	9091
525.1	9091
525.2	9086
525.3	9081
525.4	9102
525.5	9144
525.6	9270
525.7	9417
525.8	9548
525.9	9800
526	10072
526.1	10356
526.2	10697
526.3	11111
526.4	11421
526.5	11714
526.6	11887
526.7	11945
526.8	11872
526.9	11777
527	11657
527.1	11599
527.2	11557
527.3	11567
527.4	11620
527.5	11762
527.6	11908
527.7	12155
527.8	12464
527.9	12816
528	13251
528.1	13671
528.2	14227
528.3	14930
528.4	15743
528.5	16677
528.6	17721
528.7	18754
528.8	19573
528.9	20055
529	20255
529.1	20318
529.2	20375
529.3	20575
529.4	20800
529.5	21000
529.6	21126
529.7	21210
529.8	21461
529.9	21939
530	22726
530.1	23974
530.2	25905
530.3	28407
530.4	31875
530.5	36633
530.6	42813
530.7	50314
530.8	58393
530.9	64552
531	66084
531.1	61908
531.2	54527
531.3	46726
531.4	40069
531.5	34771
531.6	30742
531.7	27898
531.8	25926
531.9	24462
532	23334
532.1	22416
532.2	21608
532.3	20974
532.4	20381
532.5	19798
532.6	19127
532.7	18293
532.8	17244
532.9	16037
533	14673
533.1	13404
533.2	12244
533.3	11305
533.4	10502
533.5	9868
533.6	9422
533.7	9102
533.8	8892
533.9	8724
534	8651
534.1	8619
534.2	8593
534.3	8551
534.4	8509
534.5	8425
534.6	8304
534.7	8268
534.8	8236
534.9	8210
535	8215
535.1	8194
535.2	8158
535.3	8137
535.4	8074
535.5	8047
535.6	7990
535.7	7885
535.8	7775
535.9	7607
536	7423
536.1	7229
536.2	7030
536.3	6841
536.4	6668
536.5	6552
536.6	6521
536.7	6521
536.8	6610
536.9	6752
537	6919
537.1	7093
537.2	7329
537.3	7507
537.4	7549
537.5	7470
537.6	7245
537.7	6862
537.8	6453
537.9	6028
538	5629
538.1	5298
538.2	5036
538.3	4826
538.4	4637
538.5	4506
538.6	4428
538.7	4302
538.8	4244
538.9	4139
539	4071
539.1	4013
539.2	3987
539.3	3929
539.4	3845
539.5	3803
539.6	3793
539.7	3730
539.8	3709
539.9	3714
540	3756
540.1	3746
540.2	3777
540.3	3819
540.4	3830
540.5	3835
540.6	3835
540.7	3819
540.8	3798
540.9	3719
541	3683
541.1	3604
541.2	3473
541.3	3378
541.4	3247
541.5	3148
541.6	3043
541.7	2943
541.8	2859
541.9	2780
542	2728
542.1	2717
542.2	2691
542.3	2686
542.4	2686
542.5	2707
542.6	2733
542.7	2786
542.8	2801
542.9	2838
543	2843
543.1	2807
543.2	2738
543.3	2670
543.4	2591
543.5	2466
543.6	2361
543.7	2230
543.8	2135
543.9	1957
544	1820
544.1	1679
544.2	1563
544.3	1479
544.4	1369
544.5	1301
544.6	1186
544.7	1123
544.8	1102
544.9	1065
545	1018
545.1	960
545.2	918
545.3	881
545.4	860
545.5	776
545.6	724
545.7	640
545.8	572
545.9	509
546	446
546.1	409
546.2	330
546.3	320
546.4	262
546.5	210
546.6	247
546.7	231
546.8	189
546.9	173
547	157
547.1	152
547.2	100
547.3	89
547.4	110
547.5	94
547.6	63
547.7	68
547.8	42
547.9	31
548	21
548.1	16
548.2	10
548.3	26
548.4	10
548.5	10
548.6	10
548.7	10
548.8	10
548.9	10
549	10
549.1	10
549.2	5
549.3	10
549.4	10
549.5	10
549.6	10
549.7	5
549.8	10
549.9	10
550	10
550.1	10
550.2	10
550.3	5
550.4	10
550.5	10
550.6	10
550.7	10
550.8	5
550.9	10
551	10
551.1	10
551.2	10
551.3	10
551.4	10
551.5	10
551.6	10
551.7	5
551.8	10
551.9	16
552	10
552.1	26
552.2	42
552.3	26
552.4	16
552.5	10
552.6	10
552.7	21
552.8	21
552.9	10
553	10
553.1	16
553.2	26
553.3	52
553.4	52
553.5	58
553.6	37
553.7	37
553.8	58
553.9	52
554	47
554.1	42
554.2	42
554.3	58
554.4	37
554.5	68
554.6	84
554.7	100
554.8	105
554.9	79
555	68
555.1	94
555.2	89
555.3	84
555.4	100
555.5	94
555.6	105
555.7	105
555.8	115
555.9	105
556	110
556.1	126
556.2	105
556.3	89
556.4	105
556.5	115
556.6	136
556.7	131
556.8	173
556.9	157
557	157
557.1	173
557.2	157
557.3	184
557.4	189
557.5	163
557.6	173
557.7	199
557.8	194
557.9	220
558	199
558.1	210
558.2	215
558.3	220
558.4	247
558.5	247
558.6	273
558.7	294
558.8	299
558.9	315
559	325
559.1	325
559.2	346
559.3	341
559.4	330
559.5	325
559.6	351
559.7	383
559.8	383
559.9	393
560	404
560.1	399
560.2	414
560.3	420
560.4	441
560.5	425
560.6	446
560.7	488
560.8	477
560.9	493
561	493
561.1	493
561.2	535
561.3	530
561.4	561
561.5	561
561.6	561
561.7	588
561.8	561
561.9	588
562	614
562.1	624
562.2	656
562.3	682
562.4	677
562.5	661
562.6	671
562.7	708
562.8	724
562.9	724
563	740
563.1	750
563.2	792
563.3	803
563.4	787
563.5	824
563.6	813
563.7	797
563.8	839
563.9	866
564	850
564.1	866
564.2	892
564.3	902
564.4	881
564.5	913
564.6	929
564.7	955
564.8	960
564.9	955
565	965
565.1	981
565.2	1028
565.3	1033
565.4	1018
565.5	1007
565.6	1060
565.7	1054
565.8	1075
565.9	1117
566	1165
566.1	1165
566.2	1133
566.3	1170
566.4	1159
566.5	1170
566.6	1249
566.7	1243
566.8	1254
566.9	1275
567	1322
567.1	1359
567.2	1359
567.3	1380
567.4	1411
567.5	1443
567.6	1437
567.7	1474
567.8	1479
567.9	1532
568	1569
568.1	1579
568.2	1605
568.3	1605
568.4	1637
568.5	1673
568.6	1705
568.7	1757
568.8	1794
568.9	1799
569	1841
569.1	1889
569.2	1904
569.3	1946
569.4	1962
569.5	1999
569.6	2062
569.7	2109
569.8	2172
569.9	2209
570	2256
570.1	2298
570.2	2324
570.3	2345
570.4	2408
570.5	2450
570.6	2471
570.7	2560
570.8	2644
570.9	2707
571	2765
571.1	2838
571.2	2906
571.3	2990
571.4	3085
571.5	3158
571.6	3200
571.7	3279
571.8	3410
571.9	3499
572	3614
572.1	3709
572.2	3793
572.3	3934
572.4	4087
572.5	4233
572.6	4386
572.7	4517
572.8	4700
572.9	4884
573	5110
573.1	5325
573.2	5555
573.3	5786
573.4	6001
573.5	6311
573.6	6594
573.7	6872
573.8	7166
573.9	7518
574	7832
574.1	8210
574.2	8624
574.3	9034
574.4	9490
574.5	9957
574.6	10482
574.7	10959
574.8	11515
574.9	12087
575	12690
575.1	13325
575.2	13954
575.3	14678
575.4	15486
575.5	16394
575.6	17432
575.7	18571
575.8	19961
575.9	21514
576	23345
576.1	25427
576.2	27720
576.3	30269
576.4	33081
576.5	35830
576.6	38327
576.7	40326
576.8	41543
576.9	41963
577	41643
577.1	40630
577.2	39177
577.3	37530
577.4	35919
577.5	34466
577.6	33375
577.7	32593
577.8	32127
577.9	32027
578	32190
578.1	32677
578.2	33328
578.3	33957
578.4	34613
578.5	35164
578.6	35752
578.7	36402
578.8	37257
578.9	38275
579	39718
579.1	41527
579.2	43710
579.3	46328
579.4	49045
579.5	51810
579.6	54149
579.7	55697
579.8	56059
579.9	55382
580	53908
580.1	51941
580.2	49858
580.3	47985
580.4	46548
580.5	45378
580.6	44659
580.7	44245
580.8	44103
580.9	44009
581	43909
581.1	43463
581.2	42592
581.3	41627
581.4	40410
581.5	39135
581.6	37950
581.7	36963
581.8	36145
581.9	35500
582	35059
582.1	34613
582.2	34104
582.3	33559
582.4	32892
582.5	32100
582.6	31292
582.7	30395
582.8	29587
582.9	28874
583	28281
583.1	27699
583.2	27258
583.3	26996
583.4	26797
583.5	26728
583.6	26791
583.7	26896
583.8	27132
583.9	27431
584	27825
584.1	28271
584.2	28811
584.3	29435
584.4	30128
584.5	30868
584.6	31649
584.7	32452
584.8	33228
584.9	33910
585	34482
585.1	34891
585.2	35080
585.3	35054
585.4	34854
585.5	34587
585.6	34256
585.7	33931
585.8	33648
585.9	33422
586	33312
586.1	33270
586.2	33254
586.3	33328
586.4	33585
586.5	33942
586.6	34472
586.7	35195
586.8	36077
586.9	37163
587	38270
587.1	39497
587.2	40845
587.3	42083
587.4	43311
587.5	44407
587.6	45520
587.7	46448
587.8	47324
587.9	47975
588	48342
588.1	48573
588.2	48578
588.3	48505
588.4	48400
588.5	48373
588.6	48305
588.7	48373
588.8	48499
588.9	48714
589	48972
589.1	49239
589.2	49664
589.3	50120
589.4	50572
589.5	51128
589.6	51757
589.7	52439
589.8	53242
589.9	54417
590	55681
590.1	57134
590.2	58923
590.3	60591
590.4	61950
590.5	62564
590.6	62129
590.7	60869
590.8	58944
590.9	56709
591	54517
591.1	52481
591.2	50797
591.3	49339
591.4	48137
591.5	47151
591.6	46233
591.7	45478
591.8	44801
591.9	44108
592	43437
592.1	42823
592.2	42225
592.3	41669
592.4	41102
592.5	40688
592.6	40221
592.7	39796
592.8	39523
592.9	39266
593	39093
593.1	39020
593.2	38967
593.3	39104
593.4	39350
593.5	39723
593.6	40179
593.7	40588
593.8	41092
593.9	41659
594	42036
594.1	42246
594.2	42167
594.3	41790
594.4	40961
594.5	39712
594.6	38044
594.7	36129
594.8	34146
594.9	32190
595	30380
595.1	28795
595.2	27395
595.3	26267
595.4	25343
595.5	24541
595.6	23859
595.7	23256
595.8	22773
595.9	22301
596	21829
596.1	21409
596.2	20953
596.3	20512
596.4	20124
596.5	19652
596.6	19242
596.7	18896
596.8	18524
596.9	18130
597	17810
597.1	17516
597.2	17307
597.3	17181
597.4	17050
597.5	16997
597.6	17002
597.7	17070
597.8	17223
597.9	17364
598	17501
598.1	17632
598.2	17705
598.3	17674
598.4	17553
598.5	17259
598.6	16840
598.7	16257
598.8	15612
598.9	14909
599	14180
599.1	13556
599.2	12942
599.3	12433
599.4	12003
599.5	11583
599.6	11247
599.7	10990
599.8	10754
599.9	10550
600	10277
600.1	10062
600.2	9883
600.3	9689
600.4	9490
600.5	9306
600.6	9123
600.7	8950
600.8	8766
600.9	8561
601	8367
601.1	8184
601.2	7984
601.3	7806
601.4	7649
601.5	7470
601.6	7292
601.7	7108
601.8	6993
601.9	6830
602	6704
602.1	6626
602.2	6521
602.3	6421
602.4	6384
602.5	6311
602.6	6274
602.7	6253
602.8	6180
602.9	6112
603	6096
603.1	6075
603.2	6091
603.3	6059
603.4	6075
603.5	6085
603.6	6143
603.7	6196
603.8	6253
603.9	6316
604	6400
604.1	6500
604.2	6647
604.3	6773
604.4	6877
604.5	7024
604.6	7103
604.7	7187
604.8	7250
604.9	7260
605	7245
605.1	7208
605.2	7114
605.3	6977
605.4	6809
605.5	6647
605.6	6442
605.7	6190
605.8	5928
605.9	5687
606	5440
606.1	5188
606.2	4978
606.3	4769
606.4	4554
606.5	4365
606.6	4213
606.7	4060
606.8	3966
606.9	3866
607	3824
607.1	3798
607.2	3756
607.3	3782
607.4	3872
607.5	3945
607.6	4055
607.7	4150
607.8	4239
607.9	4312
608	4386
608.1	4454
608.2	4464
608.3	4433
608.4	4307
608.5	4186
608.6	3961
608.7	3725
608.8	3468
608.9	3195
609	2953
609.1	2717
609.2	2450
609.3	2245
609.4	2046
609.5	1862
609.6	1700
609.7	1537
609.8	1422
609.9	1311
610	1207
610.1	1149
610.2	1065
610.3	1007
610.4	949
610.5	866
610.6	829
610.7	766
610.8	719
610.9	692
611	682
611.1	671
611.2	603
611.3	561
611.4	540
611.5	525
611.6	493
611.7	477
611.8	435
611.9	425
612	414
612.1	404
612.2	393
612.3	388
612.4	383
612.5	346
612.6	304
612.7	299
612.8	283
612.9	283
613	268
613.1	236
613.2	220
613.3	210
613.4	210
613.5	199
613.6	178
613.7	152
613.8	147
613.9	147
614	142
614.1	142
614.2	126
614.3	110
614.4	105
614.5	89
614.6	89
614.7	68
614.8	47
614.9	73
615	68
615.1	68
615.2	42
615.3	47
615.4	26
615.5	58
615.6	63
615.7	21
615.8	21
615.9	31
616	10
616.1	10
616.2	10
616.3	10
616.4	10
616.5	10
616.6	10
616.7	10
616.8	10
616.9	10
617	10
617.1	10
617.2	10
617.3	10
617.4	10
617.5	10
617.6	10
617.7	10
617.8	10
617.9	10
618	10
618.1	10
618.2	10
618.3	10
618.4	10
618.5	10
618.6	10
618.7	10
618.8	10
618.9	10
619	10
619.1	10
619.2	10
619.3	10
619.4	10
619.5	10
619.6	10
619.7	10
619.8	10
619.9	10
620	10
620.1	10
620.2	10
620.3	10
620.4	10
620.5	10
620.6	10
620.7	10
620.8	10
620.9	10
621	10
621.1	10
621.2	10
621.3	10
621.4	10
621.5	10
621.6	10
621.7	10
621.8	10
621.9	10
622	10
622.1	10
622.2	10
622.3	10
622.4	10
622.5	10
622.6	10
622.7	10
622.8	10
622.9	10
623	10
623.1	10
623.2	10
623.3	10
623.4	10
623.5	10
623.6	10
623.7	10
623.8	10
623.9	10
624	26
624.1	89
624.2	115
624.3	152
624.4	178
624.5	184
624.6	178
624.7	173
624.8	184
624.9	163
625	136
625.1	157
625.2	168
625.3	220
625.4	231
625.5	262
625.6	247
625.7	173
625.8	189
625.9	184
626	184
626.1	152
626.2	142
626.3	173
626.4	184
626.5	199
626.6	226
626.7	262
626.8	315
626.9	372
627	378
627.1	383
627.2	404
627.3	399
627.4	425
627.5	462
627.6	488
627.7	498
627.8	540
627.9	572
628	671
628.1	766
628.2	813
628.3	881
628.4	944
628.5	1002
628.6	1012
628.7	997
628.8	960
628.9	929
629	918
629.1	939
629.2	981
629.3	1007
629.4	1044
629.5	1102
629.6	1149
629.7	1180
629.8	1217
629.9	1238
630	1264
630.1	1301
630.2	1301
630.3	1348
630.4	1348
630.5	1359
630.6	1359
630.7	1322
630.8	1243
630.9	1144
631	1039
631.1	929
631.2	871
631.3	792
631.4	734
631.5	698
631.6	624
631.7	577
631.8	540
631.9	493
632	467
632.1	451
632.2	441
632.3	446
632.4	456
632.5	430
632.6	472
632.7	425
632.8	430
632.9	477
633	488
633.1	467
633.2	462
633.3	509
633.4	509
633.5	509
633.6	530
633.7	561
633.8	567
633.9	577
634	603
634.1	640
634.2	729
634.3	740
634.4	766
634.5	761
634.6	803
634.7	850
634.8	866
634.9	866
635	855
635.1	839
635.2	782
635.3	766
635.4	713
635.5	650
635.6	609
635.7	551
635.8	556
635.9	530
636	519
636.1	509
636.2	446
636.3	435
636.4	404
636.5	362
636.6	357
636.7	346
636.8	330
636.9	325
637	304
637.1	283
637.2	268
637.3	299
637.4	283
637.5	252
637.6	252
637.7	257
637.8	262
637.9	241
638	257
638.1	210
638.2	220
638.3	215
638.4	231
638.5	226
638.6	226
638.7	215
638.8	241
638.9	220
639	215
639.1	231
639.2	236
639.3	252
639.4	278
639.5	268
639.6	288
639.7	273
639.8	268
639.9	226
640	205
640.1	189
640.2	194
640.3	168
640.4	157
640.5	126
640.6	131
640.7	89
640.8	73
640.9	79
641	84
641.1	68
641.2	37
641.3	26
641.4	26
641.5	5
641.6	10
641.7	10
641.8	10
641.9	10
642	10
642.1	10
642.2	10
642.3	10
642.4	10
642.5	10
642.6	10
642.7	10
642.8	10
642.9	10
643	10
643.1	10
643.2	10
643.3	10
643.4	10
643.5	10
643.6	10
643.7	10
643.8	10
643.9	10
644	10
644.1	10
644.2	10
644.3	10
644.4	10
644.5	10
644.6	10
644.7	10
644.8	10
644.9	10
645	10
645.1	10
645.2	10
645.3	10
645.4	10
645.5	10
645.6	10
645.7	10
645.8	10
645.9	10
646	10
646.1	10
646.2	10
646.3	10
646.4	10
646.5	10
646.6	10
646.7	10
646.8	10
646.9	10
647	10
647.1	5
647.2	10
647.3	10
647.4	10
647.5	10
647.6	10
647.7	10
647.8	10
647.9	10
648	10
648.1	10
648.2	10
648.3	10
648.4	10
648.5	10
648.6	10
648.7	10
648.8	10
648.9	10
649	10
649.1	10
649.2	10
649.3	10
649.4	10
649.5	10
649.6	10
649.7	10
649.8	10
649.9	10
650	10
650.1	10
650.2	10
650.3	10
650.4	10
650.5	10
650.6	10
650.7	10
650.8	10
650.9	10
651	10
651.1	10
651.2	10
651.3	10
651.4	10
651.5	10
651.6	10
651.7	10
651.8	10
651.9	10
652	10
652.1	10
652.2	10
652.3	10
652.4	10
652.5	10
652.6	10
652.7	10
652.8	10
652.9	10
653	10
653.1	10
653.2	10
653.3	10
653.4	10
653.5	10
653.6	10
653.7	10
653.8	10
653.9	10
654	10
654.1	10
654.2	10
654.3	10
654.4	10
654.5	10
654.6	10
654.7	10
654.8	10
654.9	10
655	10
655.1	10
655.2	10
655.3	10
655.4	10
655.5	10
655.6	10
655.7	10
655.8	10
655.9	10
656	10
656.1	10
656.2	10
656.3	10
656.4	10
656.5	10
656.6	10
656.7	10
656.8	10
656.9	10
657	10
657.1	10
657.2	10
657.3	10
657.4	10
657.5	10
657.6	10
657.7	10
657.8	10
657.9	10
658	10
658.1	10
658.2	10
658.3	10
658.4	10
658.5	10
658.6	10
658.7	10
658.8	10
658.9	10
659	10
659.1	10
659.2	10
659.3	10
659.4	10
659.5	10
659.6	10
659.7	10
659.8	10
659.9	10
660	10
660.1	10
660.2	10
660.3	10
660.4	10
660.5	10
660.6	10
660.7	10
660.8	10
660.9	10
661	10
661.1	10
661.2	10
661.3	10
661.4	10
661.5	10
661.6	10
661.7	10
661.8	10
661.9	10
662	10
662.1	10
662.2	10
662.3	10
662.4	10
662.5	10
662.6	10
662.7	10
662.8	10
662.9	10
663	10
663.1	10
663.2	10
663.3	10
663.4	10
663.5	10
663.6	10
663.7	10
663.8	10
663.9	10
664	10
664.1	10
664.2	10
664.3	10
664.4	10
664.5	10
664.6	10
664.7	10
664.8	10
664.9	10
665	10
665.1	10
665.2	10
665.3	10
665.4	10
665.5	10
665.6	10
665.7	10
665.8	10
665.9	10
666	16
666.1	10
666.2	10
666.3	26
666.4	10
666.5	10
666.6	10
666.7	10
666.8	10
666.9	21
667	10
667.1	42
667.2	63
667.3	47
667.4	31
667.5	16
667.6	52
667.7	37
667.8	42
667.9	37
668	73
668.1	110
668.2	115
668.3	142
668.4	126
668.5	115
668.6	84
668.7	115
668.8	131
668.9	142
669	126
669.1	110
669.2	121
669.3	131
669.4	147
669.5	189
669.6	178
669.7	189
669.8	210
669.9	241
670	257
670.1	226
670.2	252
670.3	231
670.4	278
670.5	299
670.6	278
670.7	278
670.8	278
670.9	294
671	288
671.1	309
671.2	351
671.3	367
671.4	409
671.5	456
671.6	504
671.7	509
671.8	556
671.9	629
672	671
672.1	682
672.2	729
672.3	829
672.4	824
672.5	845
672.6	839
672.7	818
672.8	813
672.9	792
673	771
673.1	745
673.2	708
673.3	708
673.4	734
673.5	713
673.6	677
673.7	724
673.8	750
673.9	782
674	787
674.1	808
674.2	866
674.3	881
674.4	929
674.5	1007
674.6	1044
674.7	1096
674.8	1149
674.9	1254
675	1343
675.1	1416
675.2	1479
675.3	1574
675.4	1668
675.5	1752
675.6	1852
675.7	1951
675.8	2051
675.9	2161
676	2261
676.1	2303
676.2	2403
676.3	2460
676.4	2466
676.5	2476
676.6	2487
676.7	2487
676.8	2471
676.9	2476
677	2476
677.1	2455
677.2	2450
677.3	2476
677.4	2492
677.5	2492
677.6	2487
677.7	2439
677.8	2424
677.9	2345
678	2303
678.1	2219
678.2	2151
678.3	2072
678.4	1999
678.5	1967
678.6	1894
678.7	1836
678.8	1794
678.9	1731
679	1721
679.1	1689
679.2	1694
679.3	1700
679.4	1694
679.5	1700
679.6	1694
679.7	1694
679.8	1726
679.9	1763
680	1778
680.1	1799
680.2	1831
680.3	1873
680.4	1889
680.5	1930
680.6	1962
680.7	2009
680.8	2077
680.9	2119
681	2146
681.1	2235
681.2	2277
681.3	2345
681.4	2450
681.5	2523
681.6	2628
681.7	2738
681.8	2885
681.9	3016
682	3190
682.1	3363
682.2	3541
682.3	3756
682.4	3940
682.5	4050
682.6	4171
682.7	4207
682.8	4213
682.9	4192
683	4118
683.1	4060
683.2	3966
683.3	3866
683.4	3788
683.5	3704
683.6	3656
683.7	3630
683.8	3567
683.9	3536
684	3489
684.1	3531
684.2	3531
684.3	3536
684.4	3520
684.5	3552
684.6	3572
684.7	3620
684.8	3662
684.9	3746
685	3788
685.1	3877
685.2	3950
685.3	4050
685.4	4186
685.5	4239
685.6	4344
685.7	4433
685.8	4548
685.9	4674
686	4832
686.1	4999
686.2	5215
686.3	5508
686.4	5834
686.5	6216
686.6	6668
686.7	7061
686.8	7518
686.9	7832
687	7958
687.1	7869
687.2	7601
687.3	7156
687.4	6647
687.5	6117
687.6	5660
687.7	5251
687.8	4889
687.9	4559
688	4307
688.1	4123
688.2	3950
688.3	3819
688.4	3698
688.5	3593
688.6	3536
688.7	3462
688.8	3405
688.9	3363
689	3336
689.1	3310
689.2	3279
689.3	3279
689.4	3273
689.5	3252
689.6	3258
689.7	3263
689.8	3279
689.9	3289
690	3321
690.1	3336
690.2	3389
690.3	3415
690.4	3447
690.5	3468
690.6	3525
690.7	3604
690.8	3641
690.9	3704
691	3672
691.1	3709
691.2	3740
691.3	3746
691.4	3777
691.5	3819
691.6	3908
691.7	3934
691.8	3997
691.9	4034
692	4134
692.1	4223
692.2	4302
692.3	4344
692.4	4359
692.5	4365
692.6	4354
692.7	4307
692.8	4249
692.9	4176
693	4092
693.1	3997
693.2	3872
693.3	3793
693.4	3662
693.5	3525
693.6	3420
693.7	3321
693.8	3200
693.9	3121
694	3001
694.1	2875
694.2	2801
694.3	2728
694.4	2639
694.5	2597
694.6	2513
694.7	2455
694.8	2450
694.9	2429
695	2413
695.1	2387
695.2	2334
695.3	2324
695.4	2298
695.5	2319
695.6	2277
695.7	2240
695.8	2261
695.9	2224
696	2203
696.1	2198
696.2	2198
696.3	2188
696.4	2219
696.5	2209
696.6	2198
696.7	2188
696.8	2172
696.9	2156
697	2161
697.1	2146
697.2	2156
697.3	2172
697.4	2161
697.5	2188
697.6	2135
697.7	2146
697.8	2135
697.9	2072
698	2030
698.1	1962
698.2	1946
698.3	1889
698.4	1841
698.5	1778
698.6	1700
698.7	1647
698.8	1605
698.9	1563
699	1527
699.1	1469
699.2	1416
699.3	1401
699.4	1369
699.5	1317
699.6	1280
699.7	1269
699.8	1238
699.9	1217
700	1149
700.1	1128
700.2	1091
700.3	1033
700.4	986
700.5	949
700.6	939
700.7	908
700.8	860
700.9	818
701	797
701.1	776
701.2	729
701.3	724
701.4	692
701.5	682
701.6	656
701.7	650
701.8	640
701.9	645
702	629
702.1	629
702.2	598
702.3	603
702.4	561
702.5	561
702.6	561
702.7	582
702.8	540
702.9	546
703	556
703.1	561
703.2	530
703.3	498
703.4	551
703.5	546
703.6	551
703.7	572
703.8	525
703.9	509
704	514
704.1	467
704.2	441
704.3	462
704.4	414
704.5	435
704.6	446
704.7	409
704.8	393
704.9	378
705	388
705.1	351
705.2	372
705.3	330
705.4	351
705.5	341
705.6	325
705.7	304
705.8	325
705.9	325
706	325
706.1	294
706.2	309
706.3	288
706.4	273
706.5	304
706.6	268
706.7	278
706.8	283
706.9	273
707	257
707.1	257
707.2	226
707.3	220
707.4	236
707.5	215
707.6	231
707.7	231
707.8	220
707.9	184
708	194
708.1	199
708.2	184
708.3	163
708.4	173
708.5	189
708.6	184
708.7	189
708.8	189
708.9	173
709	194
709.1	215
709.2	210
709.3	168
709.4	184
709.5	184
709.6	189
709.7	215
709.8	220
709.9	199
710	220
710.1	199
710.2	199
710.3	199
710.4	220
710.5	205
710.6	184
710.7	226
710.8	220
710.9	231
711	215
711.1	220
711.2	226
711.3	231
711.4	226
711.5	210
711.6	236
711.7	231
711.8	226
711.9	205
712	205
712.1	210
712.2	210
712.3	205
712.4	194
712.5	205
712.6	178
712.7	173
712.8	189
712.9	226
713	236
713.1	236
713.2	215
713.3	184
713.4	199
713.5	236
713.6	210
713.7	199
713.8	173
713.9	184
714	199
714.1	226
714.2	215
714.3	226
714.4	199
714.5	220
714.6	220
714.7	231
714.8	226
714.9	231
715	236
715.1	220
715.2	247
715.3	247
715.4	226
715.5	236
715.6	241
715.7	236
715.8	273
715.9	257
716	252
716.1	252
716.2	247
716.3	236
716.4	268
716.5	252
716.6	247
716.7	268
716.8	283
716.9	278
717	268
717.1	294
717.2	320
717.3	309
717.4	294
717.5	304
717.6	309
717.7	299
717.8	351
717.9	336
718	357
718.1	351
718.2	362
718.3	357
718.4	351
718.5	341
718.6	362
718.7	378
718.8	341
718.9	357
719	404
719.1	393
719.2	383
719.3	399
719.4	451
719.5	441
719.6	446
719.7	467
719.8	456
719.9	446
720	451
720.1	446
720.2	493
720.3	488
720.4	488
720.5	493
720.6	519
720.7	540
720.8	530
720.9	546
721	582
721.1	551
721.2	567
721.3	551
721.4	535
721.5	535
721.6	530
721.7	567
721.8	577
721.9	577
722	588
722.1	598
722.2	619
722.3	603
722.4	603
722.5	603
722.6	650
722.7	656
722.8	666
722.9	656
723	661
723.1	682
723.2	692
723.3	708
723.4	729
723.5	740
723.6	740
723.7	724
723.8	734
723.9	771
724	766
724.1	787
724.2	839
724.3	855
724.4	860
724.5	855
724.6	855
724.7	866
724.8	892
724.9	929
725	960
725.1	976
725.2	981
725.3	986
725.4	991
725.5	1018
725.6	1049
725.7	1054
725.8	1044
725.9	1065
726	1075
726.1	1070
726.2	1081
726.3	1112
726.4	1112
726.5	1107
726.6	1133
726.7	1117
726.8	1175
726.9	1212
727	1212
727.1	1228
727.2	1228
727.3	1243
727.4	1269
727.5	1254
727.6	1269
727.7	1306
727.8	1332
727.9	1353
728	1369
728.1	1401
728.2	1395
728.3	1437
728.4	1453
728.5	1453
728.6	1469
728.7	1479
728.8	1500
728.9	1532
729	1537
729.1	1600
729.2	1584
729.3	1610
729.4	1652
729.5	1652
729.6	1684
729.7	1736
729.8	1747
729.9	1778
730	1805
730.1	1841
730.2	1889
730.3	1930
730.4	1930
730.5	1967
730.6	1999
730.7	2046
730.8	2109
730.9	2161
731	2198
731.1	2277
731.2	2329
731.3	2371
731.4	2397
731.5	2460
731.6	2497
731.7	2550
731.8	2623
731.9	2660
732	2696
732.1	2770
732.2	2817
732.3	2901
732.4	2938
732.5	3027
732.6	3095
732.7	3163
732.8	3232
732.9	3294
733	3363
733.1	3415
733.2	3531
733.3	3614
733.4	3709
733.5	3788
733.6	3893
733.7	4003
733.8	4123
733.9	4265
734	4386
734.1	4559
734.2	4727
734.3	4894
734.4	5062
734.5	5241
734.6	5461
734.7	5671
734.8	5896
734.9	6138
735	6395
735.1	6626
735.2	6851
735.3	7098
735.4	7308
735.5	7491
735.6	7638
735.7	7775
735.8	7885
735.9	7932
736	7995
736.1	8005
736.2	8037
736.3	8047
736.4	8095
736.5	8178
736.6	8241
736.7	8331
736.8	8478
736.9	8656
737	8860
737.1	9065
737.2	9322
737.3	9611
737.4	9983
737.5	10361
737.6	10796
737.7	11316
737.8	11924
737.9	12659
738	13519
738.1	14600
738.2	15943
738.3	17532
738.4	19620
738.5	22264
738.6	25684
738.7	30065
738.8	35715
738.9	42781
739	50949
739.1	59579
739.2	66362
739.3	68429
739.4	65208
739.5	58949
739.6	51925
739.7	45766
739.8	41071
739.9	37902
740	36129
740.1	35421
740.2	35521
740.3	35815
740.4	35720
740.5	34944
740.6	33407
740.7	31591
740.8	29887
740.9	28454
741	27248
741.1	26314
741.2	25538
741.3	24903
741.4	24331
741.5	23848
741.6	23408
741.7	22998
741.8	22668
741.9	22358
742	22107
742.1	21934
742.2	21781
742.3	21682
742.4	21603
742.5	21535
742.6	21498
742.7	21493
742.8	21556
742.9	21551
743	21687
743.1	21881
743.2	22185
743.3	22479
743.4	22810
743.5	23235
743.6	23633
743.7	24079
743.8	24593
743.9	25144
744	25653
744.1	26193
744.2	26791
744.3	27473
744.4	28150
744.5	28979
744.6	29818
744.7	30726
744.8	31702
744.9	32761
745	33910
745.1	35064
745.2	36287
745.3	37462
745.4	38632
745.5	39686
745.6	40741
745.7	41737
745.8	42703
745.9	43788
746	44927
746.1	46181
746.2	47555
746.3	49103
746.4	50566
746.5	52135
746.6	53557
746.7	54842
746.8	55964
746.9	56903
747	57837
747.1	58776
747.2	59652
747.3	60570
747.4	61415
747.5	62375
747.6	63267
747.7	64064
747.8	64589
747.9	64898
748	64919
748.1	64458
748.2	63660
748.3	62433
748.4	60854
748.5	59054
748.6	57040
748.7	55025
748.8	52974
748.9	51017
749	49166
749.1	47335
749.2	45598
749.3	44114
749.4	42661
749.5	41438
749.6	40295
749.7	39282
749.8	38438
749.9	37740
750	37074
750.1	36575
750.2	36203
750.3	35930
750.4	35757
750.5	35647
750.6	35725
750.7	35825
750.8	36045
750.9	36428
751	36895
751.1	37498
751.2	38201
751.3	38978
751.4	39817
751.5	40678
751.6	41701
751.7	42582
751.8	43411
751.9	44093
752	44775
752.1	45404
752.2	45976
752.3	46726
752.4	47702
752.5	48898
752.6	50183
752.7	51783
752.8	53682
752.9	55922
753	58294
753.1	60880
753.2	63818
753.3	66986
753.4	70370
753.5	73979
753.6	77992
753.7	82446
753.8	86748
753.9	91270
754	95640
754.1	99234
754.2	101552
754.3	102722
754.4	101977
754.5	99548
754.6	95750
754.7	90898
754.8	85762
754.9	80500
755	75348
755.1	70475
755.2	66105
755.3	62087
755.4	58556
755.5	55282
755.6	52381
755.7	49879
755.8	47581
755.9	45625
756	43920
756.1	42424
756.2	41171
756.3	40074
756.4	39130
756.5	38291
756.6	37630
756.7	37058
756.8	36559
756.9	36135
757	35725
757.1	35353
757.2	35049
757.3	34750
757.4	34508
757.5	34172
757.6	33884
757.7	33585
757.8	33380
757.9	33118
758	32819
758.1	32567
758.2	32357
758.3	32169
758.4	32137
758.5	32106
758.6	32095
758.7	32132
758.8	32210
758.9	32347
759	32515
759.1	32803
759.2	33097
759.3	33449
759.4	33905
759.5	34314
759.6	34744
759.7	35206
759.8	35699
759.9	36197
760	36680
760.1	37032
760.2	37430
760.3	37656
760.4	37818
760.5	37923
760.6	37855
760.7	37640
760.8	37362
760.9	36948
761	36381
761.1	35673
761.2	34813
761.3	33905
761.4	32966
761.5	32022
761.6	31056
761.7	30091
761.8	29184
761.9	28276
762	27447
762.1	26702
762.2	25983
762.3	25281
762.4	24661
762.5	24121
762.6	23597
762.7	23082
762.8	22574
762.9	22164
763	21760
763.1	21346
763.2	20937
763.3	20549
763.4	20176
763.5	19809
763.6	19442
763.7	19069
763.8	18733
763.9	18361
764	18025
764.1	17690
764.2	17301
764.3	16950
764.4	16614
764.5	16331
764.6	16006
764.7	15743
764.8	15539
764.9	15292
765	15035
765.1	14841
765.2	14668
765.3	14505
765.4	14390
765.5	14295
765.6	14238
765.7	14180
765.8	14154
765.9	14169
766	14206
766.1	14238
766.2	14301
766.3	14416
766.4	14563
766.5	14726
766.6	14830
766.7	15051
766.8	15240
766.9	15423
767	15607
767.1	15780
767.2	15953
767.3	16105
767.4	16231
767.5	16268
767.6	16236
767.7	16221
767.8	16205
767.9	16179
768	16069
768.1	15969
768.2	15838
768.3	15712
768.4	15591
768.5	15428
768.6	15250
768.7	14993
768.8	14694
768.9	14395
769	14038
769.1	13650
769.2	13194
769.3	12790
769.4	12291
769.5	11788
769.6	11284
769.7	10864
769.8	10461
769.9	10015
770	9611
770.1	9217
770.2	8881
770.3	8525
770.4	8210
770.5	7953
770.6	7706
770.7	7470
770.8	7192
770.9	6998
771	6794
771.1	6605
771.2	6432
771.3	6258
771.4	6117
771.5	5980
771.6	5834
771.7	5744
771.8	5597
771.9	5487
772	5382
772.1	5293
772.2	5215
772.3	5131
772.4	5052
772.5	4973
772.6	4936
772.7	4863
772.8	4816
772.9	4774
773	4732
773.1	4695
773.2	4658
773.3	4648
773.4	4637
773.5	4580
773.6	4569
773.7	4538
773.8	4522
773.9	4506
774	4527
774.1	4496
774.2	4459
774.3	4449
774.4	4454
774.5	4470
774.6	4449
774.7	4428
774.8	4449
774.9	4417
775	4386
775.1	4391
775.2	4359
775.3	4354
775.4	4338
775.5	4333
775.6	4302
775.7	4275
775.8	4270
775.9	4239
776	4207
776.1	4186
776.2	4181
776.3	4165
776.4	4092
776.5	4060
776.6	4039
776.7	3992
776.8	3950
776.9	3924
777	3877
777.1	3830
777.2	3782
777.3	3698
777.4	3641
777.5	3552
777.6	3515
777.7	3447
777.8	3426
777.9	3373
778	3284
778.1	3211
778.2	3132
778.3	3074
778.4	3043
778.5	3032
778.6	2969
778.7	2912
778.8	2906
778.9	2912
779	2870
779.1	2838
779.2	2801
779.3	2780
779.4	2754
779.5	2717
779.6	2738
779.7	2775
779.8	2723
779.9	2686
780	2702
780.1	2686
780.2	2723
780.3	2733
780.4	2723
780.5	2733
780.6	2749
780.7	2765
780.8	2817
780.9	2833
781	2859
781.1	2917
781.2	2969
781.3	3043
781.4	3132
781.5	3226
781.6	3279
781.7	3399
781.8	3520
781.9	3683
782	3798
782.1	3982
782.2	4202
782.3	4349
782.4	4538
782.5	4758
782.6	4936
782.7	5094
782.8	5256
782.9	5356
783	5409
783.1	5445
783.2	5451
783.3	5393
783.4	5346
783.5	5298
783.6	5204
783.7	5073
783.8	4936
783.9	4816
784	4742
784.1	4648
784.2	4527
784.3	4491
784.4	4433
784.5	4401
784.6	4344
784.7	4275
784.8	4239
784.9	4207
785	4213
785.1	4207
785.2	4207
785.3	4192
785.4	4207
785.5	4244
785.6	4275
785.7	4260
785.8	4296
785.9	4333
786	4359
786.1	4412
786.2	4454
786.3	4485
786.4	4506
786.5	4554
786.6	4590
786.7	4632
786.8	4685
786.9	4721
787	4795
787.1	4826
787.2	4905
787.3	4952
787.4	4994
787.5	5104
787.6	5188
787.7	5230
787.8	5314
787.9	5409
788	5503
788.1	5587
788.2	5671
788.3	5744
788.4	5818
788.5	5896
788.6	5991
788.7	6096
788.8	6185
788.9	6264
789	6363
789.1	6474
789.2	6568
789.3	6657
789.4	6752
789.5	6836
789.6	6951
789.7	7066
789.8	7161
789.9	7255
790	7355
790.1	7502
790.2	7565
790.3	7712
790.4	7817
790.5	7990
790.6	8158
790.7	8341
790.8	8572
790.9	8798
791	9055
791.1	9348
791.2	9689
791.3	10030
791.4	10413
791.5	10854
791.6	11326
791.7	11777
791.8	12223
791.9	12695
792	13167
792.1	13592
792.2	13949
792.3	14259
792.4	14500
792.5	14615
792.6	14636
792.7	14547
792.8	14442
792.9	14274
793	14038
793.1	13734
793.2	13503
793.3	13283
793.4	13099
793.5	12921
793.6	12805
793.7	12743
793.8	12674
793.9	12669
794	12685
794.1	12758
794.2	12826
794.3	12973
794.4	13162
794.5	13367
794.6	13603
794.7	13839
794.8	14180
794.9	14521
795	14893
795.1	15329
795.2	15780
795.3	16221
795.4	16672
795.5	17107
795.6	17469
795.7	17800
795.8	18067
795.9	18230
796	18267
796.1	18240
796.2	18135
796.3	18015
796.4	17826
796.5	17679
796.6	17532
796.7	17401
796.8	17322
796.9	17249
797	17270
797.1	17359
797.2	17469
797.3	17600
797.4	17826
797.5	18078
797.6	18361
797.7	18660
797.8	19012
797.9	19363
798	19725
798.1	20050
798.2	20281
798.3	20480
798.4	20612
798.5	20695
798.6	20722
798.7	20769
798.8	20811
798.9	20884
799	21026
799.1	21262
799.2	21551
799.3	21913
799.4	22379
799.5	22915
799.6	23555
799.7	24216
799.8	24945
799.9	25810
800	26686
800.1	27662
800.2	28669
800.3	29750
800.4	30831
800.5	31864
800.6	32814
800.7	33643
800.8	34356
800.9	34933
801	35337
801.1	35615
801.2	35736
801.3	35788
801.4	35799
801.5	35783
801.6	35762
801.7	35909
801.8	36066
801.9	36308
802	36691
802.1	37236
802.2	37839
802.3	38590
802.4	39555
802.5	40730
802.6	42078
802.7	43652
802.8	45378
802.9	47288
803	49454
803.1	51836
803.2	54280
803.3	56704
803.4	59039
803.5	61037
803.6	62732
803.7	64059
803.8	64641
803.9	64657
804	64316
804.1	63608
804.2	62795
804.3	61882
804.4	60948
804.5	60203
804.6	59610
804.7	59123
804.8	58829
804.9	58509
805	58225
805.1	57979
805.2	57648
805.3	57187
805.4	56641
805.5	55922
805.6	55162
805.7	54218
805.8	53174
805.9	52172
806	51075
806.1	50031
806.2	49061
806.3	48153
806.4	47461
806.5	46915
806.6	46406
806.7	45992
806.8	45698
806.9	45535
807	45457
807.1	45472
807.2	45556
807.3	45667
807.4	45887
807.5	46175
807.6	46543
807.7	47072
807.8	47602
807.9	48331
808	49134
808.1	50005
808.2	51065
808.3	52355
808.4	53709
808.5	55225
808.6	57113
808.7	59285
808.8	61667
808.9	64536
809	67841
809.1	71650
809.2	75920
809.3	80862
809.4	86376
809.5	92624
809.6	99380
809.7	106998
809.8	114914
809.9	123680
810	132320
810.1	140452
810.2	147754
810.3	152308
810.4	155896
810.5	158493
810.6	157632
810.7	154768
810.8	150650
810.9	144874
811	138878
811.1	131318
811.2	123633
811.3	116010
811.4	108619
811.5	101369
811.6	94250
811.7	87970
811.8	82536
811.9	77080
812	72285
812.1	67978
812.2	64075
812.3	60723
812.4	57727
812.5	54889
812.6	52355
812.7	50189
812.8	48295
812.9	46805
813	45404
813.1	44198
813.2	43112
813.3	42183
813.4	41354
813.5	40625
813.6	40053
813.7	39534
813.8	39020
813.9	38621
814	38175
814.1	37829
814.2	37457
814.3	37121
814.4	36816
814.5	36580
814.6	36276
814.7	35967
814.8	35683
814.9	35363
815	35133
815.1	34917
815.2	34666
815.3	34456
815.4	34178
815.5	33884
815.6	33643
815.7	33275
815.8	32924
815.9	32614
816	32263
816.1	31885
816.2	31549
816.3	31198
816.4	30841
816.5	30537
816.6	30191
816.7	29881
816.8	29666
816.9	29446
817	29199
817.1	29031
817.2	28874
817.3	28706
817.4	28591
817.5	28386
817.6	28250
817.7	28035
817.8	27898
817.9	27646
818	27374
818.1	27090
818.2	26823
818.3	26424
818.4	26025
818.5	25590
818.6	25102
818.7	24625
818.8	24084
818.9	23523
819	22967
819.1	22411
819.2	21818
819.3	21294
819.4	20795
819.5	20281
819.6	19819
819.7	19405
819.8	18964
819.9	18571
820	18225
820.1	17910
820.2	17585
820.3	17244
820.4	16976
820.5	16719
820.6	16467
820.7	16215
820.8	15985
820.9	15749
821	15549
821.1	15345
821.2	15098
821.3	14862
821.4	14652
821.5	14421
821.6	14222
821.7	14002
821.8	13786
821.9	13624
822	13440
822.1	13251
822.2	13052
822.3	12905
822.4	12727
822.5	12590
822.6	12417
822.7	12276
822.8	12124
822.9	12029
823	11919
823.1	11809
823.2	11762
823.3	11662
823.4	11609
823.5	11557
823.6	11510
823.7	11473
823.8	11463
823.9	11468
824	11489
824.1	11457
824.2	11499
824.3	11536
824.4	11588
824.5	11630
824.6	11646
824.7	11678
824.8	11751
824.9	11824
825	11861
825.1	11935
825.2	11945
825.3	11950
825.4	11940
825.5	11914
825.6	11882
825.7	11845
825.8	11746
825.9	11662
826	11567
826.1	11426
826.2	11326
826.3	11179
826.4	11064
826.5	10912
826.6	10733
826.7	10592
826.8	10445
826.9	10293
827	10167
827.1	10051
827.2	9894
827.3	9742
827.4	9626
827.5	9459
827.6	9333
827.7	9207
827.8	9102
827.9	8997
828	8887
828.1	8745
828.2	8619
828.3	8488
828.4	8362
828.5	8262
828.6	8178
828.7	8058
828.8	7984
828.9	7864
829	7738
829.1	7659
829.2	7544
829.3	7481
829.4	7397
829.5	7329
829.6	7281
829.7	7192
829.8	7145
829.9	7077
830	7045
830.1	6972
830.2	6961
830.3	6956
830.4	6888
830.5	6846
830.6	6825
830.7	6804
830.8	6778
830.9	6731
831	6694
831.1	6641
831.2	6589
831.3	6568
831.4	6552
831.5	6516
831.6	6453
831.7	6400
831.8	6384
831.9	6337
832	6274
832.1	6237
832.2	6216
832.3	6201
832.4	6159
832.5	6143
832.6	6185
832.7	6222
832.8	6206
832.9	6201
833	6222
833.1	6264
833.2	6269
833.3	6316
833.4	6369
833.5	6411
833.6	6400
833.7	6437
833.8	6453
833.9	6421
834	6416
834.1	6379
834.2	6348
834.3	6295
834.4	6196
834.5	6164
834.6	6122
834.7	6064
834.8	5965
834.9	5907
835	5802
835.1	5702
835.2	5629
835.3	5587
835.4	5519
835.5	5487
835.6	5466
835.7	5409
835.8	5382
835.9	5346
836	5335
836.1	5319
836.2	5319
836.3	5314
836.4	5272
836.5	5288
836.6	5298
836.7	5283
836.8	5277
836.9	5235
837	5215
837.1	5152
837.2	5104
837.3	5047
837.4	4957
837.5	4879
837.6	4779
837.7	4674
837.8	4548
837.9	4412
838	4249
838.1	4129
838.2	3997
838.3	3877
838.4	3746
838.5	3656
838.6	3525
838.7	3436
838.8	3336
838.9	3216
839	3132
839.1	3053
839.2	2980
839.3	2891
839.4	2807
839.5	2744
839.6	2654
839.7	2612
839.8	2565
839.9	2529
840	2471
840.1	2424
840.2	2329
840.3	2319
840.4	2261
840.5	2224
840.6	2209
840.7	2203
840.8	2193
840.9	2161
841	2109
841.1	2088
841.2	2093
841.3	2077
841.4	2046
841.5	2025
841.6	2009
841.7	1999
841.8	2009
841.9	1999
842	2014
842.1	1972
842.2	1988
842.3	1978
842.4	1978
842.5	1988
842.6	1978
842.7	1983
842.8	2014
842.9	2046
843	2051
843.1	2051
843.2	2083
843.3	2083
843.4	2114
843.5	2151
843.6	2177
843.7	2198
843.8	2198
843.9	2245
844	2256
844.1	2245
844.2	2224
844.3	2240
844.4	2271
844.5	2240
844.6	2235
844.7	2245
844.8	2198
844.9	2156
845	2088
845.1	2072
845.2	2025
845.3	2014
845.4	2030
845.5	1962
845.6	1936
845.7	1873
845.8	1841
845.9	1794
846	1747
846.1	1710
846.2	1668
846.3	1626
846.4	1626
846.5	1590
846.6	1537
846.7	1527
846.8	1516
846.9	1500
847	1495
847.1	1448
847.2	1427
847.3	1406
847.4	1385
847.5	1369
847.6	1348
847.7	1338
847.8	1343
847.9	1306
848	1301
848.1	1317
848.2	1296
848.3	1301
848.4	1290
848.5	1280
848.6	1243
848.7	1249
848.8	1254
848.9	1233
849	1233
849.1	1212
849.2	1228
849.3	1201
849.4	1201
849.5	1233
849.6	1212
849.7	1217
849.8	1201
849.9	1201
850	1175
850.1	1107
850.2	1054
850.3	997
850.4	1107
850.5	1018
850.6	1002
850.7	913
850.8	970
850.9	897
851	866
851.1	908
851.2	970
851.3	1049
851.4	976
851.5	934
851.6	813
851.7	887
851.8	824
851.9	855
852	986
852.1	970
852.2	1002
852.3	855
852.4	845
852.5	991
852.6	708
852.7	803
852.8	1039
852.9	918
853	1070
853.1	1102
853.2	1144
853.3	1149
853.4	1023
853.5	881
853.6	944
853.7	834
853.8	976
853.9	1002
854	939
854.1	913
854.2	1012
854.3	866
854.4	929
854.5	918
854.6	997
854.7	1002
854.8	1023
854.9	1086
855	1065
855.1	997
855.2	1191
855.3	1249
855.4	1348
855.5	1311
855.6	1191
855.7	1070
855.8	1117
855.9	1264
856	1054
856.1	1049
856.2	1338
856.3	1243
856.4	1317
856.5	1443
856.6	1479
856.7	1390
856.8	1191
856.9	1222
857	1306
857.1	1506
857.2	1290
857.3	1201
857.4	1411
857.5	1584
857.6	1401
857.7	1359
857.8	1422
857.9	1322
858	1521
858.1	1500
858.2	1464
858.3	1527
858.4	1610
858.5	1778
858.6	1763
858.7	1715
858.8	1736
858.9	1616
859	1826
859.1	1778
859.2	1810
859.3	1810
859.4	1878
859.5	1878
859.6	1894
859.7	1789
859.8	1789
859.9	2030
860	2161
860.1	2203
860.2	2193
860.3	2077
860.4	2266
860.5	2119
860.6	2062
860.7	2135
860.8	2077
860.9	2209
861	2245
861.1	2371
861.2	2460
861.3	2513
861.4	2691
861.5	2424
861.6	2807
861.7	2770
861.8	2759
861.9	2995
862	3064
862.1	3153
862.2	3032
862.3	3027
862.4	3142
862.5	3315
862.6	3305
862.7	3405
862.8	3242
862.9	3441
863	3641
863.1	3604
863.2	3698
863.3	3798
863.4	3840
863.5	3788
863.6	4003
863.7	4134
863.8	4307
863.9	4428
864	4616
864.1	4601
864.2	4721
864.3	4842
864.4	4952
864.5	4874
864.6	5241
864.7	5146
864.8	5204
864.9	5346
865	5503
865.1	5550
865.2	5965
865.3	6001
865.4	6248
865.5	6196
865.6	6416
865.7	6584
865.8	6715
865.9	7035
866	6935
866.1	7108
866.2	7486
866.3	7874
866.4	7953
866.5	7927
866.6	8289
866.7	8567
866.8	8829
866.9	9039
867	9737
867.1	10088
867.2	10266
867.3	10560
867.4	11048
867.5	11525
867.6	11977
867.7	12433
867.8	13136
867.9	13461
868	14327
868.1	15098
868.2	15350
868.3	16116
868.4	16924
868.5	17926
868.6	18823
868.7	19583
868.8	20449
868.9	21451
869	22395
869.1	23229
869.2	24347
869.3	25401
869.4	26188
869.5	26088
869.6	27274
869.7	29037
869.8	28617
869.9	28659
870	29100
870.1	29267
870.2	29488
870.3	30154
870.4	29745
870.5	28832
870.6	28502
870.7	28129
870.8	27972
870.9	26975
871	26282
871.1	25999
871.2	25071
871.3	23922
871.4	23135
871.5	22086
871.6	21288
871.7	20512
871.8	19652
871.9	18791
872	18403
872.1	17669
872.2	16892
872.3	15979
872.4	15476
872.5	15072
872.6	14673
872.7	13891
872.8	13692
872.9	13362
873	12627
873.1	12464
873.2	11751
873.3	11489
873.4	11321
873.5	11069
873.6	11111
873.7	11237
873.8	10891
873.9	10586
874	10261
874.1	10135
874.2	10030
874.3	10057
874.4	10051
874.5	9936
874.6	9731
874.7	9658
874.8	9742
874.9	9668
875	9658
875.1	9453
875.2	9270
875.3	9097
875.4	9196
875.5	9175
875.6	9243
875.7	9238
875.8	9443
875.9	9291
876	9154
876.1	9144
876.2	9254
876.3	9359
876.4	9411
876.5	9453
876.6	9542
876.7	9626
876.8	9689
876.9	9401
877	9521
877.1	9427
877.2	9868
877.3	10083
877.4	9899
877.5	9758
877.6	9590
877.7	9490
877.8	9553
877.9	9642
878	9632
878.1	9658
878.2	9574
878.3	9800
878.4	9527
878.5	9406
878.6	9406
878.7	9170
878.8	9091
878.9	9170
879	9013
879.1	8798
879.2	8441
879.3	8220
879.4	8105
879.5	7942
879.6	7712
879.7	7344
879.8	7177
879.9	6872
880	6783
880.1	6542
880.2	6615
880.3	6290
880.4	6012
880.5	5781
880.6	5713
880.7	5519
880.8	5367
880.9	5131
881	5041
881.1	4832
881.2	4485
881.3	4464
881.4	4407
881.5	4239
881.6	4134
881.7	4018
881.8	4045
881.9	3919
882	3677
882.1	3546
882.2	3651
882.3	3735
882.4	3489
882.5	3483
882.6	3656
882.7	3520
882.8	3478
882.9	3567
883	3504
883.1	3667
883.2	3578
883.3	3683
883.4	3782
883.5	3609
883.6	3630
883.7	3788
883.8	3924
883.9	4092
884	4034
884.1	4097
884.2	4538
884.3	4952
884.4	4984
884.5	5146
884.6	5519
884.7	5797
884.8	6075
884.9	6154
885	6484
885.1	6972
885.2	7486
885.3	7706
885.4	7900
885.5	8399
885.6	8808
885.7	8950
885.8	9406
885.9	9600
886	9548
886.1	9469
886.2	9695
886.3	9464
886.4	9506
886.5	9264
886.6	9076
886.7	8624
886.8	8535
886.9	8210
887	7827
887.1	7586
887.2	7250
887.3	7072
887.4	6762
887.5	6411
887.6	6206
887.7	5786
887.8	5487
887.9	5472
888	5330
888.1	5089
888.2	5162
888.3	5047
888.4	4742
888.5	4679
888.6	4517
888.7	4123
888.8	4118
888.9	4197
889	4165
889.1	4092
889.2	4144
889.3	4171
889.4	3887
889.5	3751
889.6	3819
889.7	3735
889.8	3793
889.9	3735
890	3683
890.1	3552
890.2	3677
890.3	3761
890.4	3714
890.5	3662
890.6	3693
890.7	3473
890.8	3352
890.9	3499
891	3478
891.1	3725
891.2	3572
891.3	3478
891.4	3284
891.5	3310
891.6	3567
891.7	3625
891.8	3583
891.9	3620
892	3567
892.1	3625
892.2	3536
892.3	3604
892.4	3588
892.5	3866
892.6	3693
892.7	3788
892.8	3845
892.9	3866
893	3987
893.1	4223
893.2	4249
893.3	4375
893.4	4365
893.5	4464
893.6	4910
893.7	5041
893.8	5094
893.9	5131
894	5230
894.1	5309
894.2	5781
894.3	5781
894.4	5970
894.5	6190
894.6	5891
894.7	5855
894.8	6028
894.9	6028
895	6216
895.1	6279
895.2	6175
895.3	6028
895.4	5818
895.5	5566
895.6	5566
895.7	5393
895.8	5251
895.9	4994
896	4858
896.1	4685
896.2	4753
896.3	4606
896.4	4349
896.5	4066
896.6	3945
896.7	3940
896.8	3756
896.9	3593
897	3436
897.1	3462
897.2	3452
897.3	3247
897.4	3022
897.5	2974
897.6	2964
897.7	2995
897.8	3022
897.9	2780
898	2660
898.1	2749
898.2	2723
898.3	2633
898.4	2571
898.5	2597
898.6	2434
898.7	2324
898.8	2518
898.9	2308
899	2271
899.1	2266
899.2	2240
899.3	2240
899.4	2261
899.5	2287
899.6	2303
899.7	2182
899.8	2046
899.9	1920
900	1925
900.1	1993
900.2	1904
900.3	1841
900.4	1936
900.5	1941
900.6	1794
900.7	1925
900.8	2025
900.9	2114
901	1988
901.1	1936
901.2	1862
901.3	1925
901.4	1852
901.5	1799
901.6	1930
901.7	2035
901.8	2004
901.9	1904
902	1972
902.1	2046
902.2	2014
902.3	1951
902.4	1899
902.5	2035
902.6	2219
902.7	2319
902.8	2350
902.9	2429
903	2618
903.1	2586
903.2	2518
903.3	2571
903.4	2518
903.5	2565
903.6	2576
903.7	2786
903.8	2859
903.9	2791
904	2691
904.1	2654
904.2	2891
904.3	2891
904.4	2801
904.5	2754
904.6	2492
904.7	2529
904.8	2508
904.9	2518
905	2361
905.1	2523
905.2	2497
905.3	2413
905.4	2214
905.5	2376
905.6	2471
905.7	2382
905.8	2287
905.9	2214
906	2245
906.1	2245
906.2	2156
906.3	2025
906.4	2056
906.5	2067
906.6	2051
906.7	1941
906.8	2020
906.9	1936
907	2004
907.1	2151
907.2	1993
907.3	2046
907.4	2104
907.5	2114
907.6	1967
907.7	2182
907.8	2230
907.9	2224
908	2539
908.1	2424
908.2	2340
908.3	2397
908.4	2413
908.5	2240
908.6	2146
908.7	2334
908.8	2618
908.9	2502
909	2334
909.1	2408
909.2	2408
909.3	2334
909.4	2492
909.5	2476
909.6	2544
909.7	2560
909.8	2702
909.9	2571
910	2324
910.1	2198
910.2	2298
910.3	2397
910.4	2146
910.5	2224
910.6	2135
910.7	2151
910.8	2156
910.9	2046
911	1910
911.1	1889
911.2	1941
911.3	1862
911.4	1789
911.5	1904
911.6	1763
911.7	1789
911.8	1757
911.9	1784
912	1621
912.1	1679
912.2	1390
912.3	1416
912.4	1605
912.5	1532
912.6	1652
912.7	1332
912.8	1338
912.9	1374
913	1427
913.1	1469
913.2	1474
913.3	1374
913.4	1390
913.5	1406
913.6	1212
913.7	1416
913.8	1406
913.9	1306
914	1322
914.1	1275
914.2	1301
914.3	1254
914.4	1186
914.5	1212
914.6	1311
914.7	1280
914.8	1290
914.9	1112
915	929
915.1	1201
915.2	1175
915.3	1301
915.4	1243
915.5	1102
915.6	876
915.7	892
915.8	997
915.9	855
916	887
916.1	824
916.2	645
916.3	761
916.4	824
916.5	719
916.6	713
916.7	582
916.8	572
916.9	567
917	645
917.1	535
917.2	588
917.3	577
917.4	551
917.5	372
917.6	351
917.7	409
917.8	414
917.9	525
918	409
918.1	393
918.2	309
918.3	299
918.4	231
918.5	147
918.6	10
918.7	42
918.8	10
918.9	84
919	262
919.1	184
919.2	147
919.3	294
919.4	131
919.5	152
919.6	115
919.7	31
919.8	121
919.9	63
920	115
920.1	152
920.2	47
920.3	152
920.4	68
920.5	10
920.6	10
920.7	10
920.8	10
920.9	10
921	10
921.1	10
921.2	10
921.3	94
921.4	47
921.5	10
921.6	136
921.7	220
921.8	10
921.9	10
922	10
922.1	10
922.2	10
922.3	10
922.4	10
922.5	10
922.6	10
922.7	157
922.8	10
922.9	10
923	63
923.1	21
923.2	79
923.3	89
923.4	58
923.5	10
923.6	42
923.7	5
923.8	115
923.9	10
924	10
924.1	10
924.2	105
924.3	121
924.4	194
924.5	194
924.6	26
924.7	115
924.8	115
924.9	294
925	136
925.1	157
925.2	278
925.3	372
925.4	362
925.5	330
925.6	205
925.7	184
925.8	236
925.9	231
926	388
926.1	357
926.2	514
926.3	509
926.4	530
926.5	226
926.6	199
926.7	477
926.8	383
926.9	430
927	603
927.1	493
927.2	362
927.3	388
927.4	404
927.5	420
927.6	388
927.7	283
927.8	73
927.9	173
928	94
928.1	84
928.2	52
928.3	173
928.4	115
928.5	136
928.6	205
928.7	10
928.8	10
928.9	10
929	10
929.1	10
929.2	10
929.3	10
929.4	10
929.5	10
929.6	10
929.7	10
929.8	10
929.9	10
930	10
930.1	10
930.2	10
930.3	10
930.4	10
930.5	10
930.6	10
930.7	10
930.8	10
930.9	10
931	10
931.1	10
931.2	10
931.3	10
931.4	10
931.5	10
931.6	10
931.7	10
931.8	10
931.9	10
932	10
932.1	10
932.2	10
932.3	10
932.4	10
932.5	10
932.6	10
932.7	10
932.8	10
932.9	10
933	10
933.1	10
933.2	10
933.3	10
933.4	10
933.5	10
933.6	10
933.7	10
933.8	10
933.9	10
934	10
934.1	10
934.2	10
934.3	10
934.4	10
934.5	10
934.6	10
934.7	10
934.8	10
934.9	10
935	10
935.1	10
935.2	10
935.3	10
935.4	10
935.5	10
935.6	10
935.7	10
935.8	10
935.9	10
936	10
936.1	10
936.2	10
936.3	10
936.4	10
936.5	10
936.6	10
936.7	10
936.8	10
936.9	10
937	10
937.1	10
937.2	10
937.3	10
937.4	10
937.5	10
937.6	10
937.7	10
937.8	10
937.9	10
938	10
938.1	10
938.2	10
938.3	10
938.4	10
938.5	10
938.6	10
938.7	10
938.8	10
938.9	10
939	10
939.1	10
939.2	10
939.3	10
939.4	10
939.5	10
939.6	10
939.7	10
939.8	10
939.9	10
940	10
940.1	10
940.2	10
940.3	10
940.4	10
940.5	10
940.6	10
940.7	10
940.8	10
940.9	10
941	10
941.1	10
941.2	10
941.3	10
941.4	10
941.5	10
941.6	10
941.7	10
941.8	10
941.9	10
942	10
942.1	10
942.2	10
942.3	10
942.4	10
942.5	10
942.6	10
942.7	10
942.8	10
942.9	10
943	10
943.1	10
943.2	10
943.3	10
943.4	10
943.5	10
943.6	10
943.7	10
943.8	10
943.9	10
944	10
944.1	10
944.2	10
944.3	10
944.4	10
944.5	10
944.6	10
944.7	10
944.8	10
944.9	10
945	10
945.1	10
945.2	10
945.3	10
945.4	10
945.5	10
945.6	10
945.7	10
945.8	10
945.9	10
946	10
946.1	10
946.2	10
946.3	10
946.4	10
946.5	10
946.6	10
946.7	10
946.8	10
946.9	10
947	10
947.1	10
947.2	10
947.3	10
947.4	10
947.5	10
947.6	10
947.7	10
947.8	10
947.9	10
948	10
948.1	10
948.2	10
948.3	10
948.4	10
948.5	10
948.6	10
948.7	10
948.8	10
948.9	10
949	10
949.1	10
949.2	10
949.3	10
949.4	10
949.5	10
949.6	10
949.7	10
949.8	10
949.9	10
950	10
950.1	10
950.2	10
950.3	10
950.4	10
950.5	10
950.6	10
950.7	10
950.8	10
950.9	10
951	10
951.1	10
951.2	10
951.3	10
951.4	10
951.5	10
951.6	10
951.7	10
951.8	10
951.9	10
952	10
952.1	10
952.2	10
952.3	10
952.4	10
952.5	10
952.6	10
952.7	10
952.8	10
952.9	10
953	10
953.1	10
953.2	10
953.3	10
953.4	10
953.5	10
953.6	10
953.7	10
953.8	10
953.9	10
954	10
954.1	10
954.2	10
954.3	10
954.4	10
954.5	10
954.6	10
954.7	10
954.8	10
954.9	10
955	10
955.1	10
955.2	10
955.3	10
955.4	10
955.5	10
955.6	10
955.7	10
955.8	10
955.9	10
956	10
956.1	10
956.2	10
956.3	10
956.4	10
956.5	10
956.6	10
956.7	10
956.8	10
956.9	10
957	10
957.1	10
957.2	10
957.3	10
957.4	10
957.5	10
957.6	10
957.7	10
957.8	10
957.9	10
958	10
958.1	10
958.2	10
958.3	10
958.4	10
958.5	10
958.6	10
958.7	10
958.8	10
958.9	10
959	10
959.1	10
959.2	10
959.3	10
959.4	10
959.5	10
959.6	10
959.7	10
959.8	10
959.9	10
960	10
960.1	10
960.2	10
960.3	10
960.4	10
960.5	10
960.6	10
960.7	10
960.8	10
960.9	10
961	10
961.1	10
961.2	10
961.3	10
961.4	10
961.5	10
961.6	10
961.7	10
961.8	10
961.9	10
962	10
962.1	10
962.2	10
962.3	10
962.4	10
962.5	10
962.6	10
962.7	10
962.8	10
962.9	10
963	10
963.1	10
963.2	10
963.3	10
963.4	10
963.5	10
963.6	10
963.7	10
963.8	10
963.9	10
964	10
964.1	10
964.2	10
964.3	10
964.4	10
964.5	10
964.6	10
964.7	10
964.8	10
964.9	10
965	10
965.1	10
965.2	10
965.3	10
965.4	10
965.5	10
965.6	10
965.7	10
965.8	10
965.9	10
966	10
966.1	10
966.2	10
966.3	10
966.4	10
966.5	10
966.6	10
966.7	10
966.8	10
966.9	10
967	10
967.1	10
967.2	10
967.3	10
967.4	10
967.5	10
967.6	10
967.7	10
967.8	10
967.9	10
968	10
968.1	10
968.2	10
968.3	10
968.4	10
968.5	10
968.6	10
968.7	10
968.8	10
968.9	10
969	10
969.1	10
969.2	10
969.3	10
969.4	10
969.5	10
969.6	10
969.7	10
969.8	10
969.9	10
970	10
970.1	10
970.2	10
970.3	10
970.4	10
970.5	10
970.6	10
970.7	10
970.8	10
970.9	10
971	10
971.1	10
971.2	10
971.3	10
971.4	10
971.5	10
971.6	10
971.7	10
971.8	10
971.9	10
972	10
972.1	10
972.2	10
972.3	10
972.4	10
972.5	10
972.6	10
972.7	10
972.8	10
972.9	10
973	10
973.1	10
973.2	10
973.3	10
973.4	10
973.5	10
973.6	10
973.7	10
973.8	10
973.9	10
974	10
974.1	10
974.2	10
974.3	10
974.4	10
974.5	10
974.6	10
974.7	10
974.8	10
974.9	10
975	10
975.1	10
975.2	10
975.3	10
975.4	10
975.5	10
975.6	10
975.7	10
975.8	10
975.9	10
976	10
976.1	10
976.2	10
976.3	10
976.4	10
976.5	10
976.6	10
976.7	10
976.8	10
976.9	10
977	10
977.1	10
977.2	10
977.3	10
977.4	10
977.5	10
977.6	10
977.7	10
977.8	10
977.9	10
978	10
978.1	10
978.2	10
978.3	10
978.4	10
978.5	10
978.6	10
978.7	10
978.8	10
978.9	10
979	10
979.1	10
979.2	10
979.3	10
979.4	10
979.5	10
979.6	10
979.7	10
979.8	10
979.9	10
980	10
980.1	10
980.2	10
980.3	10
980.4	10
980.5	10
980.6	10
980.7	10
980.8	10
980.9	10
981	10
981.1	10
981.2	10
981.3	10
981.4	10
981.5	10
981.6	10
981.7	10
981.8	10
981.9	10
982	10
982.1	10
982.2	10
982.3	10
982.4	10
982.5	10
982.6	10
982.7	10
982.8	10
982.9	10
983	10
983.1	10
983.2	10
983.3	10
983.4	10
983.5	10
983.6	10
983.7	10
983.8	10
983.9	10
984	10
984.1	10
984.2	10
984.3	10
984.4	10
984.5	10
984.6	10
984.7	10
984.8	10
984.9	10
985	10
985.1	10
985.2	10
985.3	10
985.4	10
985.5	10
985.6	10
985.7	10
985.8	10
985.9	10
986	10
986.1	10
986.2	10
986.3	10
986.4	10
986.5	10
986.6	10
986.7	10
986.8	10
986.9	10
987	10
987.1	10
987.2	10
987.3	10
987.4	10
987.5	10
987.6	10
987.7	10
987.8	10
987.9	10
988	10
988.1	10
988.2	10
988.3	10
988.4	10
988.5	10
988.6	10
988.7	10
988.8	10
988.9	10
989	10
989.1	10
989.2	10
989.3	10
989.4	10
989.5	10
989.6	10
989.7	10
989.8	10
989.9	10
990	10
990.1	10
990.2	10
990.3	10
990.4	10
990.5	10
990.6	10
990.7	10
990.8	10
990.9	10
991	10
991.1	10
991.2	10
991.3	10
991.4	10
991.5	10
991.6	10
991.7	10
991.8	10
991.9	10
992	10
992.1	10
992.2	10
992.3	10
992.4	10
992.5	10
992.6	10
992.7	10
992.8	10
992.9	10
993	10
993.1	10
993.2	10
993.3	10
993.4	10
993.5	10
993.6	10
993.7	10
993.8	10
993.9	10
994	10
994.1	10
994.2	10
994.3	10
994.4	10
994.5	10
994.6	10
994.7	10
994.8	10
994.9	10
995	10
995.1	10
995.2	10
995.3	10
995.4	10
995.5	10
995.6	10
995.7	10
995.8	10
995.9	10
996	10
996.1	10
996.2	10
996.3	10
996.4	10
996.5	10
996.6	10
996.7	10
996.8	10
996.9	10
997	10
997.1	10
997.2	10
997.3	10
997.4	10
997.5	10
997.6	10
997.7	10
997.8	10
997.9	10
998	10
998.1	10
998.2	10
998.3	10
998.4	10
998.5	10
998.6	10
998.7	10
998.8	10
998.9	10
999	10
999.1	10
999.2	10
999.3	10
999.4	10
999.5	10
999.6	10
999.7	10
999.8	10
999.9	10
1000	10
