# Optical absorption spectrum of Program fragment delivered error ``Can't call method "sample_" on an undefined value at abs.template line 1.'':GLASS (Nd:Q98 Glass)
# assuming unity concentration per meter.  This data was part of the NASA 
# Laser Spectra Database found on the web until December of 2005 which
# was created by Pat Cross working at NASA Langley Research Center, Internal
# Operations Group, Aerospace Electronics Systems Division, Remote Sensing.
#
# The spectra was collected by MS on 22 January 1988 and was 
# annotated on 28 January 1988.  The sample name was "" was a 1.8500
# long piece of :.   
# The incident light was unpolarized.
#
# Spectra were recorded from 325 to 830nm
# every 0.2nm at room temperature.
#
# FILE NAME ON PE-3600 = 001 GLAS5.SP ON PC = 001GLAS5.SP NO_POINTS = 2526. pts DATA_INTV = 0.000200 µm MIN_LAMBDA = 0.325000 µm MIN_DATA = 0. MAX_LAMBDA = 0.830000 µm MAX_DATA = 31842.0 SCANSPEED = .015 æm/min SLITWIDTH= 0.00020 µmITA = 0. RESP = 0.5 sec ISMS = 0. DATE=88/01/22 INST = 509. ? = 0. ND:GLASS SAMPLE FROM KIGRE CORP. Q-98 GLASS. THE MATERIAL IS SUPPOSE TO BE 3wt.% ND (CONVERSATION WITH J. MEYERS INDICATE 3wt.% APPROX. 3*10(20)IONS/CM3. ND2O3. converted to AU by Mark Storm. header added by hand. Q-98KIGRE ND:GLASS,SAMEAS1-4,HIGHRES, STORM.
#
##Wavelength (nm)	Absorbance (/meter) 
325	6506
325.2	6387
325.4	6309
325.6	6329
325.8	6298
326	6176
326.2	6179
326.4	6185
326.6	6141
326.8	6118
327	6110
327.2	6111
327.4	6075
327.6	6048
327.8	5912
328	5889
328.2	5853
328.4	5751
328.6	5838
328.8	5690
329	5596
329.2	5599
329.4	5559
329.6	5421
329.8	5404
330	5345
330.2	5210
330.4	5230
330.6	5132
330.8	5164
331	5005
331.2	4841
331.4	4770
331.6	4675
331.8	4559
332	4506
332.2	4423
332.4	4283
332.6	4198
332.8	4002
333	3885
333.2	3819
333.4	3724
333.6	3588
333.8	3503
334	3342
334.2	3194
334.4	3152
334.6	3031
334.8	2934
335	2780
335.2	2733
335.4	2763
335.6	2613
335.8	2467
336	2427
336.2	2411
336.4	2341
336.6	2239
336.8	2232
337	2161
337.2	2061
337.4	2142
337.6	2142
337.8	2084
338	2044
338.2	2091
338.4	2058
338.6	1989
338.8	1994
339	2010
339.2	1870
339.4	1899
339.6	1835
339.8	1967
340	1936
340.2	1846
340.4	1859
340.6	1751
340.8	1771
341	1835
341.2	1717
341.4	1776
341.6	1679
341.8	1731
342	1732
342.2	1694
342.4	1687
342.6	1603
342.8	1708
343	1593
343.2	1687
343.4	1692
343.6	1624
343.8	1673
344	1630
344.2	1573
344.4	1632
344.6	1626
344.8	1690
345	1670
345.2	1737
345.4	1924
345.6	2054
345.8	2298
346	2616
346.2	3127
346.4	3634
346.6	4288
346.8	5042
347	5952
347.2	6650
347.4	7237
347.6	7704
347.8	8104
348	8270
348.2	8318
348.4	8329
348.6	8336
348.8	8469
349	8641
349.2	9018
349.4	9493
349.6	10093
349.8	10489
350	10800
350.2	10813
350.4	10645
350.6	10166
350.8	9594
351	9009
351.2	8603
351.4	8119
351.6	7754
351.8	7371
352	7265
352.2	7222
352.4	7201
352.6	7227
352.8	7381
353	7512
353.2	7488
353.4	7479
353.6	7460
353.8	7350
354	7341
354.2	7403
354.4	7763
354.6	8178
354.8	8703
355	9400
355.2	10070
355.4	10596
355.6	10751
355.8	10701
356	10732
356.2	10662
356.4	10560
356.6	10361
356.8	10241
357	9933
357.2	9659
357.4	9111
357.6	8810
357.8	8243
358	7540
358.2	6782
358.4	5978
358.6	5259
358.8	4622
359	4071
359.2	3696
359.4	3213
359.6	2894
359.8	2548
360	2313
360.2	2118
360.4	1892
360.6	1749
360.8	1585
361	1389
361.2	1264
361.4	1167
361.6	1068
361.8	906
362	828
362.2	753
362.4	672
362.6	531
362.8	557
363	532
363.2	483
363.4	374
363.6	278
363.8	201
364	289
364.2	289
364.4	231
364.6	227
364.8	184
365	229
365.2	199
365.4	154
365.6	198
365.8	122
366	127
366.2	77
366.4	180
366.6	49
366.8	81
367	64
367.2	191
367.4	79
367.6	4
367.8	164
368	19
368.2	74
368.4	67
368.6	85
368.8	40
369	173
369.2	58
369.4	76
369.6	95
369.8	76
370	61
370.2	1
370.4	84
370.6	1
370.8	110
371	95
371.2	120
371.4	52
371.6	1
371.8	9
372	1
372.2	78
372.4	1
372.6	45
372.8	85
373	75
373.2	99
373.4	10
373.6	1
373.8	110
374	2
374.2	40
374.4	1
374.6	1
374.8	35
375	85
375.2	20
375.4	46
375.6	35
375.8	64
376	69
376.2	1
376.4	1
376.6	1
376.8	127
377	14
377.2	88
377.4	113
377.6	85
377.8	1
378	1
378.2	1
378.4	1
378.6	20
378.8	37
379	1
379.2	62
379.4	54
379.6	138
379.8	81
380	21
380.2	10
380.4	1
380.6	80
380.8	71
381	108
381.2	12
381.4	82
381.6	104
381.8	104
382	108
382.2	48
382.4	116
382.6	61
382.8	92
383	31
383.2	24
383.4	70
383.6	103
383.8	106
384	63
384.2	20
384.4	50
384.6	8
384.8	15
385	13
385.2	22
385.4	1
385.6	76
385.8	1
386	58
386.2	43
386.4	23
386.6	1
386.8	57
387	44
387.2	1
387.4	30
387.6	12
387.8	1
388	54
388.2	39
388.4	1
388.6	69
388.8	5
389	55
389.2	1
389.4	1
389.6	1
389.8	1
390	2
390.2	1
390.4	1
390.6	1
390.8	1
391	1
391.2	25
391.4	13
391.6	1
391.8	31
392	5
392.2	56
392.4	1
392.6	1
392.8	13
393	71
393.2	31
393.4	54
393.6	37
393.8	38
394	53
394.2	8
394.4	1
394.6	1
394.8	1
395	51
395.2	1
395.4	1
395.6	1
395.8	1
396	20
396.2	7
396.4	1
396.6	1
396.8	15
397	16
397.2	1
397.4	1
397.6	1
397.8	1
398	4
398.2	12
398.4	1
398.6	1
398.8	4
399	1
399.2	1
399.4	3
399.6	1
399.8	1
400	5
400.2	1
400.4	61
400.6	1
400.8	28
401	1
401.2	1
401.4	55
401.6	48
401.8	1
402	26
402.2	4
402.4	1
402.6	54
402.8	53
403	44
403.2	14
403.4	1
403.6	1
403.8	40
404	48
404.2	25
404.4	77
404.6	1
404.8	1
405	1
405.2	1
405.4	1
405.6	1
405.8	24
406	1
406.2	1
406.4	11
406.6	1
406.8	1
407	1
407.2	15
407.4	1
407.6	14
407.8	1
408	1
408.2	1
408.4	1
408.6	18
408.8	1
409	1
409.2	18
409.4	1
409.6	35
409.8	14
410	1
410.2	1
410.4	1
410.6	7
410.8	55
411	39
411.2	1
411.4	29
411.6	5
411.8	1
412	15
412.2	30
412.4	20
412.6	1
412.8	4
413	32
413.2	39
413.4	1
413.6	9
413.8	33
414	65
414.2	23
414.4	14
414.6	1
414.8	26
415	61
415.2	24
415.4	13
415.6	9
415.8	59
416	21
416.2	47
416.4	98
416.6	73
416.8	34
417	85
417.2	144
417.4	138
417.6	109
417.8	63
418	100
418.2	104
418.4	155
418.6	148
418.8	86
419	148
419.2	105
419.4	108
419.6	71
419.8	120
420	170
420.2	138
420.4	158
420.6	195
420.8	199
421	160
421.2	171
421.4	181
421.6	247
421.8	222
422	154
422.2	139
422.4	110
422.6	137
422.8	74
423	114
423.2	152
423.4	82
423.6	139
423.8	73
424	63
424.2	99
424.4	110
424.6	73
424.8	118
425	121
425.2	74
425.4	63
425.6	52
425.8	57
426	112
426.2	133
426.4	162
426.6	113
426.8	103
427	202
427.2	229
427.4	259
427.6	379
427.8	622
428	868
428.2	1184
428.4	1434
428.6	1704
428.8	1770
429	1656
429.2	1516
429.4	1319
429.6	1190
429.8	1123
430	1063
430.2	1043
430.4	977
430.6	932
430.8	835
431	786
431.2	802
431.4	822
431.6	823
431.8	861
432	911
432.2	908
432.4	916
432.6	867
432.8	794
433	817
433.2	711
433.4	650
433.6	575
433.8	549
434	516
434.2	459
434.4	424
434.6	295
434.8	302
435	232
435.2	222
435.4	229
435.6	191
435.8	168
436	193
436.2	132
436.4	174
436.6	121
436.8	71
437	119
437.2	127
437.4	81
437.6	96
437.8	121
438	45
438.2	50
438.4	88
438.6	3
438.8	49
439	85
439.2	71
439.4	101
439.6	42
439.8	37
440	57
440.2	56
440.4	77
440.6	90
440.8	55
441	30
441.2	65
441.4	71
441.6	94
441.8	69
442	66
442.2	40
442.4	39
442.6	71
442.8	65
443	51
443.2	58
443.4	60
443.6	58
443.8	100
444	103
444.2	62
444.4	105
444.6	101
444.8	83
445	69
445.2	70
445.4	103
445.6	139
445.8	107
446	73
446.2	78
446.4	131
446.6	180
446.8	127
447	85
447.2	88
447.4	109
447.6	114
447.8	125
448	127
448.2	181
448.4	151
448.6	151
448.8	165
449	153
449.2	195
449.4	160
449.6	210
449.8	228
450	232
450.2	230
450.4	233
450.6	258
450.8	268
451	334
451.2	345
451.4	303
451.6	343
451.8	408
452	387
452.2	423
452.4	421
452.6	490
452.8	492
453	495
453.2	491
453.4	561
453.6	568
453.8	585
454	607
454.2	624
454.4	633
454.6	672
454.8	713
455	722
455.2	681
455.4	737
455.6	750
455.8	769
456	799
456.2	818
456.4	813
456.6	850
456.8	872
457	861
457.2	925
457.4	949
457.6	978
457.8	1014
458	1048
458.2	1030
458.4	1052
458.6	1070
458.8	1056
459	1098
459.2	1089
459.4	1105
459.6	1133
459.8	1141
460	1161
460.2	1186
460.4	1163
460.6	1175
460.8	1159
461	1204
461.2	1228
461.4	1236
461.6	1211
461.8	1208
462	1200
462.2	1189
462.4	1186
462.6	1151
462.8	1157
463	1176
463.2	1152
463.4	1150
463.6	1127
463.8	1118
464	1086
464.2	1067
464.4	1089
464.6	1119
464.8	1099
465	1104
465.2	1063
465.4	1073
465.6	1101
465.8	1105
466	1129
466.2	1114
466.4	1112
466.6	1081
466.8	1109
467	1122
467.2	1128
467.4	1090
467.6	1115
467.8	1120
468	1100
468.2	1130
468.4	1146
468.6	1155
468.8	1233
469	1273
469.2	1335
469.4	1358
469.6	1363
469.8	1403
470	1404
470.2	1381
470.4	1447
470.6	1499
470.8	1533
471	1587
471.2	1587
471.4	1563
471.6	1517
471.8	1432
472	1444
472.2	1408
472.4	1338
472.6	1360
472.8	1311
473	1300
473.2	1331
473.4	1332
473.6	1390
473.8	1393
474	1413
474.2	1498
474.4	1500
474.6	1502
474.8	1566
475	1626
475.2	1670
475.4	1726
475.6	1769
475.8	1848
476	1884
476.2	1869
476.4	1893
476.6	1915
476.8	1870
477	1921
477.2	1842
477.4	1770
477.6	1749
477.8	1702
478	1603
478.2	1525
478.4	1394
478.6	1341
478.8	1262
479	1193
479.2	1114
479.4	1061
479.6	1002
479.8	938
480	948
480.2	880
480.4	853
480.6	827
480.8	744
481	755
481.2	705
481.4	669
481.6	604
481.8	634
482	610
482.2	555
482.4	556
482.6	520
482.8	497
483	477
483.2	439
483.4	370
483.6	398
483.8	413
484	340
484.2	323
484.4	340
484.6	320
484.8	245
485	284
485.2	224
485.4	232
485.6	217
485.8	262
486	188
486.2	197
486.4	205
486.6	203
486.8	182
487	136
487.2	169
487.4	164
487.6	131
487.8	149
488	115
488.2	102
488.4	81
488.6	132
488.8	150
489	108
489.2	78
489.4	102
489.6	111
489.8	137
490	71
490.2	117
490.4	136
490.6	121
490.8	106
491	124
491.2	111
491.4	105
491.6	133
491.8	114
492	71
492.2	91
492.4	68
492.6	126
492.8	129
493	143
493.2	179
493.4	160
493.6	153
493.8	216
494	212
494.2	230
494.4	235
494.6	247
494.8	269
495	292
495.2	339
495.4	369
495.6	372
495.8	370
496	436
496.2	447
496.4	476
496.6	539
496.8	553
497	581
497.2	614
497.4	655
497.6	684
497.8	742
498	766
498.2	837
498.4	869
498.6	917
498.8	927
499	992
499.2	1026
499.4	1056
499.6	1080
499.8	1142
500	1197
500.2	1215
500.4	1247
500.6	1255
500.8	1323
501	1350
501.2	1390
501.4	1407
501.6	1450
501.8	1435
502	1489
502.2	1535
502.4	1573
502.6	1577
502.8	1621
503	1629
503.2	1669
503.4	1693
503.6	1724
503.8	1745
504	1776
504.2	1832
504.4	1847
504.6	1899
504.8	1930
505	1961
505.2	1995
505.4	2037
505.6	2092
505.8	2151
506	2200
506.2	2255
506.4	2333
506.6	2468
506.8	2498
507	2563
507.2	2641
507.4	2736
507.6	2864
507.8	2985
508	3137
508.2	3270
508.4	3431
508.6	3585
508.8	3748
509	3870
509.2	4093
509.4	4265
509.6	4423
509.8	4635
510	4785
510.2	4985
510.4	5185
510.6	5363
510.8	5533
511	5613
511.2	5714
511.4	5776
511.6	5743
511.8	5723
512	5664
512.2	5554
512.4	5458
512.6	5331
512.8	5221
513	5071
513.2	4923
513.4	4801
513.6	4664
513.8	4561
514	4447
514.2	4324
514.4	4243
514.6	4223
514.8	4184
515	4123
515.2	4076
515.4	4037
515.6	4082
515.8	4039
516	4009
516.2	3975
516.4	3915
516.6	3879
516.8	3826
517	3714
517.2	3717
517.4	3608
517.6	3521
517.8	3453
518	3427
518.2	3385
518.4	3313
518.6	3324
518.8	3298
519	3340
519.2	3356
519.4	3476
519.6	3546
519.8	3750
520	3973
520.2	4240
520.4	4517
520.6	4871
520.8	5193
521	5498
521.2	5847
521.4	6118
521.6	6411
521.8	6696
522	7046
522.2	7344
522.4	7712
522.6	8137
522.8	8573
523	8975
523.2	9272
523.4	9524
523.6	9724
523.8	9752
524	9747
524.2	9705
524.4	9563
524.6	9401
524.8	9244
525	9057
525.2	8952
525.4	8708
525.6	8521
525.8	8256
526	8060
526.2	7869
526.4	7629
526.6	7541
526.8	7304
527	7201
527.2	7046
527.4	6893
527.6	6765
527.8	6578
528	6380
528.2	6156
528.4	5959
528.6	5695
528.8	5467
529	5235
529.2	5038
529.4	4853
529.6	4724
529.8	4504
530	4361
530.2	4232
530.4	4165
530.6	4042
530.8	3899
531	3852
531.2	3817
531.4	3674
531.6	3612
531.8	3560
532	3521
532.2	3441
532.4	3295
532.6	3138
532.8	3064
533	2922
533.2	2808
533.4	2723
533.6	2570
533.8	2473
534	2351
534.2	2195
534.4	2116
534.6	2035
534.8	1863
535	1773
535.2	1645
535.4	1601
535.6	1461
535.8	1396
536	1332
536.2	1245
536.4	1193
536.6	1158
536.8	1050
537	975
537.2	948
537.4	936
537.6	898
537.8	845
538	774
538.2	730
538.4	730
538.6	677
538.8	731
539	681
539.2	679
539.4	661
539.6	617
539.8	625
540	569
540.2	539
540.4	543
540.6	547
540.8	543
541	521
541.2	515
541.4	484
541.6	520
541.8	509
542	497
542.2	470
542.4	467
542.6	449
542.8	445
543	479
543.2	475
543.4	481
543.6	461
543.8	453
544	452
544.2	487
544.4	492
544.6	458
544.8	486
545	436
545.2	467
545.4	426
545.6	456
545.8	404
546	438
546.2	434
546.4	466
546.6	443
546.8	432
547	453
547.2	390
547.4	418
547.6	406
547.8	436
548	405
548.2	428
548.4	406
548.6	368
548.8	386
549	381
549.2	388
549.4	337
549.6	382
549.8	403
550	374
550.2	383
550.4	413
550.6	380
550.8	379
551	329
551.2	418
551.4	349
551.6	350
551.8	314
552	366
552.2	375
552.4	321
552.6	353
552.8	283
553	320
553.2	367
553.4	329
553.6	373
553.8	357
554	318
554.2	314
554.4	326
554.6	292
554.8	310
555	308
555.2	336
555.4	321
555.6	337
555.8	296
556	275
556.2	318
556.4	313
556.6	300
556.8	347
557	330
557.2	275
557.4	292
557.6	307
557.8	266
558	315
558.2	345
558.4	291
558.6	356
558.8	334
559	321
559.2	326
559.4	372
559.6	357
559.8	334
560	368
560.2	346
560.4	368
560.6	351
560.8	365
561	363
561.2	359
561.4	384
561.6	419
561.8	462
562	458
562.2	494
562.4	444
562.6	453
562.8	478
563	526
563.2	517
563.4	528
563.6	545
563.8	604
564	668
564.2	656
564.4	732
564.6	705
564.8	741
565	856
565.2	917
565.4	949
565.6	1025
565.8	1081
566	1209
566.2	1316
566.4	1434
566.6	1549
566.8	1646
567	1818
567.2	2033
567.4	2255
567.6	2542
567.8	2875
568	3328
568.2	3770
568.4	4372
568.6	5053
568.8	5909
569	6906
569.2	7997
569.4	9178
569.6	10472
569.8	11758
570	13022
570.2	14166
570.4	15078
570.6	15793
570.8	16315
571	16579
571.2	16716
571.4	16686
571.6	16584
571.8	16393
572	16310
572.2	16254
572.4	16283
572.6	16458
572.8	16686
573	17055
573.2	17596
573.4	18097
573.6	18507
573.8	18915
574	19388
574.2	19642
574.4	19906
574.6	20171
574.8	20477
575	20735
575.2	21038
575.4	21339
575.6	21583
575.8	21908
576	22197
576.2	22505
576.4	22773
576.6	22991
576.8	23241
577	23477
577.2	23811
577.4	24129
577.6	24530
577.8	24881
578	25332
578.2	25654
578.4	26108
578.6	26256
578.8	26427
579	26465
579.2	26577
579.4	26651
579.6	26612
579.8	26892
580	27127
580.2	27469
580.4	27948
580.6	28402
580.8	28956
581	29375
581.2	29940
581.4	30266
581.6	30555
581.8	30920
582	31159
582.2	31389
582.4	31691
582.6	31841
582.8	31795
583	31754
583.2	31605
583.4	31310
583.6	30899
583.8	30486
584	29847
584.2	29130
584.4	28226
584.6	27370
584.8	26479
585	25549
585.2	24617
585.4	23695
585.6	22796
585.8	22037
586	21238
586.2	20656
586.4	20017
586.6	19481
586.8	18972
587	18454
587.2	18046
587.4	17644
587.6	17191
587.8	16777
588	16340
588.2	15843
588.4	15405
588.6	14959
588.8	14541
589	14060
589.2	13671
589.4	13297
589.6	12928
589.8	12561
590	12232
590.2	11896
590.4	11639
590.6	11323
590.8	11105
591	10773
591.2	10520
591.4	10292
591.6	9959
591.8	9718
592	9551
592.2	9297
592.4	9121
592.6	8899
592.8	8669
593	8465
593.2	8193
593.4	8026
593.6	7782
593.8	7582
594	7354
594.2	7115
594.4	6900
594.6	6651
594.8	6355
595	6123
595.2	5850
595.4	5531
595.6	5259
595.8	5055
596	4738
596.2	4556
596.4	4300
596.6	3997
596.8	3788
597	3520
597.2	3362
597.4	3176
597.6	2986
597.8	2865
598	2657
598.2	2504
598.4	2388
598.6	2290
598.8	2160
599	2038
599.2	1988
599.4	1841
599.6	1810
599.8	1716
600	1642
600.2	1563
600.4	1526
600.6	1418
600.8	1400
601	1305
601.2	1225
601.4	1214
601.6	1073
601.8	1059
602	977
602.2	913
602.4	859
602.6	780
602.8	763
603	701
603.2	624
603.4	551
603.6	517
603.8	427
604	452
604.2	439
604.4	418
604.6	357
604.8	355
605	322
605.2	290
605.4	319
605.6	319
605.8	252
606	231
606.2	225
606.4	247
606.6	211
606.8	162
607	208
607.2	190
607.4	175
607.6	168
607.8	167
608	160
608.2	179
608.4	164
608.6	190
608.8	190
609	149
609.2	185
609.4	191
609.6	136
609.8	166
610	130
610.2	142
610.4	138
610.6	205
610.8	134
611	137
611.2	136
611.4	117
611.6	164
611.8	109
612	163
612.2	140
612.4	159
612.6	143
612.8	85
613	158
613.2	127
613.4	133
613.6	142
613.8	112
614	136
614.2	166
614.4	154
614.6	135
614.8	92
615	171
615.2	145
615.4	79
615.6	186
615.8	128
616	183
616.2	153
616.4	178
616.6	158
616.8	118
617	170
617.2	110
617.4	120
617.6	153
617.8	179
618	141
618.2	186
618.4	164
618.6	190
618.8	206
619	159
619.2	222
619.4	205
619.6	195
619.8	175
620	217
620.2	224
620.4	273
620.6	270
620.8	230
621	246
621.2	346
621.4	342
621.6	344
621.8	390
622	377
622.2	470
622.4	457
622.6	422
622.8	452
623	405
623.2	422
623.4	416
623.6	371
623.8	377
624	373
624.2	423
624.4	446
624.6	395
624.8	409
625	453
625.2	452
625.4	487
625.6	481
625.8	438
626	525
626.2	495
626.4	453
626.6	502
626.8	429
627	507
627.2	435
627.4	509
627.6	540
627.8	429
628	514
628.2	490
628.4	407
628.6	426
628.8	468
629	499
629.2	424
629.4	422
629.6	466
629.8	474
630	456
630.2	425
630.4	477
630.6	519
630.8	451
631	453
631.2	413
631.4	464
631.6	426
631.8	414
632	435
632.2	439
632.4	335
632.6	319
632.8	412
633	357
633.2	365
633.4	323
633.6	377
633.8	410
634	330
634.2	365
634.4	326
634.6	309
634.8	299
635	279
635.2	313
635.4	300
635.6	287
635.8	339
636	293
636.2	303
636.4	273
636.6	308
636.8	316
637	329
637.2	254
637.4	262
637.6	278
637.8	247
638	261
638.2	235
638.4	220
638.6	231
638.8	234
639	240
639.2	255
639.4	241
639.6	197
639.8	240
640	273
640.2	175
640.4	244
640.6	239
640.8	168
641	197
641.2	203
641.4	195
641.6	177
641.8	177
642	215
642.2	228
642.4	208
642.6	198
642.8	150
643	175
643.2	139
643.4	148
643.6	180
643.8	186
644	120
644.2	197
644.4	145
644.6	174
644.8	173
645	204
645.2	196
645.4	194
645.6	181
645.8	188
646	174
646.2	238
646.4	186
646.6	148
646.8	157
647	160
647.2	132
647.4	172
647.6	186
647.8	168
648	141
648.2	146
648.4	124
648.6	105
648.8	172
649	142
649.2	145
649.4	155
649.6	154
649.8	164
650	165
650.2	189
650.4	124
650.6	172
650.8	171
651	160
651.2	170
651.4	156
651.6	182
651.8	111
652	145
652.2	180
652.4	179
652.6	194
652.8	171
653	143
653.2	142
653.4	163
653.6	173
653.8	166
654	153
654.2	147
654.4	128
654.6	186
654.8	187
655	101
655.2	113
655.4	141
655.6	167
655.8	142
656	205
656.2	191
656.4	192
656.6	190
656.8	213
657	203
657.2	100
657.4	177
657.6	204
657.8	104
658	183
658.2	214
658.4	152
658.6	206
658.8	158
659	187
659.2	212
659.4	121
659.6	241
659.8	147
660	110
660.2	163
660.4	189
660.6	140
660.8	140
661	202
661.2	233
661.4	194
661.6	233
661.8	180
662	196
662.2	205
662.4	196
662.6	149
662.8	166
663	222
663.2	191
663.4	271
663.6	184
663.8	157
664	189
664.2	202
664.4	254
664.6	245
664.8	218
665	175
665.2	207
665.4	246
665.6	229
665.8	265
666	235
666.2	208
666.4	253
666.6	210
666.8	249
667	255
667.2	262
667.4	274
667.6	266
667.8	319
668	357
668.2	353
668.4	267
668.6	414
668.8	335
669	370
669.2	422
669.4	409
669.6	415
669.8	433
670	545
670.2	487
670.4	457
670.6	516
670.8	508
671	566
671.2	486
671.4	622
671.6	592
671.8	586
672	627
672.2	695
672.4	717
672.6	653
672.8	739
673	754
673.2	801
673.4	731
673.6	780
673.8	855
674	820
674.2	785
674.4	820
674.6	855
674.8	828
675	925
675.2	848
675.4	883
675.6	989
675.8	954
676	950
676.2	921
676.4	1010
676.6	1001
676.8	1062
677	1089
677.2	1022
677.4	1026
677.6	1055
677.8	1076
678	1093
678.2	1180
678.4	1158
678.6	1212
678.8	1220
679	1191
679.2	1277
679.4	1259
679.6	1288
679.8	1368
680	1372
680.2	1403
680.4	1422
680.6	1449
680.8	1480
681	1470
681.2	1472
681.4	1567
681.6	1596
681.8	1544
682	1596
682.2	1627
682.4	1622
682.6	1664
682.8	1719
683	1691
683.2	1693
683.4	1647
683.6	1677
683.8	1692
684	1735
684.2	1704
684.4	1727
684.6	1736
684.8	1709
685	1668
685.2	1672
685.4	1700
685.6	1541
685.8	1531
686	1449
686.2	1431
686.4	1435
686.6	1390
686.8	1306
687	1221
687.2	1263
687.4	1239
687.6	1220
687.8	1104
688	1051
688.2	1102
688.4	1071
688.6	1021
688.8	917
689	910
689.2	921
689.4	865
689.6	812
689.8	797
690	772
690.2	728
690.4	799
690.6	734
690.8	658
691	641
691.2	687
691.4	656
691.6	654
691.8	638
692	588
692.2	528
692.4	670
692.6	550
692.8	515
693	560
693.2	522
693.4	484
693.6	479
693.8	518
694	422
694.2	393
694.4	500
694.6	415
694.8	413
695	450
695.2	390
695.4	406
695.6	368
695.8	320
696	339
696.2	341
696.4	316
696.6	294
696.8	310
697	301
697.2	310
697.4	288
697.6	292
697.8	271
698	316
698.2	365
698.4	301
698.6	278
698.8	283
699	212
699.2	216
699.4	238
699.6	310
699.8	258
700	282
700.2	264
700.4	197
700.6	216
700.8	237
701	278
701.2	251
701.4	218
701.6	198
701.8	178
702	244
702.2	238
702.4	259
702.6	218
702.8	241
703	190
703.2	191
703.4	222
703.6	204
703.8	224
704	227
704.2	252
704.4	288
704.6	237
704.8	253
705	292
705.2	221
705.4	203
705.6	226
705.8	315
706	152
706.2	266
706.4	243
706.6	221
706.8	249
707	229
707.2	230
707.4	171
707.6	271
707.8	311
708	225
708.2	241
708.4	216
708.6	254
708.8	251
709	251
709.2	175
709.4	310
709.6	261
709.8	274
710	222
710.2	237
710.4	181
710.6	233
710.8	211
711	232
711.2	271
711.4	235
711.6	295
711.8	231
712	262
712.2	241
712.4	269
712.6	267
712.8	302
713	333
713.2	245
713.4	281
713.6	247
713.8	203
714	298
714.2	304
714.4	248
714.6	297
714.8	257
715	245
715.2	251
715.4	324
715.6	244
715.8	253
716	289
716.2	364
716.4	329
716.6	349
716.8	300
717	300
717.2	327
717.4	297
717.6	292
717.8	322
718	355
718.2	349
718.4	331
718.6	327
718.8	343
719	319
719.2	307
719.4	337
719.6	316
719.8	302
720	325
720.2	389
720.4	355
720.6	338
720.8	388
721	378
721.2	421
721.4	384
721.6	413
721.8	453
722	441
722.2	442
722.4	551
722.6	505
722.8	520
723	471
723.2	479
723.4	493
723.6	499
723.8	573
724	589
724.2	638
724.4	586
724.6	510
724.8	628
725	642
725.2	693
725.4	675
725.6	760
725.8	665
726	709
726.2	753
726.4	806
726.6	837
726.8	874
727	825
727.2	819
727.4	865
727.6	1011
727.8	970
728	1057
728.2	1114
728.4	1078
728.6	1213
728.8	1245
729	1289
729.2	1320
729.4	1325
729.6	1492
729.8	1569
730	1623
730.2	1722
730.4	1878
730.6	2009
730.8	2259
731	2354
731.2	2426
731.4	2754
731.6	2991
731.8	3364
732	3646
732.2	4077
732.4	4452
732.6	4939
732.8	5470
733	6235
733.2	6946
733.4	7817
733.6	8608
733.8	9485
734	10380
734.2	11307
734.4	12046
734.6	12843
734.8	13520
735	13978
735.2	14380
735.4	14548
735.6	14556
735.8	14523
736	14310
736.2	14125
736.4	14004
736.6	13816
736.8	13659
737	13577
737.2	13550
737.4	13596
737.6	13638
737.8	13814
738	13989
738.2	14123
738.4	14306
738.6	14444
738.8	14728
739	15024
739.2	15198
739.4	15371
739.6	15534
739.8	15687
740	15841
740.2	15874
740.4	15953
740.6	15913
740.8	15953
741	15820
741.2	15829
741.4	15753
741.6	15844
741.8	15886
742	15789
742.2	15994
742.4	16156
742.6	16361
742.8	16625
743	16923
743.2	17379
743.4	17780
743.6	18305
743.8	18890
744	19574
744.2	20019
744.4	20447
744.6	21095
744.8	21326
745	21573
745.2	21803
745.4	21933
745.6	21774
745.8	21638
746	21599
746.2	21433
746.4	21197
746.6	20965
746.8	20444
747	20151
747.2	19896
747.4	19598
747.6	19278
747.8	18967
748	18789
748.2	18561
748.4	18308
748.6	18115
748.8	17938
749	17770
749.2	17643
749.4	17263
749.6	17081
749.8	16758
750	16369
750.2	16024
750.4	15530
750.6	15116
750.8	14663
751	14133
751.2	13600
751.4	13248
751.6	12646
751.8	12144
752	11548
752.2	11145
752.4	10749
752.6	10205
752.8	9898
753	9565
753.2	9247
753.4	8922
753.6	8584
753.8	8247
754	7994
754.2	7769
754.4	7525
754.6	7374
754.8	7038
755	6920
755.2	6636
755.4	6534
755.6	6278
755.8	6218
756	5933
756.2	5849
756.4	5640
756.6	5510
756.8	5335
757	5150
757.2	5002
757.4	4930
757.6	4708
757.8	4664
758	4581
758.2	4444
758.4	4232
758.6	4084
758.8	3961
759	3900
759.2	3706
759.4	3683
759.6	3635
759.8	3390
760	3313
760.2	3234
760.4	3143
760.6	2923
760.8	2803
761	2719
761.2	2758
761.4	2613
761.6	2539
761.8	2339
762	2308
762.2	2289
762.4	2217
762.6	2202
762.8	2084
763	1983
763.2	1963
763.4	1883
763.6	1786
763.8	1764
764	1717
764.2	1611
764.4	1599
764.6	1537
764.8	1515
765	1513
765.2	1504
765.4	1407
765.6	1353
765.8	1283
766	1192
766.2	1339
766.4	1229
766.6	1138
766.8	1163
767	1169
767.2	1048
767.4	1084
767.6	1103
767.8	1013
768	970
768.2	997
768.4	1059
768.6	956
768.8	914
769	909
769.2	888
769.4	795
769.6	822
769.8	723
770	773
770.2	754
770.4	742
770.6	644
770.8	692
771	702
771.2	668
771.4	737
771.6	635
771.8	599
772	620
772.2	688
772.4	739
772.6	579
772.8	549
773	465
773.2	611
773.4	520
773.6	576
773.8	610
774	546
774.2	737
774.4	541
774.6	524
774.8	619
775	492
775.2	512
775.4	545
775.6	655
775.8	562
776	564
776.2	484
776.4	558
776.6	616
776.8	646
777	626
777.2	680
777.4	626
777.6	731
777.8	671
778	763
778.2	731
778.4	743
778.6	841
778.8	783
779	756
779.2	762
779.4	817
779.6	889
779.8	1064
780	1120
780.2	1035
780.4	1183
780.6	1111
780.8	1242
781	1330
781.2	1325
781.4	1422
781.6	1539
781.8	1411
782	1722
782.2	1738
782.4	1804
782.6	1881
782.8	1966
783	2070
783.2	1980
783.4	2162
783.6	2198
783.8	2208
784	2292
784.2	2551
784.4	2584
784.6	2505
784.8	2589
785	2604
785.2	2587
785.4	2783
785.6	2828
785.8	3003
786	3177
786.2	3154
786.4	3238
786.6	3374
786.8	3567
787	3596
787.2	3685
787.4	3828
787.6	3895
787.8	3989
788	4156
788.2	4177
788.4	4371
788.6	4517
788.8	4611
789	4818
789.2	5007
789.4	5208
789.6	5518
789.8	5635
790	5986
790.2	6199
790.4	6395
790.6	6644
790.8	6904
791	7245
791.2	7623
791.4	7973
791.6	8151
791.8	8728
792	8930
792.2	9168
792.4	9589
792.6	10029
792.8	10465
793	10975
793.2	11456
793.4	12025
793.6	12375
793.8	12961
794	13503
794.2	13920
794.4	14329
794.6	14658
794.8	15244
795	15756
795.2	16282
795.4	16635
795.6	17052
795.8	17291
796	17814
796.2	17835
796.4	18612
796.6	18934
796.8	19236
797	19541
797.2	20000
797.4	20342
797.6	20709
797.8	20998
798	21392
798.2	21506
798.4	21802
798.6	21978
798.8	22598
799	22965
799.2	23668
799.4	24480
799.6	25157
799.8	26298
800	27165
800.2	28236
800.4	29249
800.6	30174
800.8	30873
801	31311
801.2	31566
801.4	31424
801.6	31328
801.8	30988
802	30424
802.2	29959
802.4	29174
802.6	28499
802.8	27686
803	26764
803.2	26033
803.4	25150
803.6	24183
803.8	23573
804	22818
804.2	21898
804.4	21380
804.6	20734
804.8	20000
805	19431
805.2	18884
805.4	18442
805.6	17794
805.8	17452
806	16995
806.2	16725
806.4	16269
806.6	15726
806.8	15361
807	15071
807.2	14391
807.4	14041
807.6	13729
807.8	13352
808	12815
808.2	12352
808.4	11962
808.6	11628
808.8	11296
809	10807
809.2	10729
809.4	10236
809.6	10087
809.8	9599
810	9299
810.2	9000
810.4	8695
810.6	8570
810.8	8271
811	8191
811.2	7809
811.4	7730
811.6	7477
811.8	7386
812	7284
812.2	7060
812.4	6951
812.6	6886
812.8	6762
813	6546
813.2	6517
813.4	6175
813.6	6393
813.8	6136
814	5960
814.2	6175
814.4	5852
814.6	5838
814.8	5790
815	5572
815.2	5408
815.4	5300
815.6	5440
815.8	5168
816	5127
816.2	5094
816.4	4874
816.6	4885
816.8	4612
817	4574
817.2	4613
817.4	4547
817.6	4477
817.8	4208
818	4170
818.2	4198
818.4	3970
818.6	4025
818.8	3856
819	3582
819.2	3711
819.4	3547
819.6	3484
819.8	3295
820	3334
820.2	3421
820.4	3266
820.6	3132
820.8	3026
821	2845
821.2	2795
821.4	2812
821.6	2606
821.8	2699
822	2576
822.2	2243
822.4	2340
822.6	2297
822.8	2097
823	2149
823.2	1965
823.4	1987
823.6	1953
823.8	1738
824	1933
824.2	1758
824.4	1615
824.6	1607
824.8	1561
825	1524
825.2	1583
825.4	1342
825.6	1196
825.8	1256
826	1215
826.2	1258
826.4	1198
826.6	1028
826.8	1155
827	1071
827.2	989
827.4	1045
827.6	1086
827.8	987
828	910
828.2	906
828.4	858
828.6	877
828.8	608
829	812
829.2	632
829.4	810
829.6	709
829.8	630
830	666
