# Optical absorption spectrum of Program fragment delivered error ``Can't call method "sample_" on an undefined value at abs.template line 1.'':YAG (Nd:Y3Al5O12)
# assuming unity concentration per meter.  This data was part of the NASA 
# Laser Spectra Database found on the web until December of 2005 which
# was created by Pat Cross working at NASA Langley Research Center, Internal
# Operations Group, Aerospace Electronics Systems Division, Remote Sensing.
#
# The spectra was collected by MS on 22 January 1988 and was 
# annotated on 28 January 1988.  The sample name was "" was a 1.8000
# long piece of :.   
# The incident light was unpolarized.
#
# Spectra were recorded from 325 to 830nm
# every 0.1nm at room temperature.
#
# FILE NAME ON PE-3600 = 001 NYAG9.SP ON PC = 001NYAG9.SP NO_POINTS = 2251. pts DATA_INTV = 0.000100 µm MIN_LAMBDA = 0.325000 µm MIN_DATA = 0. MAX_LAMBDA = 0.830000 µm MAX_DATA = 159180. SCANSPEED = .015 µm/min SLITWIDTH= 0.00020 µmITA = 0. RESP = 0.5 sec ISMS = 0. DATE =88/06/08 INST = 509. ? = 0. THE ND:YAG SAMPLE WAS FOUND IN CHUCK'S LAB. ASSUME 1% ND CONCENTRATION. 1.8 MM THICK. STORM converted to AU by Mark Storm. header added by hand ND:YAG,1%ND,1.8MMTHICK,FINAL RUN,HIGH RES.,STORM.
#
##Wavelength (nm)	Absorbance (/meter) 
325	1228
325.1	1504
325.2	1457
325.3	1367
325.4	1135
325.5	1509
325.6	1513
325.7	1319
325.8	1634
325.9	1667
326	1777
326.1	1859
326.2	1811
326.3	2051
326.4	2313
326.5	2574
326.6	2831
326.7	2886
326.8	2737
326.9	3172
327	3364
327.1	3466
327.2	3822
327.3	3700
327.4	3694
327.5	3917
327.6	3291
327.7	3415
327.8	3430
327.9	3413
328	3631
328.1	3931
328.2	4048
328.3	3823
328.4	4036
328.5	4246
328.6	3856
328.7	3963
328.8	4062
328.9	3830
329	3682
329.1	3466
329.2	3612
329.3	3461
329.4	3447
329.5	3110
329.6	3468
329.7	3371
329.8	3444
329.9	3399
330	3465
330.1	3285
330.2	3807
330.3	3903
330.4	4127
330.5	4834
330.6	5147
330.7	5879
330.8	6365
330.9	5674
331	4950
331.1	4641
331.2	4458
331.3	4621
331.4	4232
331.5	4182
331.6	4425
331.7	4566
331.8	4534
331.9	4520
332	4868
332.1	4854
332.2	4970
332.3	4916
332.4	4972
332.5	4692
332.6	4505
332.7	4661
332.8	4817
332.9	4678
333	5068
333.1	5606
333.2	5301
333.3	5616
333.4	5722
333.5	6097
333.6	6230
333.7	6008
333.8	6035
333.9	5735
334	5421
334.1	5523
334.2	5693
334.3	5420
334.4	5530
334.5	5161
334.6	4784
334.7	4866
334.8	5104
334.9	5217
335	5667
335.1	6030
335.2	6152
335.3	5550
335.4	5058
335.5	4575
335.6	4502
335.7	4577
335.8	4615
335.9	5004
336	4687
336.1	4470
336.2	4090
336.3	4458
336.4	4484
336.5	4064
336.6	4556
336.7	4168
336.8	4009
336.9	3650
337	3611
337.1	3230
337.2	3077
337.3	3146
337.4	2971
337.5	3065
337.6	2777
337.7	2660
337.8	2495
337.9	2333
338	2277
338.1	2441
338.2	2403
338.3	2400
338.4	2122
338.5	2018
338.6	1906
338.7	1764
338.8	2073
338.9	1829
339	1952
339.1	1823
339.2	1754
339.3	1574
339.4	1335
339.5	1297
339.6	1517
339.7	1470
339.8	1701
339.9	1576
340	1462
340.1	1553
340.2	1478
340.3	1423
340.4	1407
340.5	1251
340.6	1183
340.7	1174
340.8	1396
340.9	1304
341	1249
341.1	1125
341.2	1213
341.3	1221
341.4	1045
341.5	1050
341.6	1449
341.7	1453
341.8	1510
341.9	1626
342	1781
342.1	1715
342.2	1817
342.3	1969
342.4	1725
342.5	1551
342.6	1727
342.7	1672
342.8	1624
342.9	1531
343	1713
343.1	1606
343.2	1746
343.3	1520
343.4	1748
343.5	1498
343.6	1502
343.7	1737
343.8	1500
343.9	1770
344	1697
344.1	1761
344.2	1937
344.3	1994
344.4	2048
344.5	2038
344.6	1818
344.7	2110
344.8	1967
344.9	2225
345	2236
345.1	2311
345.2	2705
345.3	3080
345.4	3773
345.5	4214
345.6	4640
345.7	4685
345.8	4180
345.9	3864
346	3190
346.1	2952
346.2	2668
346.3	2286
346.4	2340
346.5	2158
346.6	1923
346.7	2163
346.8	1775
346.9	1814
347	1951
347.1	1749
347.2	2072
347.3	1992
347.4	2130
347.5	2268
347.6	2195
347.7	2305
347.8	2518
347.9	2463
348	2502
348.1	2848
348.2	2763
348.3	2526
348.4	2516
348.5	2567
348.6	2752
348.7	2888
348.8	2790
348.9	3294
349	3382
349.1	3812
349.2	3980
349.3	4554
349.4	4986
349.5	5061
349.6	4660
349.7	4473
349.8	4109
349.9	4175
350	4088
350.1	3878
350.2	3789
350.3	3735
350.4	3595
350.5	3376
350.6	3460
350.7	3500
350.8	3678
350.9	3549
351	3886
351.1	4138
351.2	4109
351.3	4424
351.4	4682
351.5	5200
351.6	5960
351.7	6206
351.8	6606
351.9	6310
352	6353
352.1	6780
352.2	7570
352.3	8674
352.4	10101
352.5	11444
352.6	12080
352.7	11716
352.8	10617
352.9	10109
353	9372
353.1	10534
353.2	12490
353.3	15864
353.4	21603
353.5	27693
353.6	31715
353.7	33183
353.8	34534
353.9	36528
354	36613
354.1	35399
354.2	33230
354.3	30093
354.4	26756
354.5	23160
354.6	21220
354.7	20954
354.8	22469
354.9	24032
355	25367
355.1	25490
355.2	24107
355.3	22130
355.4	20152
355.5	18394
355.6	16807
355.7	15123
355.8	14043
355.9	13537
356	13749
356.1	14124
356.2	15136
356.3	15888
356.4	15870
356.5	15889
356.6	14847
356.7	13268
356.8	11912
356.9	11090
357	10300
357.1	10325
357.2	10636
357.3	10965
357.4	11234
357.5	11347
357.6	10968
357.7	10726
357.8	9933
357.9	9387
358	8850
358.1	8268
358.2	7347
358.3	6593
358.4	6647
358.5	6716
358.6	6679
358.7	6768
358.8	6464
358.9	6203
359	6012
359.1	5930
359.2	5773
359.3	6286
359.4	7033
359.5	8723
359.6	9041
359.7	7955
359.8	6643
359.9	5655
360	5182
360.1	4622
360.2	4301
360.3	4378
360.4	4434
360.5	4369
360.6	4608
360.7	4837
360.8	5341
360.9	6143
361	7511
361.1	9797
361.2	15366
361.3	26146
361.4	38390
361.5	34254
361.6	21121
361.7	13901
361.8	10495
361.9	9114
362	9442
362.1	9869
362.2	9761
362.3	8669
362.4	8046
362.5	9711
362.6	16147
362.7	22131
362.8	17000
362.9	10548
363	7774
363.1	6637
363.2	5631
363.3	4930
363.4	4923
363.5	5510
363.6	5997
363.7	6962
363.8	8989
363.9	12041
364	14450
364.1	12964
364.2	9703
364.3	7624
364.4	6940
364.5	6034
364.6	4579
364.7	3757
364.8	3502
364.9	3787
365	4787
365.1	7650
365.2	13585
365.3	20276
365.4	19913
365.5	13476
365.6	8828
365.7	6261
365.8	4433
365.9	3441
366	2870
366.1	2422
366.2	2095
366.3	1900
366.4	1758
366.5	2073
366.6	2715
366.7	3461
366.8	3924
366.9	3870
367	3410
367.1	2619
367.2	1931
367.3	1441
367.4	1314
367.5	984
367.6	967
367.7	1016
367.8	1061
367.9	842
368	624
368.1	697
368.2	513
368.3	691
368.4	915
368.5	332
368.6	916
368.7	609
368.8	541
368.9	987
369	628
369.1	557
369.2	759
369.3	763
369.4	549
369.5	519
369.6	786
369.7	503
369.8	797
369.9	590
370	240
370.1	241
370.2	473
370.3	719
370.4	583
370.5	393
370.6	333
370.7	530
370.8	657
370.9	675
371	468
371.1	892
371.2	759
371.3	521
371.4	518
371.5	390
371.6	360
371.7	435
371.8	202
371.9	280
372	478
372.1	635
372.2	496
372.3	453
372.4	158
372.5	417
372.6	594
372.7	248
372.8	446
372.9	508
373	549
373.1	502
373.2	673
373.3	269
373.4	606
373.5	220
373.6	468
373.7	387
373.8	354
373.9	219
374	546
374.1	642
374.2	755
374.3	232
374.4	402
374.5	372
374.6	1
374.7	258
374.8	245
374.9	395
375	125
375.1	210
375.2	258
375.3	296
375.4	263
375.5	206
375.6	159
375.7	557
375.8	639
375.9	572
376	515
376.1	281
376.2	139
376.3	235
376.4	104
376.5	121
376.6	20
376.7	159
376.8	238
376.9	333
377	419
377.1	491
377.2	529
377.3	697
377.4	602
377.5	913
377.6	593
377.7	403
377.8	690
377.9	823
378	334
378.1	64
378.2	1
378.3	319
378.4	418
378.5	391
378.6	640
378.7	454
378.8	400
378.9	312
379	191
379.1	90
379.2	273
379.3	247
379.4	326
379.5	387
379.6	500
379.7	446
379.8	325
379.9	220
380	214
380.1	394
380.2	165
380.3	246
380.4	163
380.5	326
380.6	448
380.7	195
380.8	331
380.9	318
381	488
381.1	234
381.2	147
381.3	395
381.4	328
381.5	250
381.6	492
381.7	265
381.8	229
381.9	436
382	203
382.1	153
382.2	384
382.3	259
382.4	226
382.5	253
382.6	267
382.7	295
382.8	391
382.9	327
383	165
383.1	216
383.2	451
383.3	238
383.4	289
383.5	242
383.6	484
383.7	471
383.8	437
383.9	370
384	330
384.1	405
384.2	348
384.3	325
384.4	383
384.5	296
384.6	350
384.7	862
384.8	1378
384.9	1103
385	662
385.1	398
385.2	476
385.3	196
385.4	409
385.5	454
385.6	533
385.7	574
385.8	456
385.9	202
386	169
386.1	295
386.2	373
386.3	435
386.4	541
386.5	443
386.6	247
386.7	482
386.8	588
386.9	496
387	500
387.1	386
387.2	444
387.3	366
387.4	384
387.5	323
387.6	125
387.7	264
387.8	318
387.9	261
388	465
388.1	561
388.2	409
388.3	230
388.4	369
388.5	329
388.6	222
388.7	198
388.8	169
388.9	362
389	204
389.1	295
389.2	249
389.3	351
389.4	328
389.5	403
389.6	160
389.7	336
389.8	269
389.9	138
390	253
390.1	382
390.2	261
390.3	363
390.4	83
390.5	388
390.6	277
390.7	169
390.8	220
390.9	329
391	354
391.1	517
391.2	439
391.3	274
391.4	346
391.5	601
391.6	428
391.7	351
391.8	186
391.9	240
392	366
392.1	377
392.2	438
392.3	246
392.4	277
392.5	342
392.6	149
392.7	285
392.8	357
392.9	225
393	378
393.1	260
393.2	352
393.3	492
393.4	174
393.5	290
393.6	419
393.7	210
393.8	328
393.9	265
394	330
394.1	212
394.2	297
394.3	406
394.4	200
394.5	275
394.6	174
394.7	201
394.8	209
394.9	433
395	139
395.1	264
395.2	228
395.3	211
395.4	158
395.5	246
395.6	375
395.7	200
395.8	191
395.9	33
396	175
396.1	368
396.2	304
396.3	163
396.4	393
396.5	238
396.6	131
396.7	229
396.8	176
396.9	261
397	89
397.1	137
397.2	208
397.3	242
397.4	229
397.5	352
397.6	183
397.7	59
397.8	1
397.9	178
398	118
398.1	166
398.2	139
398.3	254
398.4	326
398.5	144
398.6	145
398.7	416
398.8	443
398.9	166
399	140
399.1	161
399.2	256
399.3	74
399.4	125
399.5	288
399.6	295
399.7	326
399.8	371
399.9	330
400	209
400.1	274
400.2	268
400.3	224
400.4	397
400.5	144
400.6	84
400.7	223
400.8	291
400.9	302
401	127
401.1	121
401.2	30
401.3	321
401.4	183
401.5	308
401.6	228
401.7	117
401.8	141
401.9	202
402	182
402.1	173
402.2	116
402.3	231
402.4	157
402.5	334
402.6	111
402.7	129
402.8	166
402.9	386
403	285
403.1	144
403.2	354
403.3	165
403.4	318
403.5	1
403.6	103
403.7	370
403.8	300
403.9	229
404	409
404.1	423
404.2	400
404.3	289
404.4	161
404.5	259
404.6	111
404.7	257
404.8	153
404.9	265
405	19
405.1	117
405.2	280
405.3	199
405.4	291
405.5	267
405.6	5
405.7	201
405.8	151
405.9	411
406	283
406.1	308
406.2	109
406.3	136
406.4	36
406.5	228
406.6	307
406.7	297
406.8	216
406.9	123
407	177
407.1	46
407.2	391
407.3	246
407.4	331
407.5	152
407.6	203
407.7	174
407.8	87
407.9	185
408	222
408.1	344
408.2	166
408.3	150
408.4	214
408.5	275
408.6	117
408.7	98
408.8	81
408.9	173
409	261
409.1	228
409.2	188
409.3	168
409.4	310
409.5	405
409.6	270
409.7	116
409.8	184
409.9	117
410	121
410.1	151
410.2	115
410.3	240
410.4	284
410.5	265
410.6	241
410.7	249
410.8	296
410.9	226
411	348
411.1	166
411.2	136
411.3	130
411.4	60
411.5	249
411.6	212
411.7	28
411.8	213
411.9	136
412	160
412.1	265
412.2	374
412.3	452
412.4	233
412.5	136
412.6	160
412.7	339
412.8	407
412.9	80
413	347
413.1	189
413.2	146
413.3	126
413.4	241
413.5	316
413.6	94
413.7	205
413.8	266
413.9	294
414	146
414.1	295
414.2	201
414.3	171
414.4	151
414.5	182
414.6	108
414.7	203
414.8	254
414.9	194
415	309
415.1	225
415.2	219
415.3	314
415.4	186
415.5	197
415.6	194
415.7	329
415.8	228
415.9	205
416	142
416.1	172
416.2	298
416.3	214
416.4	214
416.5	225
416.6	262
416.7	135
416.8	250
416.9	162
417	308
417.1	190
417.2	214
417.3	262
417.4	293
417.5	128
417.6	247
417.7	136
417.8	39
417.9	100
418	363
418.1	309
418.2	172
418.3	256
418.4	129
418.5	311
418.6	258
418.7	218
418.8	265
418.9	266
419	195
419.1	341
419.2	243
419.3	244
419.4	214
419.5	252
419.6	326
419.7	276
419.8	249
419.9	193
420	166
420.1	227
420.2	282
420.3	36
420.4	279
420.5	229
420.6	243
420.7	345
420.8	355
420.9	447
421	559
421.1	556
421.2	472
421.3	371
421.4	142
421.5	358
421.6	389
421.7	386
421.8	312
421.9	461
422	411
422.1	354
422.2	337
422.3	497
422.4	565
422.5	589
422.6	566
422.7	675
422.8	540
422.9	510
423	585
423.1	602
423.2	460
423.3	467
423.4	464
423.5	431
423.6	148
423.7	401
423.8	419
423.9	463
424	457
424.1	281
424.2	424
424.3	292
424.4	401
424.5	263
424.6	402
424.7	433
424.8	511
424.9	457
425	505
425.1	356
425.2	384
425.3	371
425.4	415
425.5	392
425.6	305
425.7	268
425.8	255
425.9	454
426	499
426.1	374
426.2	375
426.3	497
426.4	369
426.5	268
426.6	386
426.7	63
426.8	350
426.9	266
427	371
427.1	412
427.2	217
427.3	214
427.4	275
427.5	131
427.6	242
427.7	286
427.8	320
427.9	412
428	494
428.1	362
428.2	457
428.3	417
428.4	346
428.5	290
428.6	273
428.7	432
428.8	351
428.9	318
429	386
429.1	218
429.2	387
429.3	300
429.4	351
429.5	479
429.6	250
429.7	419
429.8	542
429.9	515
430	356
430.1	377
430.2	367
430.3	391
430.4	284
430.5	234
430.6	274
430.7	295
430.8	403
430.9	482
431	340
431.1	374
431.2	452
431.3	476
431.4	619
431.5	909
431.6	1505
431.7	3656
431.8	8189
431.9	10763
432	7433
432.1	3744
432.2	2198
432.3	1247
432.4	905
432.5	695
432.6	360
432.7	377
432.8	394
432.9	334
433	355
433.1	331
433.2	302
433.3	373
433.4	333
433.5	627
433.6	658
433.7	662
433.8	880
433.9	1377
434	1989
434.1	3031
434.2	3860
434.3	5306
434.4	5755
434.5	4432
434.6	2582
434.7	1452
434.8	785
434.9	565
435	515
435.1	322
435.2	661
435.3	753
435.4	1218
435.5	1870
435.6	2491
435.7	2159
435.8	1518
435.9	905
436	691
436.1	461
436.2	502
436.3	432
436.4	240
436.5	365
436.6	480
436.7	481
436.8	373
436.9	404
437	279
437.1	357
437.2	493
437.3	706
437.4	853
437.5	1353
437.6	1965
437.7	2219
437.8	2324
437.9	2216
438	1800
438.1	1194
438.2	863
438.3	561
438.4	585
438.5	616
438.6	505
438.7	272
438.8	485
438.9	323
439	388
439.1	331
439.2	264
439.3	308
439.4	329
439.5	272
439.6	222
439.7	118
439.8	168
439.9	314
440	156
440.1	274
440.2	197
440.3	292
440.4	302
440.5	232
440.6	347
440.7	256
440.8	223
440.9	149
441	163
441.1	244
441.2	224
441.3	140
441.4	191
441.5	229
441.6	215
441.7	98
441.8	250
441.9	143
442	187
442.1	140
442.2	87
442.3	258
442.4	225
442.5	226
442.6	212
442.7	287
442.8	358
442.9	146
443	322
443.1	221
443.2	84
443.3	84
443.4	118
443.5	293
443.6	166
443.7	186
443.8	224
443.9	133
444	275
444.1	177
444.2	275
444.3	323
444.4	205
444.5	75
444.6	220
444.7	153
444.8	335
444.9	308
445	157
445.1	121
445.2	259
445.3	138
445.4	286
445.5	209
445.6	331
445.7	166
445.8	200
445.9	113
446	90
446.1	191
446.2	155
446.3	202
446.4	260
446.5	341
446.6	271
446.7	271
446.8	221
446.9	231
447	218
447.1	121
447.2	168
447.3	125
447.4	162
447.5	216
447.6	284
447.7	197
447.8	319
447.9	295
448	319
448.1	202
448.2	266
448.3	293
448.4	240
448.5	237
448.6	358
448.7	248
448.8	396
448.9	329
449	181
449.1	246
449.2	266
449.3	233
449.4	354
449.5	348
449.6	487
449.7	480
449.8	393
449.9	444
450	410
450.1	397
450.2	513
450.3	401
450.4	490
450.5	416
450.6	450
450.7	359
450.8	548
450.9	478
451	475
451.1	495
451.2	577
451.3	608
451.4	601
451.5	618
451.6	582
451.7	707
451.8	779
451.9	776
452	681
452.1	834
452.2	923
452.3	954
452.4	1081
452.5	1211
452.6	1287
452.7	1297
452.8	1562
452.9	1670
453	1742
453.1	1992
453.2	2083
453.3	2341
453.4	2502
453.5	2741
453.6	2689
453.7	2749
453.8	2648
453.9	2424
454	2218
454.1	2065
454.2	1729
454.3	1543
454.4	1409
454.5	1403
454.6	1252
454.7	1164
454.8	1099
454.9	1151
455	1011
455.1	987
455.2	1053
455.3	1022
455.4	1081
455.5	1067
455.6	1191
455.7	1146
455.8	1270
455.9	1397
456	1570
456.1	1670
456.2	1853
456.3	1854
456.4	1961
456.5	1847
456.6	1862
456.7	1831
456.8	1852
456.9	1838
457	2029
457.1	2005
457.2	2138
457.3	2236
457.4	2065
457.5	1965
457.6	1948
457.7	1886
457.8	1904
457.9	1977
458	2133
458.1	2294
458.2	2469
458.3	2782
458.4	3284
458.5	4093
458.6	4929
458.7	5911
458.8	6733
458.9	7437
459	7783
459.1	8131
459.2	8019
459.3	7554
459.4	6773
459.5	5884
459.6	4888
459.7	4184
459.8	3670
459.9	3225
460	2890
460.1	2703
460.2	2742
460.3	2743
460.4	2778
460.5	2634
460.6	2438
460.7	2247
460.8	1917
460.9	1713
461	1679
461.1	1655
461.2	1780
461.3	1770
461.4	2002
461.5	2058
461.6	1985
461.7	1892
461.8	1930
461.9	1785
462	1751
462.1	1789
462.2	1779
462.3	1642
462.4	1742
462.5	1773
462.6	1826
462.7	1989
462.8	2100
462.9	2240
463	2198
463.1	2216
463.2	2032
463.3	2070
463.4	2119
463.5	2085
463.6	2169
463.7	2211
463.8	2208
463.9	2197
464	2191
464.1	2128
464.2	2018
464.3	1869
464.4	1821
464.5	1776
464.6	1842
464.7	1628
464.8	1708
464.9	1726
465	1753
465.1	1892
465.2	1858
465.3	1882
465.4	1786
465.5	1841
465.6	1724
465.7	1521
465.8	1439
465.9	1254
466	1189
466.1	1094
466.2	1057
466.3	952
466.4	908
466.5	843
466.6	922
466.7	803
466.8	912
466.9	841
467	838
467.1	852
467.2	862
467.3	897
467.4	866
467.5	911
467.6	887
467.7	857
467.8	793
467.9	851
468	953
468.1	841
468.2	770
468.3	774
468.4	761
468.5	809
468.6	765
468.7	758
468.8	599
468.9	684
469	637
469.1	539
469.2	692
469.3	628
469.4	628
469.5	761
469.6	656
469.7	697
469.8	721
469.9	599
470	616
470.1	664
470.2	614
470.3	563
470.4	503
470.5	655
470.6	551
470.7	551
470.8	588
470.9	511
471	559
471.1	501
471.2	566
471.3	620
471.4	821
471.5	638
471.6	679
471.7	771
471.8	767
471.9	1057
472	1194
472.1	1479
472.2	2108
472.3	2541
472.4	2920
472.5	3087
472.6	2822
472.7	2566
472.8	2155
472.9	1812
473	1564
473.1	1536
473.2	1441
473.3	1492
473.4	1558
473.5	1551
473.6	1462
473.7	1483
473.8	1504
473.9	1863
474	2019
474.1	2103
474.2	1971
474.3	1781
474.4	1413
474.5	1143
474.6	1085
474.7	1106
474.8	1140
474.9	1185
475	1477
475.1	1718
475.2	1926
475.3	2218
475.4	2034
475.5	1878
475.6	1778
475.7	1510
475.8	1472
475.9	1387
476	1233
476.1	1339
476.2	1484
476.3	1487
476.4	1691
476.5	2221
476.6	2606
476.7	3315
476.8	3714
476.9	3508
477	2793
477.1	2390
477.2	1828
477.3	1607
477.4	1415
477.5	1220
477.6	1189
477.7	1234
477.8	1224
477.9	1187
478	1136
478.1	1304
478.2	1307
478.3	1428
478.4	1421
478.5	1336
478.6	1336
478.7	1100
478.8	1138
478.9	1190
479	1190
479.1	1272
479.2	1396
479.3	1792
479.4	1969
479.5	2243
479.6	2663
479.7	3005
479.8	3200
479.9	3062
480	2465
480.1	2235
480.2	2127
480.3	2159
480.4	2529
480.5	3198
480.6	4977
480.7	6731
480.8	7614
480.9	7472
481	8730
481.1	9642
481.2	8895
481.3	9258
481.4	12120
481.5	15102
481.6	13562
481.7	9074
481.8	5605
481.9	3868
482	2951
482.1	2649
482.2	3001
482.3	3780
482.4	4715
482.5	4584
482.6	3218
482.7	2325
482.8	1681
482.9	1368
483	1119
483.1	1164
483.2	1215
483.3	1452
483.4	1514
483.5	1783
483.6	2419
483.7	3002
483.8	3331
483.9	3456
484	3314
484.1	3257
484.2	3180
484.3	3286
484.4	3138
484.5	3067
484.6	3227
484.7	2870
484.8	2488
484.9	2321
485	2412
485.1	2893
485.2	3630
485.3	4636
485.4	5397
485.5	5737
485.6	5578
485.7	5251
485.8	4340
485.9	3807
486	3625
486.1	4045
486.2	4110
486.3	3676
486.4	2893
486.5	2078
486.6	1726
486.7	1564
486.8	1633
486.9	1795
487	2382
487.1	2813
487.2	2761
487.3	2285
487.4	1717
487.5	1275
487.6	1135
487.7	975
487.8	972
487.9	1050
488	1149
488.1	1211
488.2	1482
488.3	1758
488.4	2052
488.5	2233
488.6	2558
488.7	2695
488.8	2962
488.9	2843
489	2580
489.1	2356
489.2	1933
489.3	1671
489.4	1574
489.5	1681
489.6	1723
489.7	1720
489.8	1586
489.9	1572
490	1281
490.1	1022
490.2	845
490.3	920
490.4	697
490.5	728
490.6	660
490.7	448
490.8	542
490.9	458
491	408
491.1	482
491.2	493
491.3	402
491.4	406
491.5	500
491.6	339
491.7	400
491.8	312
491.9	431
492	374
492.1	525
492.2	384
492.3	310
492.4	381
492.5	351
492.6	341
492.7	379
492.8	376
492.9	457
493	480
493.1	450
493.2	370
493.3	299
493.4	391
493.5	451
493.6	384
493.7	482
493.8	520
493.9	517
494	554
494.1	601
494.2	561
494.3	531
494.4	484
494.5	555
494.6	495
494.7	468
494.8	468
494.9	495
495	496
495.1	503
495.2	570
495.3	544
495.4	534
495.5	554
495.6	517
495.7	518
495.8	616
495.9	609
496	586
496.1	657
496.2	691
496.3	705
496.4	651
496.5	750
496.6	709
496.7	787
496.8	815
496.9	866
497	920
497.1	907
497.2	989
497.3	1037
497.4	1173
497.5	1310
497.6	1362
497.7	1486
497.8	1689
497.9	1903
498	2101
498.1	2296
498.2	2519
498.3	2624
498.4	2730
498.5	2920
498.6	2931
498.7	2871
498.8	2907
498.9	2685
499	2584
499.1	2371
499.2	2270
499.3	2149
499.4	1938
499.5	1872
499.6	1786
499.7	1583
499.8	1484
499.9	1388
500	1429
500.1	1437
500.2	1372
500.3	1262
500.4	1348
500.5	1140
500.6	1260
500.7	1246
500.8	1322
500.9	1346
501	1394
501.1	1432
501.2	1480
501.3	1477
501.4	1587
501.5	1608
501.6	1681
501.7	1664
501.8	1695
501.9	1764
502	1885
502.1	1834
502.2	1837
502.3	1769
502.4	1879
502.5	1855
502.6	1862
502.7	1946
502.8	1936
502.9	2043
503	2196
503.1	2287
503.2	2371
503.3	2350
503.4	2406
503.5	2371
503.6	2525
503.7	2491
503.8	2515
503.9	2498
504	2544
504.1	2558
504.2	2551
504.3	2513
504.4	2594
504.5	2475
504.6	2514
504.7	2528
504.8	2364
504.9	2364
505	2396
505.1	2365
505.2	2264
505.3	2195
505.4	2160
505.5	2139
505.6	2223
505.7	2209
505.8	2279
505.9	2283
506	2391
506.1	2374
506.2	2364
506.3	2483
506.4	2507
506.5	2455
506.6	2462
506.7	2470
506.8	2508
506.9	2432
507	2418
507.1	2460
507.2	2499
507.3	2443
507.4	2485
507.5	2555
507.6	2573
507.7	2573
507.8	2612
507.9	2696
508	2851
508.1	2908
508.2	2940
508.3	3028
508.4	3205
508.5	3269
508.6	3468
508.7	3607
508.8	3760
508.9	3832
509	3972
509.1	4030
509.2	4163
509.3	4398
509.4	4612
509.5	4696
509.6	4980
509.7	5163
509.8	5340
509.9	5469
510	5635
510.1	5984
510.2	6440
510.3	7115
510.4	7780
510.5	9138
510.6	10553
510.7	12255
510.8	13960
510.9	15092
511	15158
511.1	13750
511.2	12290
511.3	10571
511.4	9144
511.5	8366
511.6	7587
511.7	7031
511.8	6503
511.9	6126
512	5940
512.1	5680
512.2	5503
512.3	5456
512.4	5434
512.5	5563
512.6	5611
512.7	5889
512.8	6094
512.9	6393
513	6751
513.1	7084
513.2	7221
513.3	7312
513.4	7396
513.5	7385
513.6	7153
513.7	6934
513.8	6885
513.9	6764
514	6719
514.1	6753
514.2	6806
514.3	7048
514.4	7090
514.5	7174
514.6	7487
514.7	7694
514.8	7821
514.9	8133
515	8153
515.1	8238
515.2	8200
515.3	8146
515.4	8266
515.5	8402
515.6	8519
515.7	8957
515.8	9564
515.9	10480
516	11232
516.1	11902
516.2	12114
516.3	11907
516.4	10931
516.5	10212
516.6	9124
516.7	8467
516.8	7848
516.9	7236
517	6858
517.1	6662
517.2	6317
517.3	6100
517.4	5978
517.5	6023
517.6	6004
517.7	6116
517.8	6299
517.9	6547
518	6558
518.1	6664
518.2	6566
518.3	6450
518.4	5987
518.5	5602
518.6	5407
518.7	4920
518.8	4727
518.9	4575
519	4257
519.1	4117
519.2	3966
519.3	3902
519.4	3830
519.5	3738
519.6	3845
519.7	3735
519.8	3735
519.9	3814
520	3936
520.1	4040
520.2	4245
520.3	4531
520.4	4902
520.5	5514
520.6	6201
520.7	6919
520.8	7577
520.9	8154
521	8640
521.1	8527
521.2	7712
521.3	7136
521.4	6596
521.5	6117
521.6	5864
521.7	5775
521.8	5668
521.9	5377
522	5282
522.1	5161
522.2	4858
522.3	4600
522.4	4474
522.5	4391
522.6	4272
522.7	4110
522.8	3952
522.9	3724
523	3471
523.1	3308
523.2	3244
523.3	3131
523.4	2881
523.5	2924
523.6	2829
523.7	2728
523.8	2682
523.9	2619
524	2504
524.1	2421
524.2	2442
524.3	2369
524.4	2279
524.5	2359
524.6	2383
524.7	2422
524.8	2628
524.9	2601
525	2650
525.1	2731
525.2	2840
525.3	3026
525.4	3150
525.5	3391
525.6	3583
525.7	3797
525.8	4260
525.9	4582
526	5059
526.1	5659
526.2	6866
526.3	8340
526.4	11005
526.5	15592
526.6	22792
526.7	32852
526.8	43114
526.9	45296
527	38697
527.1	29343
527.2	21910
527.3	16633
527.4	12894
527.5	10284
527.6	8463
527.7	6997
527.8	6033
527.9	4979
528	4471
528.1	3827
528.2	3446
528.3	3142
528.4	2941
528.5	2780
528.6	2657
528.7	2570
528.8	2389
528.9	2535
529	2361
529.1	2602
529.2	2728
529.3	2676
529.4	2841
529.5	3180
529.6	3289
529.7	3852
529.8	4362
529.9	4961
530	5945
530.1	6964
530.2	8511
530.3	10725
530.4	14053
530.5	19575
530.6	26865
530.7	33797
530.8	36750
530.9	35922
531	35465
531.1	38278
531.2	42474
531.3	43109
531.4	35694
531.5	25340
531.6	17358
531.7	13156
531.8	10789
531.9	9701
532	9642
532.1	10229
532.2	11928
532.3	13590
532.4	14428
532.5	13196
532.6	10904
532.7	8283
532.8	6133
532.9	4727
533	3801
533.1	3180
533.2	2873
533.3	2803
533.4	2842
533.5	2867
533.6	3556
533.7	4515
533.8	6012
533.9	7999
534	9773
534.1	9710
534.2	8406
534.3	6973
534.4	6143
534.5	5857
534.6	5569
534.7	5176
534.8	4938
534.9	4815
535	4677
535.1	4463
535.2	4297
535.3	3935
535.4	3774
535.5	3892
535.6	4133
535.7	4653
535.8	5270
535.9	6213
536	7424
536.1	9140
536.2	11302
536.3	12853
536.4	13229
536.5	12556
536.6	11738
536.7	11920
536.8	12791
536.9	13963
537	13612
537.1	11525
537.2	9166
537.3	7438
537.4	6579
537.5	6336
537.6	6636
537.7	7500
537.8	7930
537.9	7818
538	7048
538.1	5557
538.2	4444
538.3	3548
538.4	2919
538.5	2296
538.6	2251
538.7	2071
538.8	1754
538.9	1723
539	1906
539.1	2120
539.2	2388
539.3	2759
539.4	3266
539.5	3885
539.6	4889
539.7	5997
539.8	6490
539.9	6146
540	5414
540.1	4480
540.2	3722
540.3	2933
540.4	2404
540.5	2231
540.6	1836
540.7	1633
540.8	1466
540.9	1250
541	1012
541.1	1097
541.2	951
541.3	901
541.4	772
541.5	972
541.6	823
541.7	861
541.8	783
541.9	817
542	899
542.1	916
542.2	930
542.3	1001
542.4	1035
542.5	1151
542.6	1318
542.7	1524
542.8	1806
542.9	2089
543	2242
543.1	2204
543.2	2111
543.3	1690
543.4	1628
543.5	1238
543.6	1133
543.7	1004
543.8	956
543.9	703
544	676
544.1	659
544.2	545
544.3	484
544.4	525
544.5	424
544.6	417
544.7	337
544.8	404
544.9	502
545	341
545.1	301
545.2	425
545.3	516
545.4	426
545.5	422
545.6	386
545.7	339
545.8	416
545.9	527
546	454
546.1	286
546.2	276
546.3	323
546.4	374
546.5	270
546.6	424
546.7	394
546.8	600
546.9	395
547	429
547.1	274
547.2	402
547.3	402
547.4	282
547.5	185
547.6	299
547.7	359
547.8	319
547.9	356
548	383
548.1	330
548.2	206
548.3	300
548.4	324
548.5	96
548.6	157
548.7	113
548.8	244
548.9	288
549	258
549.1	352
549.2	261
549.3	245
549.4	252
549.5	279
549.6	279
549.7	403
549.8	289
549.9	306
550	363
550.1	434
550.2	313
550.3	310
550.4	294
550.5	418
550.6	469
550.7	381
550.8	429
550.9	493
551	641
551.1	665
551.2	949
551.3	1157
551.4	1464
551.5	1722
551.6	1950
551.7	1839
551.8	1465
551.9	1155
552	907
552.1	795
552.2	674
552.3	549
552.4	492
552.5	438
552.6	482
552.7	368
552.8	358
552.9	245
553	419
553.1	372
553.2	453
553.3	319
553.4	430
553.5	319
553.6	417
553.7	424
553.8	350
553.9	424
554	461
554.1	455
554.2	344
554.3	348
554.4	301
554.5	284
554.6	335
554.7	409
554.8	332
554.9	315
555	372
555.1	366
555.2	383
555.3	497
555.4	417
555.5	629
555.6	572
555.7	795
555.8	1025
555.9	968
556	805
556.1	785
556.2	836
556.3	630
556.4	755
556.5	762
556.6	793
556.7	796
556.8	661
556.9	739
557	456
557.1	430
557.2	470
557.3	450
557.4	555
557.5	477
557.6	528
557.7	424
557.8	538
557.9	589
558	667
558.1	684
558.2	688
558.3	597
558.4	418
558.5	708
558.6	614
558.7	793
558.8	803
558.9	668
559	625
559.1	784
559.2	720
559.3	936
559.4	947
559.5	1052
559.6	913
559.7	825
559.8	886
559.9	836
560	812
560.1	900
560.2	786
560.3	671
560.4	668
560.5	735
560.6	732
560.7	692
560.8	820
560.9	648
561	679
561.1	689
561.2	649
561.3	862
561.4	906
561.5	842
561.6	998
561.7	940
561.8	832
561.9	893
562	853
562.1	894
562.2	1097
562.3	857
562.4	979
562.5	935
562.6	969
562.7	952
562.8	1003
562.9	1150
563	987
563.1	1004
563.2	1133
563.3	1076
563.4	1079
563.5	1188
563.6	1171
563.7	1171
563.8	1212
563.9	1250
564	1145
564.1	1336
564.2	1356
564.3	1179
564.4	1210
564.5	1255
564.6	1296
564.7	1474
564.8	1248
564.9	1347
565	1460
565.1	1570
565.2	1413
565.3	1485
565.4	1622
565.5	1547
565.6	1359
565.7	1657
565.8	1510
565.9	1462
566	1428
566.1	1517
566.2	1397
566.3	1500
566.4	1541
566.5	1720
566.6	1638
566.7	1569
566.8	1796
566.9	1886
567	1890
567.1	1973
567.2	2056
567.3	2122
567.4	2174
567.5	2490
567.6	2564
567.7	2763
567.8	3115
567.9	3533
568	4140
568.1	4896
568.2	6014
568.3	7045
568.4	8786
568.5	11119
568.6	14871
568.7	20279
568.8	27883
568.9	36715
569	45411
569.1	48205
569.2	44386
569.3	36858
569.4	29487
569.5	23254
569.6	18639
569.7	15008
569.8	12656
569.9	10558
570	8761
570.1	7408
570.2	6244
570.3	5191
570.4	4609
570.5	4090
570.6	3533
570.7	3172
570.8	2884
570.9	2793
571	2636
571.1	2639
571.2	2608
571.3	2727
571.4	2699
571.5	2724
571.6	2724
571.7	2763
571.8	2984
571.9	3153
572	3280
572.1	3397
572.2	3778
572.3	4233
572.4	4659
572.5	5356
572.6	6177
572.7	7041
572.8	8350
572.9	9786
573	11461
573.1	13319
573.2	15254
573.3	17087
573.4	18065
573.5	17900
573.6	16694
573.7	14540
573.8	12088
573.9	10094
574	8425
574.1	7156
574.2	6079
574.3	5407
574.4	5216
574.5	4750
574.6	4305
574.7	4219
574.8	3971
574.9	4050
575	4126
575.1	4144
575.2	4306
575.3	4559
575.4	4700
575.5	4897
575.6	4817
575.7	4538
575.8	4310
575.9	3844
576	3688
576.1	3467
576.2	3202
576.3	3178
576.4	3178
576.5	3383
576.6	3259
576.7	3454
576.8	3628
576.9	3867
577	4208
577.1	4591
577.2	4899
577.3	5012
577.4	4761
577.5	4457
577.6	4292
577.7	4259
577.8	4159
577.9	4245
578	4350
578.1	4762
578.2	4868
578.3	5567
578.4	6231
578.5	7190
578.6	8720
578.7	10948
578.8	14177
578.9	18686
579	23896
579.1	27894
579.2	28248
579.3	25835
579.4	22290
579.5	19057
579.6	16636
579.7	15290
579.8	14385
579.9	13088
580	11734
580.1	9718
580.2	8307
580.3	7128
580.4	6462
580.5	5737
580.6	5420
580.7	4912
580.8	4916
580.9	4691
581	4445
581.1	4586
581.2	4571
581.3	4815
581.4	4942
581.5	5041
581.6	5212
581.7	5308
581.8	5279
581.9	5275
582	4976
582.1	4903
582.2	4740
582.3	4682
582.4	4736
582.5	4984
582.6	5181
582.7	5368
582.8	5618
582.9	6159
583	6807
583.1	7474
583.2	8498
583.3	9339
583.4	10845
583.5	12115
583.6	13628
583.7	14629
583.8	14886
583.9	14621
584	13607
584.1	12216
584.2	11070
584.3	9967
584.4	9218
584.5	8484
584.6	7963
584.7	7324
584.8	6927
584.9	6626
585	6551
585.1	6577
585.2	6841
585.3	7367
585.4	7849
585.5	9106
585.6	10401
585.7	11891
585.8	12861
585.9	13721
586	13606
586.1	13043
586.2	13385
586.3	14581
586.4	16709
586.5	20369
586.6	24159
586.7	25550
586.8	23418
586.9	19758
587	15875
587.1	13361
587.2	11782
587.3	11050
587.4	11030
587.5	11524
587.6	12462
587.7	14280
587.8	16973
587.9	21351
588	28667
588.1	40627
588.2	59757
588.3	89085
588.4	128782
588.5	159182
588.6	152574
588.7	121827
588.8	92097
588.9	68566
589	51961
589.1	40318
589.2	31567
589.3	25491
589.4	21314
589.5	18127
589.6	15520
589.7	13893
589.8	12918
589.9	12274
590	12137
590.1	12399
590.2	12834
590.3	13731
590.4	14913
590.5	16124
590.6	17586
590.7	18685
590.8	19427
590.9	20040
591	20222
591.1	20294
591.2	20251
591.3	20055
591.4	19098
591.5	17150
591.6	14949
591.7	12736
591.8	11130
591.9	9711
592	8959
592.1	8367
592.2	8085
592.3	8542
592.4	9269
592.5	9859
592.6	11135
592.7	12545
592.8	14137
592.9	16678
593	20711
593.1	25866
593.2	32110
593.3	35741
593.4	32450
593.5	25213
593.6	19129
593.7	14466
593.8	10937
593.9	8653
594	6692
594.1	5620
594.2	4928
594.3	4360
594.4	4044
594.5	3968
594.6	3876
594.7	3979
594.8	4062
594.9	4231
595	4545
595.1	4860
595.2	5361
595.3	6267
595.4	6585
595.5	6969
595.6	6566
595.7	5992
595.8	5266
595.9	4495
596	3949
596.1	3710
596.2	3412
596.3	3356
596.4	3204
596.5	3052
596.6	3063
596.7	2905
596.8	3169
596.9	3197
597	3502
597.1	3915
597.2	4403
597.3	4965
597.4	5555
597.5	5902
597.6	6169
597.7	6731
597.8	7074
597.9	7488
598	8051
598.1	8020
598.2	7526
598.3	6668
598.4	5582
598.5	4781
598.6	4175
598.7	3639
598.8	3391
598.9	3593
599	3501
599.1	3903
599.2	4004
599.3	4359
599.4	4482
599.5	4562
599.6	4338
599.7	4133
599.8	3922
599.9	3844
600	3467
600.1	3241
600.2	3241
600.3	3432
600.4	3450
600.5	3294
600.6	2568
600.7	2352
600.8	2220
600.9	1833
601	1593
601.1	1453
601.2	1422
601.3	1327
601.4	1419
601.5	1273
601.6	1222
601.7	1123
601.8	1137
601.9	988
602	974
602.1	923
602.2	1229
602.3	981
602.4	1209
602.5	1022
602.6	1090
602.7	1264
602.8	1155
602.9	1298
603	1312
603.1	1128
603.2	972
603.3	1129
603.4	1187
603.5	1098
603.6	1204
603.7	1484
603.8	1515
603.9	1707
604	1906
604.1	2207
604.2	2395
604.3	2702
604.4	2737
604.5	2615
604.6	2340
604.7	2173
604.8	1908
604.9	1736
605	1506
605.1	1233
605.2	1233
605.3	965
605.4	1060
605.5	833
605.6	837
605.7	597
605.8	732
605.9	733
606	554
606.1	423
606.2	400
606.3	528
606.4	407
606.5	541
606.6	808
606.7	619
606.8	458
606.9	704
607	559
607.1	620
607.2	640
607.3	559
607.4	596
607.5	725
607.6	506
607.7	526
607.8	594
607.9	419
608	493
608.1	537
608.2	520
608.3	540
608.4	403
608.5	547
608.6	427
608.7	323
608.8	524
608.9	477
609	555
609.1	703
609.2	696
609.3	622
609.4	525
609.5	599
609.6	566
609.7	445
609.8	452
609.9	566
610	701
610.1	748
610.2	546
610.3	412
610.4	577
610.5	533
610.6	490
610.7	386
610.8	259
610.9	446
611	252
611.1	416
611.2	326
611.3	410
611.4	142
611.5	484
611.6	273
611.7	327
611.8	206
611.9	270
612	310
612.1	250
612.2	368
612.3	334
612.4	227
612.5	314
612.6	124
612.7	429
612.8	375
612.9	358
613	338
613.1	318
613.2	121
613.3	406
613.4	329
613.5	316
613.6	359
613.7	256
613.8	219
613.9	299
614	239
614.1	424
614.2	360
614.3	390
614.4	186
614.5	458
614.6	143
614.7	347
614.8	200
614.9	210
615	331
615.1	485
615.2	134
615.3	288
615.4	231
615.5	134
615.6	241
615.7	352
615.8	201
615.9	198
616	178
616.1	105
616.2	259
616.3	272
616.4	262
616.5	162
616.6	203
616.7	333
616.8	243
616.9	367
617	374
617.1	485
617.2	317
617.3	424
617.4	438
617.5	653
617.6	768
617.7	391
617.8	519
617.9	452
618	419
618.1	261
618.2	368
618.3	228
618.4	362
618.5	252
618.6	419
618.7	295
618.8	316
618.9	276
619	336
619.1	403
619.2	497
619.3	454
619.4	780
619.5	865
619.6	868
619.7	612
619.8	562
619.9	498
620	270
620.1	324
620.2	160
620.3	307
620.4	398
620.5	304
620.6	395
620.7	325
620.8	489
620.9	456
621	486
621.1	782
621.2	830
621.3	877
621.4	857
621.5	732
621.6	591
621.7	366
621.8	276
621.9	309
622	360
622.1	276
622.2	126
622.3	323
622.4	230
622.5	314
622.6	263
622.7	150
622.8	194
622.9	167
623	67
623.1	261
623.2	127
623.3	248
623.4	168
623.5	362
623.6	301
623.7	165
623.8	278
623.9	272
624	232
624.1	315
624.2	383
624.3	406
624.4	339
624.5	309
624.6	403
624.7	377
624.8	544
624.9	588
625	511
625.1	747
625.2	777
625.3	1099
625.4	1072
625.5	1198
625.6	1276
625.7	1563
625.8	1783
625.9	1959
626	2014
626.1	2125
626.2	1924
626.3	1990
626.4	2083
626.5	2191
626.6	2205
626.7	1956
626.8	1479
626.9	1023
627	915
627.1	631
627.2	598
627.3	336
627.4	192
627.5	239
627.6	377
627.7	266
627.8	300
627.9	297
628	364
628.1	367
628.2	264
628.3	237
628.4	220
628.5	455
628.6	234
628.7	388
628.8	435
628.9	714
629	654
629.1	452
629.2	526
629.3	285
629.4	382
629.5	392
629.6	443
629.7	779
629.8	769
629.9	1064
630	952
630.1	692
630.2	370
630.3	313
630.4	290
630.5	373
630.6	250
630.7	397
630.8	377
630.9	317
631	357
631.1	677
631.2	697
631.3	876
631.4	727
631.5	748
631.6	654
631.7	637
631.8	365
631.9	486
632	560
632.1	278
632.2	426
632.3	192
632.4	248
632.5	305
632.6	132
632.7	497
632.8	520
632.9	524
633	453
633.1	494
633.2	645
633.3	581
633.4	561
633.5	649
633.6	656
633.7	666
633.8	670
633.9	683
634	670
634.1	673
634.2	764
634.3	1035
634.4	991
634.5	981
634.6	1181
634.7	1236
634.8	1192
634.9	843
635	961
635.1	1100
635.2	914
635.3	1084
635.4	827
635.5	661
635.6	645
635.7	594
635.8	514
635.9	390
636	203
636.1	286
636.2	126
636.3	286
636.4	340
636.5	193
636.6	381
636.7	147
636.8	127
636.9	227
637	254
637.1	304
637.2	164
637.3	204
637.4	21
637.5	208
637.6	181
637.7	231
637.8	205
637.9	178
638	295
638.1	228
638.2	215
638.3	356
638.4	189
638.5	192
638.6	152
638.7	333
638.8	313
638.9	410
639	249
639.1	300
639.2	457
639.3	407
639.4	313
639.5	387
639.6	337
639.7	344
639.8	327
639.9	260
640	358
640.1	274
640.2	194
640.3	67
640.4	141
640.5	335
640.6	321
640.7	248
640.8	155
640.9	171
641	131
641.1	188
641.2	188
641.3	135
641.4	99
641.5	79
641.6	276
641.7	136
641.8	39
641.9	143
642	270
642.1	216
642.2	243
642.3	196
642.4	136
642.5	190
642.6	180
642.7	304
642.8	371
642.9	124
643	207
643.1	37
643.2	141
643.3	51
643.4	154
643.5	1
643.6	1
643.7	228
643.8	105
643.9	318
644	198
644.1	178
644.2	168
644.3	99
644.4	215
644.5	209
644.6	236
644.7	266
644.8	46
644.9	119
645	173
645.1	1
645.2	106
645.3	46
645.4	143
645.5	203
645.6	127
645.7	83
645.8	137
645.9	197
646	214
646.1	164
646.2	161
646.3	91
646.4	164
646.5	231
646.6	48
646.7	124
646.8	28
646.9	171
647	135
647.1	212
647.2	155
647.3	289
647.4	199
647.5	45
647.6	239
647.7	202
647.8	269
647.9	66
648	223
648.1	203
648.2	250
648.3	60
648.4	90
648.5	1
648.6	77
648.7	127
648.8	47
648.9	90
649	170
649.1	40
649.2	14
649.3	41
649.4	27
649.5	128
649.6	131
649.7	231
649.8	111
649.9	308
650	248
650.1	25
650.2	118
650.3	252
650.4	132
650.5	132
650.6	65
650.7	96
650.8	1
650.9	186
651	193
651.1	243
651.2	86
651.3	40
651.4	140
651.5	176
651.6	250
651.7	314
651.8	107
651.9	1
652	147
652.1	114
652.2	1
652.3	61
652.4	227
652.5	177
652.6	158
652.7	234
652.8	164
652.9	118
653	41
653.1	232
653.2	212
653.3	182
653.4	152
653.5	1
653.6	149
653.7	85
653.8	49
653.9	72
654	206
654.1	169
654.2	9
654.3	106
654.4	23
654.5	160
654.6	226
654.7	270
654.8	23
654.9	1
655	87
655.1	1
655.2	174
655.3	4
655.4	57
655.5	157
655.6	27
655.7	148
655.8	58
655.9	1
656	215
656.1	205
656.2	248
656.3	362
656.4	155
656.5	188
656.6	45
656.7	322
656.8	202
656.9	322
657	289
657.1	32
657.2	226
657.3	126
657.4	126
657.5	159
657.6	160
657.7	230
657.8	206
657.9	193
658	163
658.1	1
658.2	341
658.3	210
658.4	361
658.5	140
658.6	1
658.7	1
658.8	331
658.9	311
659	231
659.1	118
659.2	1
659.3	145
659.4	185
659.5	198
659.6	198
659.7	115
659.8	85
659.9	1
660	1
660.1	55
660.2	102
660.3	226
660.4	152
660.5	103
660.6	76
660.7	63
660.8	120
660.9	50
661	173
661.1	156
661.2	370
661.3	217
661.4	140
661.5	194
661.6	230
661.7	184
661.8	181
661.9	121
662	67
662.1	218
662.2	308
662.3	248
662.4	158
662.5	201
662.6	91
662.7	75
662.8	1
662.9	102
663	148
663.1	182
663.2	276
663.3	32
663.4	333
663.5	152
663.6	192
663.7	340
663.8	76
663.9	136
664	256
664.1	357
664.2	206
664.3	46
664.4	170
664.5	30
664.6	173
664.7	227
664.8	177
664.9	74
665	224
665.1	24
665.2	104
665.3	147
665.4	184
665.5	214
665.6	221
665.7	201
665.8	65
665.9	158
666	215
666.1	155
666.2	158
666.3	379
666.4	235
666.5	249
666.6	262
666.7	286
666.8	272
666.9	336
667	340
667.1	269
667.2	413
667.3	280
667.4	387
667.5	343
667.6	260
667.7	183
667.8	107
667.9	297
668	558
668.1	596
668.2	411
668.3	284
668.4	532
668.5	411
668.6	411
668.7	448
668.8	435
668.9	365
669	523
669.1	617
669.2	745
669.3	846
669.4	836
669.5	954
669.6	1015
669.7	1246
669.8	1379
669.9	1543
670	1842
670.1	1890
670.2	2187
670.3	2429
670.4	2656
670.5	2398
670.6	2094
670.7	1746
670.8	1599
670.9	1251
671	1007
671.1	1054
671.2	804
671.3	653
671.4	525
671.5	639
671.6	569
671.7	636
671.8	579
671.9	344
672	448
672.1	472
672.2	496
672.3	569
672.4	452
672.5	389
672.6	315
672.7	412
672.8	349
672.9	577
673	647
673.1	738
673.2	577
673.3	820
673.4	604
673.5	645
673.6	914
673.7	955
673.8	1003
673.9	1030
674	1159
674.1	1496
674.2	1459
674.3	1918
674.4	2489
674.5	3323
674.6	3891
674.7	4501
674.8	4627
674.9	4227
675	3980
675.1	3628
675.2	3430
675.3	3447
675.4	3710
675.5	3721
675.6	4138
675.7	5085
675.8	5363
675.9	6338
676	6863
676.1	7267
676.2	7146
676.3	7017
676.4	6511
676.5	6112
676.6	5650
676.7	4977
676.8	4341
676.9	3421
677	3160
677.1	2561
677.2	2290
677.3	2211
677.4	1735
677.5	1455
677.6	1295
677.7	1030
677.8	1271
677.9	993
678	983
678.1	983
678.2	997
678.3	939
678.4	885
678.5	1061
678.6	1089
678.7	940
678.8	967
678.9	967
679	1075
679.1	1076
679.2	1256
679.3	1423
679.4	1259
679.5	1191
679.6	1236
679.7	1249
679.8	1409
679.9	1427
680	1587
680.1	1903
680.2	2100
680.3	2131
680.4	2554
680.5	2980
680.6	3414
680.7	3890
680.8	4716
680.9	5566
681	6466
681.1	7534
681.2	7679
681.3	7355
681.4	6515
681.5	5552
681.6	4724
681.7	4439
681.8	4291
681.9	4105
682	4241
682.1	4209
682.2	4181
682.3	3827
682.4	3660
682.5	3140
682.6	2968
682.7	2926
682.8	2877
682.9	3000
683	3575
683.1	4214
683.2	5366
683.3	6873
683.4	9233
683.5	11911
683.6	13964
683.7	13504
683.8	11387
683.9	9194
684	7214
684.1	5738
684.2	4560
684.3	3743
684.4	3227
684.5	2841
684.6	2725
684.7	2308
684.8	2069
684.9	2000
685	1942
685.1	1839
685.2	1712
685.3	1524
685.4	1565
685.5	1248
685.6	1116
685.7	967
685.8	1058
685.9	916
686	683
686.1	717
686.2	731
686.3	1001
686.4	1065
686.5	998
686.6	1147
686.7	1212
686.8	1242
686.9	1467
687	1355
687.1	1628
687.2	1642
687.3	2123
687.4	2092
687.5	1893
687.6	1690
687.7	1495
687.8	1461
687.9	1006
688	712
688.1	837
688.2	642
688.3	942
688.4	689
688.5	1020
688.6	709
688.7	996
688.8	1088
688.9	1047
689	1299
689.1	1241
689.2	1180
689.3	1299
689.4	1377
689.5	1343
689.6	1228
689.7	1422
689.8	1655
689.9	1610
690	1888
690.1	1723
690.2	1992
690.3	2150
690.4	2202
690.5	2508
690.6	2237
690.7	1982
690.8	1751
690.9	1396
691	1097
691.1	708
691.2	799
691.3	820
691.4	564
691.5	625
691.6	898
691.7	537
691.8	397
691.9	504
692	417
692.1	350
692.2	541
692.3	551
692.4	494
692.5	622
692.6	791
692.7	727
692.8	858
692.9	1190
693	1112
693.1	1296
693.2	1279
693.3	1085
693.4	940
693.5	879
693.6	522
693.7	701
693.8	529
693.9	546
694	355
694.1	422
694.2	202
694.3	503
694.4	476
694.5	436
694.6	513
694.7	473
694.8	349
694.9	379
695	702
695.1	719
695.2	648
695.3	742
695.4	1003
695.5	1138
695.6	1400
695.7	1271
695.8	1400
695.9	1516
696	1346
696.1	1125
696.2	1193
696.3	1061
696.4	1200
696.5	1058
696.6	899
696.7	670
696.8	838
696.9	532
697	781
697.1	583
697.2	465
697.3	653
697.4	258
697.5	553
697.6	559
697.7	479
697.8	503
697.9	392
698	540
698.1	443
698.2	620
698.3	833
698.4	607
698.5	436
698.6	614
698.7	577
698.8	621
698.9	450
699	531
699.1	427
699.2	377
699.3	347
699.4	524
699.5	340
699.6	410
699.7	344
699.8	350
699.9	320
700	197
700.1	344
700.2	224
700.3	404
700.4	277
700.5	341
700.6	244
700.7	234
700.8	264
700.9	104
701	305
701.1	94
701.2	278
701.3	241
701.4	312
701.5	573
701.6	238
701.7	225
701.8	85
701.9	285
702	332
702.1	222
702.2	239
702.3	346
702.4	306
702.5	219
702.6	333
702.7	96
702.8	246
702.9	233
703	126
703.1	56
703.2	46
703.3	120
703.4	333
703.5	120
703.6	273
703.7	290
703.8	147
703.9	110
704	327
704.1	280
704.2	284
704.3	274
704.4	388
704.5	224
704.6	391
704.7	244
704.8	254
704.9	549
705	462
705.1	422
705.2	265
705.3	348
705.4	318
705.5	212
705.6	395
705.7	325
705.8	359
705.9	175
706	122
706.1	129
706.2	366
706.3	6
706.4	202
706.5	159
706.6	233
706.7	376
706.8	286
706.9	507
707	253
707.1	367
707.2	310
707.3	193
707.4	457
707.5	240
707.6	270
707.7	237
707.8	250
707.9	411
708	589
708.1	401
708.2	411
708.3	294
708.4	281
708.5	94
708.6	432
708.7	365
708.8	288
708.9	348
709	365
709.1	125
709.2	389
709.3	365
709.4	385
709.5	1
709.6	416
709.7	583
709.8	232
709.9	406
710	403
710.1	272
710.2	376
710.3	363
710.4	149
710.5	159
710.6	383
710.7	675
710.8	366
710.9	447
711	417
711.1	450
711.2	387
711.3	484
711.4	481
711.5	153
711.6	327
711.7	461
711.8	730
711.9	592
712	616
712.1	475
712.2	626
712.3	341
712.4	395
712.5	361
712.6	556
712.7	268
712.8	512
712.9	375
713	744
713.1	744
713.2	610
713.3	302
713.4	462
713.5	583
713.6	583
713.7	149
713.8	587
713.9	316
714	356
714.1	423
714.2	433
714.3	356
714.4	349
714.5	326
714.6	715
714.7	450
714.8	524
714.9	591
715	584
715.1	665
715.2	544
715.3	551
715.4	467
715.5	514
715.6	230
715.7	280
715.8	468
715.9	371
716	639
716.1	582
716.2	643
716.3	525
716.4	572
716.5	415
716.6	616
716.7	670
716.8	398
716.9	788
717	626
717.1	637
717.2	680
717.3	677
717.4	573
717.5	819
717.6	617
717.7	436
717.8	523
717.9	671
718	792
718.1	503
718.2	708
718.3	765
718.4	648
718.5	911
718.6	685
718.7	551
718.8	874
718.9	796
719	739
719.1	571
719.2	611
719.3	760
719.4	672
719.5	602
719.6	743
719.7	760
719.8	720
719.9	773
720	807
720.1	902
720.2	1129
720.3	740
720.4	744
720.5	777
720.6	977
720.7	909
720.8	980
720.9	1024
721	953
721.1	747
721.2	967
721.3	1146
721.4	1140
721.5	886
721.6	947
721.7	1130
721.8	1232
721.9	1222
722	1181
722.1	1147
722.2	1164
722.3	1246
722.4	1158
722.5	1124
722.6	1073
722.7	1205
722.8	1270
722.9	1270
723	1257
723.1	1440
723.2	1304
723.3	1250
723.4	1427
723.5	1407
723.6	1356
723.7	1352
723.8	1369
723.9	1359
724	1274
724.1	1698
724.2	1489
724.3	1407
724.4	1247
724.5	1384
724.6	1571
724.7	1571
724.8	1343
724.9	1674
725	1698
725.1	1473
725.2	1712
725.3	1497
725.4	1798
725.5	1688
725.6	1688
725.7	1723
725.8	1747
725.9	1957
726	1672
726.1	2337
726.2	1874
726.3	1662
726.4	1874
726.5	2074
726.6	2212
726.7	2327
726.8	1926
726.9	1975
727	2099
727.1	2109
727.2	1971
727.3	1996
727.4	2213
727.5	2185
727.6	2106
727.7	1961
727.8	2213
727.9	2241
728	2494
728.1	2148
728.2	2169
728.3	2100
728.4	2241
728.5	2477
728.6	2210
728.7	2301
728.8	2401
728.9	2228
729	2690
729.1	2854
729.2	2735
729.3	2872
729.4	2694
729.5	2558
729.6	2834
729.7	3093
729.8	3227
729.9	3580
730	3255
730.1	3372
730.2	3641
730.3	3740
730.4	3847
730.5	4022
730.6	3811
730.7	4387
730.8	4369
730.9	4488
731	4861
731.1	4521
731.2	4658
731.3	4785
731.4	5032
731.5	4897
731.6	5247
731.7	5764
731.8	5927
731.9	6402
732	6439
732.1	7085
732.2	7551
732.3	8194
732.4	8899
732.5	10082
732.6	10973
732.7	12737
732.8	14486
732.9	16497
733	19346
733.1	23153
733.2	27377
733.3	32722
733.4	37994
733.5	42661
733.6	46148
733.7	46546
733.8	44964
733.9	41143
734	36828
734.1	32794
734.2	29253
734.3	26258
734.4	24105
734.5	22713
734.6	21879
734.7	22022
734.8	23064
734.9	25109
735	28638
735.1	33162
735.2	39747
735.3	47297
735.4	55025
735.5	60541
735.6	61962
735.7	58982
735.8	53161
735.9	46425
736	40266
736.1	35732
736.2	33157
736.3	32301
736.4	34420
736.5	39734
736.6	49214
736.7	61912
736.8	69680
736.9	67198
737	56854
737.1	48090
737.2	42286
737.3	38532
737.4	33254
737.5	28479
737.6	23031
737.7	18857
737.8	15276
737.9	12641
738	10957
738.1	9598
738.2	8287
738.3	7377
738.4	6751
738.5	6224
738.6	5810
738.7	5483
738.8	5314
738.9	5048
739	5092
739.1	4588
739.2	4671
739.3	4491
739.4	4365
739.5	4805
739.6	4903
739.7	5198
739.8	5564
739.9	5977
740	6374
740.1	6449
740.2	6948
740.3	7306
740.4	8108
740.5	8297
740.6	8980
740.7	9466
740.8	9715
740.9	9901
741	9854
741.1	9850
741.2	9751
741.3	9597
741.4	9258
741.5	8782
741.6	8599
741.7	8510
741.8	8530
741.9	8491
742	8514
742.1	8985
742.2	9440
742.3	9914
742.4	10377
742.5	11253
742.6	12068
742.7	12912
742.8	13962
742.9	15171
743	16295
743.1	17130
743.2	18633
743.3	19466
743.4	21400
743.5	23136
743.6	25524
743.7	28550
743.8	32515
743.9	36348
744	41227
744.1	45670
744.2	49107
744.3	51179
744.4	53081
744.5	54004
744.6	53315
744.7	50335
744.8	45256
744.9	38791
745	33103
745.1	27883
745.2	24087
745.3	20607
745.4	17974
745.5	15659
745.6	14794
745.7	14311
745.8	13738
745.9	14032
746	14341
746.1	15055
746.2	15545
746.3	16467
746.4	16884
746.5	17200
746.6	17564
746.7	17382
746.8	17382
746.9	17559
747	18284
747.1	19573
747.2	21271
747.3	23640
747.4	27187
747.5	32256
747.6	38110
747.7	46097
747.8	54758
747.9	64766
748	76929
748.1	89549
748.2	99535
748.3	102713
748.4	98450
748.5	87570
748.6	74668
748.7	61961
748.8	51066
748.9	42622
749	35988
749.1	30625
749.2	26301
749.3	22679
749.4	19759
749.5	17516
749.6	15609
749.7	14387
749.8	13313
749.9	12115
750	11794
750.1	11360
750.2	11209
750.3	11234
750.4	11137
750.5	10970
750.6	11259
750.7	11548
750.8	11316
750.9	11696
751	12029
751.1	12112
751.2	12157
751.3	12522
751.4	12864
751.5	12927
751.6	13467
751.7	14208
751.8	15103
751.9	15370
752	16253
752.1	17024
752.2	17010
752.3	17128
752.4	16700
752.5	16463
752.6	16414
752.7	16031
752.8	15854
752.9	15987
753	16405
753.1	16557
753.2	17355
753.3	18437
753.4	19201
753.5	20646
753.6	21755
753.7	23320
753.8	25019
753.9	26470
754	27289
754.1	28680
754.2	29567
754.3	30181
754.4	30462
754.5	30790
754.6	30848
754.7	30141
754.8	29782
754.9	29782
755	29545
755.1	29703
755.2	29970
755.3	30831
755.4	31771
755.5	33389
755.6	34317
755.7	35519
755.8	35149
755.9	33553
756	30722
756.1	27383
756.2	24393
756.3	21074
756.4	18065
756.5	15901
756.6	14057
756.7	12289
756.8	10898
756.9	9865
757	9019
757.1	8572
757.2	7936
757.3	7543
757.4	7345
757.5	7002
757.6	7126
757.7	7190
757.8	7006
757.9	6773
758	7266
758.1	7551
758.2	7810
758.3	8391
758.4	9349
758.5	10057
758.6	11037
758.7	12208
758.8	13816
758.9	15528
759	17304
759.1	19743
759.2	22070
759.3	24934
759.4	26947
759.5	28985
759.6	29373
759.7	28840
759.8	27088
759.9	24489
760	21898
760.1	19318
760.2	17025
760.3	15039
760.4	13165
760.5	11826
760.6	10925
760.7	10174
760.8	9477
760.9	8850
761	8722
761.1	8660
761.2	9002
761.3	9245
761.4	9410
761.5	9948
761.6	10535
761.7	10950
761.8	11753
761.9	11950
762	12293
762.1	12277
762.2	12505
762.3	12351
762.4	12202
762.5	11872
762.6	11174
762.7	10468
762.8	9909
762.9	9109
763	8220
763.1	7661
763.2	7361
763.3	6668
763.4	6005
763.5	5976
763.6	5479
763.7	4801
763.8	4830
763.9	4574
764	4082
764.1	3993
764.2	4448
764.3	3932
764.4	3698
764.5	3524
764.6	3485
764.7	3397
764.8	3439
764.9	3415
765	3620
765.1	4008
765.2	4434
765.3	4582
765.4	4799
765.5	4922
765.6	5235
765.7	5378
765.8	5668
765.9	5760
766	5745
766.1	6196
766.2	5845
766.3	5440
766.4	5510
766.5	5767
766.6	4977
766.7	5181
766.8	4887
766.9	4525
767	4338
767.1	3959
767.2	3792
767.3	3788
767.4	3576
767.5	3547
767.6	3058
767.7	3395
767.8	3117
767.9	2663
768	2781
768.1	2513
768.2	2201
768.3	2684
768.4	2157
768.5	2219
768.6	2361
768.7	1851
768.8	1645
768.9	1768
769	2174
769.1	1652
769.2	1830
769.3	1817
769.4	1615
769.5	1765
769.6	1669
769.7	1711
769.8	1711
769.9	1721
770	1841
770.1	1807
770.2	1718
770.3	1605
770.4	1636
770.5	1739
770.6	1527
770.7	1554
770.8	1506
770.9	1421
771	1517
771.1	1565
771.2	1548
771.3	1381
771.4	1602
771.5	1753
771.6	1592
771.7	1394
771.8	1347
771.9	1442
772	1911
772.1	1729
772.2	1538
772.3	1552
772.4	1480
772.5	1317
772.6	1692
772.7	1300
772.8	1256
772.9	1263
773	1310
773.1	1467
773.2	1416
773.3	1324
773.4	1665
773.5	1328
773.6	1389
773.7	1413
773.8	1389
773.9	1433
774	1365
774.1	1645
774.2	1772
774.3	1413
774.4	1635
774.5	1386
774.6	1516
774.7	1471
774.8	1485
774.9	1721
775	1312
775.1	1574
775.2	1543
775.3	1349
775.4	1455
775.5	1619
775.6	1571
775.7	1200
775.8	1972
775.9	1773
776	1869
776.1	1910
776.2	1941
776.3	1766
776.4	1808
776.5	1928
776.6	2152
776.7	2453
776.8	2763
776.9	2672
777	2966
777.1	2941
777.2	3427
777.3	3682
777.4	4320
777.5	4479
777.6	5393
777.7	5346
777.8	5893
777.9	6524
778	6193
778.1	6082
778.2	6301
778.3	5893
778.4	5812
778.5	5717
778.6	5467
778.7	5011
778.8	4942
778.9	4888
779	4775
779.1	4541
779.2	4444
779.3	4354
779.4	4527
779.5	4329
779.6	4153
779.7	3793
779.8	4111
779.9	3868
780	3694
780.1	3591
780.2	3407
780.3	3319
780.4	2940
780.5	2877
780.6	2835
780.7	3024
780.8	3003
780.9	2550
781	2912
781.1	2567
781.2	2435
781.3	2539
781.4	2203
781.5	2404
781.6	2290
781.7	2045
781.8	2166
781.9	2276
782	2470
782.1	2610
782.2	2287
782.3	2111
782.4	2568
782.5	2812
782.6	2519
782.7	2395
782.8	2784
782.9	2715
783	3117
783.1	2489
783.2	2502
783.3	2729
783.4	2900
783.5	2426
783.6	2458
783.7	2205
783.8	2656
783.9	2520
784	2527
784.1	3030
784.2	3251
784.3	3566
784.4	3594
784.5	3502
784.6	4017
784.7	4117
784.8	3811
784.9	3889
785	3563
785.1	3294
785.2	3428
785.3	3284
785.4	3443
785.5	3797
785.6	3499
785.7	3453
785.8	3542
785.9	3606
786	3599
786.1	3826
786.2	4136
786.3	4108
786.4	4592
786.5	4954
786.6	5344
786.7	5377
786.8	5469
786.9	5406
787	5674
787.1	5388
787.2	5623
787.3	5206
787.4	5213
787.5	5458
787.6	5159
787.7	4879
787.8	5042
787.9	4988
788	5028
788.1	5112
788.2	4959
788.3	4532
788.4	4688
788.5	4460
788.6	4572
788.7	4152
788.8	4174
788.9	4655
789	4446
789.1	4382
789.2	4109
789.3	4511
789.4	4519
789.5	4753
789.6	4996
789.7	4949
789.8	5317
789.9	5291
790	5919
790.1	5923
790.2	6186
790.3	6368
790.4	6424
790.5	7175
790.6	7073
790.7	7402
790.8	7870
790.9	8366
791	8866
791.1	9837
791.2	10901
791.3	11355
791.4	12641
791.5	14329
791.6	16740
791.7	19278
791.8	22568
791.9	26384
792	30550
792.1	35714
792.2	38411
792.3	38784
792.4	35923
792.5	32578
792.6	29604
792.7	27697
792.8	26958
792.9	28213
793	29984
793.1	31100
793.2	30787
793.3	28623
793.4	25648
793.5	22370
793.6	19936
793.7	18441
793.8	17092
793.9	16827
794	16926
794.1	17537
794.2	18543
794.3	19747
794.4	22118
794.5	25182
794.6	29149
794.7	34541
794.8	42070
794.9	51507
795	61438
795.1	70341
795.2	76499
795.3	76302
795.4	70471
795.5	61660
795.6	51089
795.7	43027
795.8	36103
795.9	30294
796	25271
796.1	22277
796.2	19244
796.3	16905
796.4	15610
796.5	14058
796.6	12719
796.7	11440
796.8	10888
796.9	10023
797	9587
797.1	9489
797.2	9241
797.3	8455
797.4	8312
797.5	8564
797.6	8630
797.7	8676
797.8	9183
797.9	9904
798	11535
798.1	13051
798.2	14982
798.3	17644
798.4	21384
798.5	23980
798.6	24789
798.7	24021
798.8	21287
798.9	18829
799	16436
799.1	14601
799.2	13068
799.3	12405
799.4	11687
799.5	11161
799.6	10324
799.7	10088
799.8	9898
799.9	9668
800	9345
800.1	9436
800.2	9578
800.3	9633
800.4	9562
800.5	9791
800.6	10432
800.7	10081
800.8	9748
800.9	9334
801	8771
801.1	8527
801.2	8092
801.3	8180
801.4	7606
801.5	7599
801.6	7606
801.7	7295
801.8	7050
801.9	7451
802	7717
802.1	8211
802.2	8881
802.3	9241
802.4	9903
802.5	10658
802.6	11411
802.7	12030
802.8	12907
802.9	14186
803	14868
803.1	16260
803.2	18170
803.3	18995
803.4	21124
803.5	23399
803.6	25982
803.7	29233
803.8	32454
803.9	35949
804	40388
804.1	45341
804.2	50219
804.3	53026
804.4	54609
804.5	54062
804.6	52324
804.7	51070
804.8	49941
804.9	48500
805	46143
805.1	43518
805.2	40886
805.3	38905
805.4	37193
805.5	36742
805.6	37051
805.7	37578
805.8	38175
805.9	38552
806	37833
806.1	37794
806.2	36614
806.3	35811
806.4	35126
806.5	35326
806.6	36122
806.7	38195
806.8	40707
806.9	44081
807	47120
807.1	50459
807.2	53002
807.3	53383
807.4	54240
807.5	53478
807.6	52565
807.7	53210
807.8	55668
807.9	61156
808	69693
808.1	81846
808.2	96474
808.3	110847
808.4	118419
808.5	116118
808.6	106370
808.7	93503
808.8	79424
808.9	66428
809	56589
809.1	48894
809.2	42213
809.3	36731
809.4	32439
809.5	28828
809.6	25369
809.7	23064
809.8	20770
809.9	19252
810	17624
810.1	16025
810.2	15176
810.3	14634
810.4	15211
810.5	14165
810.6	14110
810.7	14152
810.8	15155
810.9	15273
811	16327
811.1	17771
811.2	18860
811.3	21207
811.4	22356
811.5	24812
811.6	26353
811.7	27714
811.8	29283
811.9	29848
812	30955
812.1	31967
812.2	32697
812.3	33742
812.4	35167
812.5	36043
812.6	37030
812.7	38816
812.8	39895
812.9	40925
813	40745
813.1	40614
813.2	38391
813.3	35840
813.4	32103
813.5	28126
813.6	24875
813.7	21281
813.8	18425
813.9	16413
814	14584
814.1	13056
814.2	12339
814.3	11191
814.4	10201
814.5	9193
814.6	8725
814.7	8737
814.8	8373
814.9	8288
815	8780
815.1	8062
815.2	7901
815.3	7928
815.4	8679
815.5	8955
815.6	9166
815.7	9551
815.8	10305
815.9	10650
816	11362
816.1	11837
816.2	12986
816.3	14250
816.4	15136
816.5	16858
816.6	18081
816.7	19898
816.8	22305
816.9	25039
817	28206
817.1	30964
817.2	33738
817.3	36008
817.4	36326
817.5	35736
817.6	32599
817.7	29320
817.8	25874
817.9	22261
818	18981
818.1	15804
818.2	14264
818.3	12462
818.4	10849
818.5	9341
818.6	8895
818.7	8137
818.8	7173
818.9	6408
819	6126
819.1	6293
819.2	5080
819.3	5105
819.4	5357
819.5	4833
819.6	4746
819.7	5018
819.8	5022
819.9	5062
820	5768
820.1	5672
820.2	5735
820.3	6245
820.4	6850
820.5	7450
820.6	8384
820.7	9083
820.8	10468
820.9	11557
821	13431
821.1	15384
821.2	17608
821.3	19532
821.4	21520
821.5	23364
821.6	24688
821.7	25057
821.8	24487
821.9	23097
822	20642
822.1	18002
822.2	15293
822.3	13368
822.4	11094
822.5	9280
822.6	8312
822.7	7829
822.8	6870
822.9	5781
823	5253
823.1	4944
823.2	4528
823.3	4144
823.4	4331
823.5	4306
823.6	3984
823.7	3834
823.8	3710
823.9	3746
824	4184
824.1	3888
824.2	4131
824.3	4209
824.4	4349
824.5	3703
824.6	4403
824.7	4238
824.8	4472
824.9	4181
825	4113
825.1	4357
825.2	4231
825.3	4353
825.4	4085
825.5	3974
825.6	3669
825.7	3729
825.8	3850
825.9	2783
826	3203
826.1	2814
826.2	2609
826.3	1993
826.4	2342
826.5	2793
826.6	1959
826.7	1918
826.8	2128
826.9	2004
827	1935
827.1	1880
827.2	1661
827.3	2042
827.4	1870
827.5	1171
827.6	1904
827.7	1242
827.8	1918
827.9	2374
828	2056
828.1	2235
828.2	2391
828.3	2826
828.4	2360
828.5	2885
828.6	2868
828.7	3317
828.8	3148
828.9	3328
829	3589
829.1	3173
829.2	3720
829.3	3458
829.4	3395
829.5	3607
829.6	3339
829.7	2984
829.8	2956
829.9	2925
830	3044
