# Optical absorption spectrum of Program fragment delivered error ``Can't call method "sample_" on an undefined value at abs.template line 1.'':YLF (Nd:LiYF4)
# assuming unity concentration per meter.  This data was part of the NASA 
# Laser Spectra Database found on the web until December of 2005 which
# was created by Pat Cross working at NASA Langley Research Center, Internal
# Operations Group, Aerospace Electronics Systems Division, Remote Sensing.
#
# The spectra was collected by MS on  5 January 1988 and was 
# annotated on 28 January 1988.  The sample name was "" was a 4.1000
# long piece of :.   
# The incident light had unknown polarization.
#
# Spectra were recorded from 325 to 830nm
# every 0.2nm at room temperature.
#
# FILE NAME ON PE-3600 = 001 NYLF5.SP ON PC = 001NYLF5.SP NO_POINTS = 2526. pts DATA_INTV = 0.000200 µm MIN_LAMBDA = 0.325000 µm MIN_DATA = 0. MAX_LAMBDA = 0.830000 µm MAX_DATA = 34350.0 SCANSPEED = .015 µm/min SLITWIDTH= 0.00010 µmITA = 0. RESP = 1.0 sec ISMS = 0. DATE=88/01/05 INST = 509. ? = 0. POLARIZED ND:YLF SPECTRA. CRYSTALS FROM AIRTRON. PLASTIC POLARIZERS USED. ONLY 95% POLARIZED AT 810NM. MORE POL. AT SHORTER WAVELENGTHS TO 400. LESS POLARIZED LONGER THAN 810NM AND SHORTER THAN 400NM. STORM converted by Mark Storm. header added by hand. ND:YLF,AIRTRON,.162 IN THICK,A-AXIS,PERP. TO AWIND.
#
##Wavelength (nm)	Absorbance (/meter) 
325	1609
325.2	1568
325.4	1821
325.6	1638
325.8	1523
326	1884
326.2	2622
326.4	1960
326.6	1804
326.8	1962
327	2203
327.2	2222
327.4	1964
327.6	1998
327.8	2103
328	1921
328.2	2486
328.4	2626
328.6	1831
328.8	1362
329	2110
329.2	2117
329.4	1737
329.6	1887
329.8	1736
330	1647
330.2	1592
330.4	1379
330.6	1206
330.8	1546
331	1616
331.2	1784
331.4	507
331.6	191
331.8	323
332	809
332.2	1178
332.4	918
332.6	1015
332.8	870
333	740
333.2	417
333.4	783
333.6	582
333.8	541
334	377
334.2	379
334.4	822
334.6	428
334.8	329
335	100
335.2	451
335.4	261
335.6	1
335.8	1
336	73
336.2	616
336.4	512
336.6	748
336.8	332
337	98
337.2	513
337.4	134
337.6	145
337.8	617
338	542
338.2	850
338.4	818
338.6	1054
338.8	147
339	131
339.2	568
339.4	585
339.6	624
339.8	235
340	445
340.2	723
340.4	610
340.6	212
340.8	455
341	507
341.2	561
341.4	608
341.6	563
341.8	1411
342	754
342.2	257
342.4	320
342.6	1127
342.8	763
343	1534
343.2	505
343.4	980
343.6	825
343.8	873
344	759
344.2	625
344.4	843
344.6	745
344.8	895
345	1186
345.2	1102
345.4	1066
345.6	1658
345.8	1847
346	2456
346.2	3068
346.4	3308
346.6	4174
346.8	5018
347	5508
347.2	4773
347.4	3402
347.6	3791
347.8	2980
348	2710
348.2	2296
348.4	2715
348.6	3040
348.8	3112
349	3086
349.2	2667
349.4	4150
349.6	4625
349.8	6574
350	7420
350.2	6452
350.4	6456
350.6	6606
350.8	5387
351	4394
351.2	3395
351.4	3630
351.6	3536
351.8	3003
352	2862
352.2	3112
352.4	3548
352.6	3337
352.8	3465
353	3586
353.2	2632
353.4	2280
353.6	2952
353.8	2936
354	2734
354.2	2887
354.4	4509
354.6	4913
354.8	3759
355	3863
355.2	4590
355.4	5373
355.6	9305
355.8	14340
356	9523
356.2	8803
356.4	7550
356.6	4941
356.8	3645
357	2492
357.2	2435
357.4	3118
357.6	3094
357.8	1942
358	1396
358.2	1734
358.4	1662
358.6	1079
358.8	1166
359	977
359.2	761
359.4	85
359.6	468
359.8	402
360	149
360.2	513
360.4	636
360.6	342
360.8	828
361	804
361.2	143
361.4	479
361.6	45
361.8	281
362	1
362.2	1
362.4	86
362.6	248
362.8	343
363	1
363.2	296
363.4	437
363.6	1
363.8	1
364	156
364.2	1
364.4	88
364.6	152
364.8	538
365	6
365.2	1
365.4	1
365.6	1
365.8	401
366	1
366.2	90
366.4	142
366.6	306
366.8	326
367	239
367.2	1
367.4	226
367.6	333
367.8	103
368	45
368.2	74
368.4	456
368.6	760
368.8	40
369	856
369.2	455
369.4	399
369.6	1
369.8	4
370	248
370.2	373
370.4	1
370.6	608
370.8	89
371	495
371.2	762
371.4	590
371.6	118
371.8	271
372	1
372.2	1
372.4	1
372.6	965
372.8	332
373	1
373.2	284
373.4	437
373.6	66
373.8	927
374	153
374.2	1
374.4	372
374.6	1
374.8	560
375	462
375.2	75
375.4	650
375.6	575
375.8	24
376	585
376.2	480
376.4	234
376.6	1
376.8	1
377	1
377.2	1
377.4	1170
377.6	859
377.8	318
378	1
378.2	1410
378.4	1
378.6	905
378.8	1
379	863
379.2	293
379.4	23
379.6	50
379.8	127
380	1
380.2	1
380.4	1
380.6	104
380.8	349
381	1
381.2	95
381.4	155
381.6	524
381.8	303
382	600
382.2	1
382.4	358
382.6	560
382.8	479
383	61
383.2	156
383.4	211
383.6	507
383.8	395
384	260
384.2	1
384.4	150
384.6	1
384.8	1
385	290
385.2	285
385.4	450
385.6	255
385.8	453
386	71
386.2	142
386.4	133
386.6	1
386.8	321
387	359
387.2	137
387.4	86
387.6	344
387.8	358
388	147
388.2	142
388.4	367
388.6	40
388.8	18
389	99
389.2	161
389.4	62
389.6	344
389.8	590
390	421
390.2	1
390.4	139
390.6	255
390.8	392
391	361
391.2	246
391.4	1
391.6	259
391.8	171
392	239
392.2	203
392.4	1
392.6	1
392.8	274
393	377
393.2	376
393.4	67
393.6	1
393.8	97
394	124
394.2	93
394.4	187
394.6	367
394.8	55
395	146
395.2	257
395.4	116
395.6	57
395.8	236
396	1
396.2	101
396.4	1
396.6	1
396.8	22
397	61
397.2	1
397.4	1
397.6	62
397.8	1
398	1
398.2	1
398.4	287
398.6	186
398.8	1
399	94
399.2	98
399.4	98
399.6	71
399.8	1
400	26
400.2	31
400.4	66
400.6	1
400.8	1
401	33
401.2	31
401.4	1
401.6	1
401.8	1
402	6
402.2	42
402.4	153
402.6	132
402.8	1
403	165
403.2	340
403.4	99
403.6	48
403.8	1
404	1
404.2	1
404.4	1
404.6	311
404.8	23
405	1
405.2	1
405.4	1
405.6	1
405.8	81
406	93
406.2	246
406.4	204
406.6	179
406.8	1
407	1
407.2	83
407.4	1
407.6	1
407.8	12
408	41
408.2	94
408.4	1
408.6	1
408.8	1
409	1
409.2	1
409.4	1
409.6	1
409.8	145
410	1
410.2	1
410.4	1
410.6	37
410.8	182
411	316
411.2	194
411.4	1
411.6	1
411.8	144
412	303
412.2	1
412.4	29
412.6	16
412.8	106
413	1
413.2	1
413.4	1
413.6	1
413.8	1
414	1
414.2	1
414.4	1
414.6	1
414.8	74
415	28
415.2	83
415.4	1
415.6	1
415.8	41
416	1
416.2	41
416.4	1
416.6	1
416.8	105
417	91
417.2	1
417.4	1
417.6	8
417.8	1
418	294
418.2	223
418.4	1
418.6	183
418.8	139
419	23
419.2	182
419.4	1
419.6	1
419.8	1
420	1
420.2	121
420.4	1
420.6	1
420.8	95
421	1
421.2	1
421.4	1
421.6	117
421.8	207
422	92
422.2	1
422.4	1
422.6	1
422.8	1
423	1
423.2	1
423.4	151
423.6	65
423.8	1
424	81
424.2	1
424.4	48
424.6	142
424.8	175
425	295
425.2	197
425.4	262
425.6	71
425.8	83
426	124
426.2	1
426.4	274
426.6	264
426.8	240
427	135
427.2	324
427.4	1576
427.6	3093
427.8	766
428	1
428.2	120
428.4	1
428.6	1
428.8	88
429	249
429.2	134
429.4	208
429.6	50
429.8	363
430	501
430.2	1
430.4	1
430.6	35
430.8	1
431	33
431.2	6
431.4	1
431.6	1
431.8	110
432	124
432.2	89
432.4	75
432.6	1
432.8	1
433	1
433.2	1
433.4	1
433.6	60
433.8	1
434	1
434.2	1
434.4	1
434.6	1
434.8	1
435	1
435.2	1
435.4	1
435.6	1
435.8	1
436	1
436.2	1
436.4	1
436.6	1
436.8	1
437	1
437.2	1
437.4	1
437.6	1
437.8	1
438	1
438.2	1
438.4	1
438.6	1
438.8	1
439	16
439.2	31
439.4	1
439.6	1
439.8	113
440	1
440.2	1
440.4	1
440.6	1
440.8	6
441	1
441.2	1
441.4	1
441.6	21
441.8	74
442	1
442.2	1
442.4	1
442.6	1
442.8	1
443	1
443.2	1
443.4	1
443.6	1
443.8	1
444	1
444.2	1
444.4	1
444.6	1
444.8	103
445	28
445.2	128
445.4	1
445.6	1
445.8	1
446	125
446.2	52
446.4	1
446.6	1
446.8	1
447	1
447.2	1
447.4	131
447.6	21
447.8	144
448	167
448.2	1
448.4	8
448.6	164
448.8	32
449	1
449.2	10
449.4	112
449.6	255
449.8	1
450	54
450.2	1
450.4	103
450.6	176
450.8	136
451	256
451.2	237
451.4	149
451.6	98
451.8	20
452	220
452.2	186
452.4	131
452.6	73
452.8	178
453	347
453.2	296
453.4	390
453.6	585
453.8	580
454	728
454.2	639
454.4	788
454.6	965
454.8	973
455	1232
455.2	1347
455.4	1445
455.6	1304
455.8	1163
456	980
456.2	775
456.4	800
456.6	880
456.8	893
457	740
457.2	739
457.4	774
457.6	737
457.8	693
458	684
458.2	786
458.4	911
458.6	991
458.8	823
459	1033
459.2	1233
459.4	1116
459.6	1098
459.8	982
460	988
460.2	991
460.4	991
460.6	587
460.8	671
461	770
461.2	581
461.4	492
461.6	545
461.8	280
462	437
462.2	533
462.4	400
462.6	448
462.8	383
463	552
463.2	360
463.4	497
463.6	540
463.8	612
464	572
464.2	519
464.4	485
464.6	402
464.8	262
465	242
465.2	192
465.4	12
465.6	62
465.8	147
466	165
466.2	277
466.4	353
466.6	363
466.8	295
467	238
467.2	330
467.4	327
467.6	376
467.8	512
468	314
468.2	337
468.4	497
468.6	708
468.8	800
469	949
469.2	905
469.4	608
469.6	340
469.8	147
470	447
470.2	347
470.4	533
470.6	281
470.8	353
471	312
471.2	354
471.4	255
471.6	445
471.8	323
472	259
472.2	294
472.4	323
472.6	357
472.8	598
473	502
473.2	565
473.4	487
473.6	433
473.8	475
474	742
474.2	1032
474.4	1896
474.6	3579
474.8	2903
475	2341
475.2	1783
475.4	1135
475.6	502
475.8	632
476	544
476.2	578
476.4	585
476.6	651
476.8	996
477	1036
477.2	1341
477.4	2177
477.6	3073
477.8	3538
478	2523
478.2	1521
478.4	1044
478.6	648
478.8	493
479	602
479.2	614
479.4	713
479.6	527
479.8	350
480	250
480.2	354
480.4	237
480.6	233
480.8	1
481	140
481.2	104
481.4	196
481.6	29
481.8	1
482	221
482.2	85
482.4	1
482.6	1
482.8	1
483	1
483.2	32
483.4	1
483.6	1
483.8	6
484	125
484.2	169
484.4	1
484.6	1
484.8	128
485	1
485.2	1
485.4	1
485.6	69
485.8	99
486	1
486.2	1
486.4	106
486.6	199
486.8	259
487	1
487.2	1
487.4	162
487.6	1
487.8	1
488	1
488.2	1
488.4	1
488.6	1
488.8	1
489	1
489.2	1
489.4	1
489.6	1
489.8	1
490	175
490.2	93
490.4	6
490.6	1
490.8	23
491	1
491.2	1
491.4	2
491.6	22
491.8	1
492	7
492.2	11
492.4	1
492.6	13
492.8	95
493	42
493.2	20
493.4	10
493.6	25
493.8	33
494	197
494.2	16
494.4	234
494.6	105
494.8	226
495	83
495.2	274
495.4	164
495.6	204
495.8	195
496	241
496.2	311
496.4	422
496.6	395
496.8	445
497	572
497.2	617
497.4	614
497.6	716
497.8	700
498	751
498.2	855
498.4	921
498.6	904
498.8	897
499	1192
499.2	1166
499.4	1193
499.6	1121
499.8	1216
500	1409
500.2	1302
500.4	1375
500.6	1262
500.8	1254
501	1314
501.2	1347
501.4	1303
501.6	1222
501.8	1196
502	1138
502.2	1175
502.4	1336
502.6	1207
502.8	1153
503	1252
503.2	1271
503.4	1266
503.6	1313
503.8	1295
504	1405
504.2	1369
504.4	1539
504.6	1441
504.8	1352
505	1236
505.2	1394
505.4	1425
505.6	1504
505.8	1576
506	1907
506.2	1914
506.4	2244
506.6	2452
506.8	3042
507	3271
507.2	3638
507.4	3696
507.6	3118
507.8	2547
508	2324
508.2	1888
508.4	1716
508.6	1750
508.8	1619
509	1747
509.2	1990
509.4	2305
509.6	2687
509.8	3099
510	3636
510.2	3948
510.4	4338
510.6	4556
510.8	4554
511	4306
511.2	4186
511.4	3555
511.6	3219
511.8	2866
512	2692
512.2	2670
512.4	2524
512.6	2415
512.8	2318
513	2489
513.2	2459
513.4	2747
513.6	2635
513.8	2654
514	2504
514.2	2330
514.4	2576
514.6	2482
514.8	2418
515	2321
515.2	2022
515.4	1973
515.6	2237
515.8	2069
516	2493
516.2	2652
516.4	2522
516.6	2433
516.8	2300
517	2114
517.2	2068
517.4	1796
517.6	1748
517.8	1700
518	1828
518.2	1562
518.4	1634
518.6	1637
518.8	1860
519	1876
519.2	2066
519.4	2467
519.6	2805
519.8	3422
520	4479
520.2	6557
520.4	10322
520.6	16331
520.8	20164
521	16819
521.2	12827
521.4	12285
521.6	12086
521.8	8414
522	5486
522.2	3841
522.4	3083
522.6	2484
522.8	2287
523	2189
523.2	2247
523.4	2508
523.6	3103
523.8	4001
524	6084
524.2	9446
524.4	9924
524.6	9456
524.8	8411
525	8396
525.2	7947
525.4	6244
525.6	4672
525.8	3667
526	3036
526.2	2513
526.4	2273
526.6	1961
526.8	1643
527	1624
527.2	1755
527.4	2022
527.6	2233
527.8	2855
528	3966
528.2	3761
528.4	3257
528.6	2651
528.8	2556
529	2735
529.2	2716
529.4	2463
529.6	2201
529.8	1818
530	1400
530.2	1158
530.4	1216
530.6	1366
530.8	1364
531	1504
531.2	1746
531.4	1356
531.6	1060
531.8	757
532	650
532.2	772
532.4	442
532.6	375
532.8	226
533	214
533.2	21
533.4	125
533.6	188
533.8	205
534	90
534.2	337
534.4	301
534.6	185
534.8	274
535	220
535.2	172
535.4	498
535.6	426
535.8	364
536	276
536.2	119
536.4	147
536.6	40
536.8	1
537	93
537.2	64
537.4	1
537.6	1
537.8	1
538	1
538.2	23
538.4	170
538.6	227
538.8	576
539	725
539.2	698
539.4	563
539.6	341
539.8	29
540	1
540.2	1
540.4	1
540.6	23
540.8	1
541	1
541.2	33
541.4	1
541.6	1
541.8	1
542	1
542.2	97
542.4	63
542.6	1
542.8	1
543	1
543.2	1
543.4	71
543.6	1
543.8	1
544	1
544.2	1
544.4	1
544.6	18
544.8	1
545	1
545.2	1
545.4	1
545.6	1
545.8	1
546	1
546.2	8
546.4	1
546.6	1
546.8	1
547	1
547.2	1
547.4	1
547.6	1
547.8	1
548	109
548.2	1
548.4	5
548.6	1
548.8	1
549	1
549.2	25
549.4	1
549.6	1
549.8	1
550	1
550.2	1
550.4	1
550.6	1
550.8	1
551	8
551.2	41
551.4	1
551.6	1
551.8	1
552	1
552.2	1
552.4	1
552.6	20
552.8	1
553	1
553.2	1
553.4	1
553.6	1
553.8	1
554	1
554.2	27
554.4	1
554.6	1
554.8	1
555	48
555.2	24
555.4	1
555.6	1
555.8	5
556	137
556.2	1
556.4	206
556.6	92
556.8	2
557	1
557.2	1
557.4	1
557.6	83
557.8	278
558	147
558.2	250
558.4	53
558.6	355
558.8	1
559	83
559.2	128
559.4	204
559.6	463
559.8	356
560	224
560.2	207
560.4	518
560.6	535
560.8	732
561	401
561.2	534
561.4	417
561.6	523
561.8	503
562	641
562.2	784
562.4	723
562.6	580
562.8	1011
563	1084
563.2	827
563.4	968
563.6	844
563.8	970
564	923
564.2	1117
564.4	1351
564.6	1355
564.8	940
565	1210
565.2	1169
565.4	1646
565.6	2006
565.8	2702
566	3505
566.2	5348
566.4	7796
566.6	10282
566.8	10290
567	8492
567.2	6302
567.4	4772
567.6	3756
567.8	3195
568	2589
568.2	2577
568.4	2430
568.6	2664
568.8	2839
569	2925
569.2	2569
569.4	2771
569.6	2894
569.8	3019
570	3290
570.2	3590
570.4	3950
570.6	4888
570.8	5514
571	6077
571.2	6892
571.4	7567
571.6	9283
571.8	11375
572	14666
572.2	18253
572.4	19873
572.6	17927
572.8	14987
573	12395
573.2	10504
573.4	9185
573.6	8496
573.8	8799
574	8703
574.2	8892
574.4	8813
574.6	8236
574.8	7634
575	7077
575.2	6933
575.4	6351
575.6	6036
575.8	5950
576	6087
576.2	6212
576.4	6492
576.6	6765
576.8	7542
577	8103
577.2	8743
577.4	10536
577.6	12670
577.8	17097
578	21909
578.2	23963
578.4	22587
578.6	20540
578.8	20161
579	20758
579.2	18902
579.4	14684
579.6	11587
579.8	10059
580	9641
580.2	9271
580.4	8979
580.6	8708
580.8	8501
581	8300
581.2	8579
581.4	9097
581.6	10618
581.8	12484
582	14848
582.2	17664
582.4	21231
582.6	23046
582.8	20501
583	16447
583.2	13082
583.4	11034
583.6	10022
583.8	9243
584	9038
584.2	8824
584.4	8938
584.6	9164
584.8	9807
585	10189
585.2	10054
585.4	8743
585.6	8106
585.8	7056
586	6789
586.2	6981
586.4	7383
586.6	7692
586.8	8425
587	9363
587.2	9561
587.4	9278
587.6	8766
587.8	8866
588	9085
588.2	10356
588.4	12219
588.6	14705
588.8	15311
589	13645
589.2	10915
589.4	8280
589.6	6731
589.8	5478
590	4460
590.2	3722
590.4	3514
590.6	2854
590.8	2463
591	2101
591.2	1788
591.4	1835
591.6	1612
591.8	1589
592	1519
592.2	1428
592.4	1220
592.6	1235
592.8	1093
593	999
593.2	908
593.4	963
593.6	774
593.8	454
594	779
594.2	548
594.4	894
594.6	417
594.8	496
595	868
595.2	775
595.4	880
595.6	876
595.8	1084
596	1192
596.2	1051
596.4	1271
596.6	1408
596.8	1512
597	1631
597.2	1700
597.4	1796
597.6	1305
597.8	920
598	624
598.2	510
598.4	368
598.6	576
598.8	292
599	379
599.2	355
599.4	227
599.6	505
599.8	250
600	194
600.2	359
600.4	504
600.6	714
600.8	1000
601	636
601.2	715
601.4	541
601.6	437
601.8	90
602	123
602.2	65
602.4	32
602.6	1
602.8	1
603	187
603.2	229
603.4	1
603.6	1
603.8	1
604	1
604.2	1
604.4	1
604.6	1
604.8	5
605	1
605.2	63
605.4	1
605.6	1
605.8	1
606	1
606.2	1
606.4	1
606.6	1
606.8	1
607	1
607.2	226
607.4	13
607.6	1
607.8	1
608	1
608.2	1
608.4	1
608.6	1
608.8	1
609	1
609.2	1
609.4	1
609.6	1
609.8	1
610	1
610.2	6
610.4	1
610.6	1
610.8	1
611	46
611.2	1
611.4	1
611.6	1
611.8	1
612	1
612.2	1
612.4	1
612.6	1
612.8	1
613	1
613.2	1
613.4	1
613.6	1
613.8	52
614	1
614.2	1
614.4	1
614.6	1
614.8	1
615	1
615.2	1
615.4	1
615.6	20
615.8	1
616	1
616.2	1
616.4	1
616.6	1
616.8	1
617	1
617.2	100
617.4	1
617.6	1
617.8	1
618	1
618.2	1
618.4	1
618.6	1
618.8	54
619	12
619.2	205
619.4	1
619.6	1
619.8	99
620	78
620.2	1
620.4	128
620.6	136
620.8	1
621	36
621.2	89
621.4	1
621.6	1
621.8	77
622	7
622.2	1
622.4	1
622.6	141
622.8	1
623	1
623.2	1
623.4	130
623.6	1
623.8	1
624	1
624.2	1
624.4	6
624.6	85
624.8	309
625	374
625.2	263
625.4	187
625.6	12
625.8	461
626	748
626.2	952
626.4	940
626.6	795
626.8	425
627	302
627.2	174
627.4	136
627.6	36
627.8	71
628	186
628.2	196
628.4	69
628.6	1
628.8	1
629	1
629.2	1
629.4	18
629.6	1
629.8	28
630	219
630.2	12
630.4	123
630.6	1
630.8	1
631	1
631.2	1
631.4	171
631.6	63
631.8	104
632	64
632.2	1
632.4	1
632.6	1
632.8	9
633	1
633.2	1
633.4	1
633.6	1
633.8	1
634	1
634.2	1
634.4	1
634.6	1
634.8	1
635	1
635.2	1
635.4	1
635.6	1
635.8	139
636	1
636.2	69
636.4	1
636.6	48
636.8	1
637	1
637.2	33
637.4	1
637.6	1
637.8	1
638	1
638.2	1
638.4	1
638.6	1
638.8	1
639	1
639.2	1
639.4	1
639.6	1
639.8	1
640	1
640.2	191
640.4	1
640.6	1
640.8	1
641	1
641.2	1
641.4	1
641.6	1
641.8	1
642	1
642.2	1
642.4	1
642.6	1
642.8	1
643	1
643.2	1
643.4	1
643.6	223
643.8	1
644	1
644.2	1
644.4	1
644.6	1
644.8	1
645	1
645.2	1
645.4	1
645.6	234
645.8	1
646	1
646.2	1
646.4	1
646.6	50
646.8	1
647	147
647.2	206
647.4	1
647.6	1
647.8	1
648	82
648.2	1
648.4	1
648.6	1
648.8	1
649	1
649.2	1
649.4	1
649.6	1
649.8	1
650	1
650.2	135
650.4	1
650.6	68
650.8	1
651	1
651.2	183
651.4	1
651.6	1
651.8	1
652	1
652.2	68
652.4	1
652.6	54
652.8	1
653	1
653.2	1
653.4	1
653.6	1
653.8	1
654	1
654.2	1
654.4	1
654.6	1
654.8	120
655	1
655.2	1
655.4	45
655.6	1
655.8	1
656	1
656.2	1
656.4	1
656.6	46
656.8	1
657	1
657.2	1
657.4	1
657.6	1
657.8	1
658	29
658.2	1
658.4	58
658.6	1
658.8	1
659	1
659.2	1
659.4	1
659.6	1
659.8	1
660	61
660.2	1
660.4	1
660.6	1
660.8	1
661	1
661.2	1
661.4	1
661.6	179
661.8	1
662	73
662.2	1
662.4	1
662.6	100
662.8	1
663	1
663.2	1
663.4	1
663.6	1
663.8	105
664	231
664.2	37
664.4	1
664.6	1
664.8	1
665	1
665.2	1
665.4	144
665.6	41
665.8	96
666	135
666.2	255
666.4	12
666.6	1
666.8	108
667	1
667.2	95
667.4	205
667.6	1
667.8	1
668	329
668.2	85
668.4	233
668.6	213
668.8	6
669	249
669.2	236
669.4	57
669.6	225
669.8	122
670	290
670.2	252
670.4	111
670.6	296
670.8	575
671	298
671.2	705
671.4	1010
671.6	1757
671.8	2432
672	2392
672.2	2187
672.4	1466
672.6	1125
672.8	1038
673	339
673.2	500
673.4	343
673.6	6
673.8	311
674	423
674.2	129
674.4	251
674.6	211
674.8	1
675	222
675.2	134
675.4	284
675.6	371
675.8	49
676	486
676.2	498
676.4	512
676.6	987
676.8	1112
677	780
677.2	1288
677.4	1303
677.6	1402
677.8	1503
678	975
678.2	833
678.4	949
678.6	462
678.8	664
679	738
679.2	549
679.4	734
679.6	874
679.8	560
680	1409
680.2	1495
680.4	1180
680.6	915
680.8	924
681	743
681.2	566
681.4	771
681.6	662
681.8	593
682	869
682.2	785
682.4	932
682.6	534
682.8	651
683	781
683.2	1017
683.4	1205
683.6	1415
683.8	1383
684	1653
684.2	1205
684.4	1046
684.6	827
684.8	887
685	822
685.2	601
685.4	498
685.6	611
685.8	377
686	63
686.2	331
686.4	1
686.6	394
686.8	332
687	1
687.2	120
687.4	152
687.6	29
687.8	71
688	1
688.2	1
688.4	1
688.6	1
688.8	85
689	1
689.2	1
689.4	173
689.6	231
689.8	1
690	201
690.2	1
690.4	1
690.6	1
690.8	192
691	1
691.2	1
691.4	1
691.6	84
691.8	1
692	1
692.2	1
692.4	1
692.6	1
692.8	30
693	49
693.2	1
693.4	1
693.6	122
693.8	1
694	1
694.2	34
694.4	1
694.6	31
694.8	1
695	314
695.2	84
695.4	468
695.6	30
695.8	1
696	353
696.2	159
696.4	1
696.6	420
696.8	1
697	226
697.2	1
697.4	1
697.6	1
697.8	20
698	1
698.2	39
698.4	12
698.6	1
698.8	1
699	1
699.2	1
699.4	90
699.6	32
699.8	1
700	1
700.2	1
700.4	1
700.6	1
700.8	279
701	1
701.2	1
701.4	226
701.6	1
701.8	1
702	1
702.2	1
702.4	405
702.6	369
702.8	1
703	16
703.2	1
703.4	1
703.6	1
703.8	85
704	1
704.2	1
704.4	9
704.6	63
704.8	102
705	1
705.2	1
705.4	1
705.6	1
705.8	1
706	154
706.2	1
706.4	1
706.6	7
706.8	1
707	1
707.2	1
707.4	1
707.6	23
707.8	1
708	1
708.2	1
708.4	1
708.6	173
708.8	182
709	60
709.2	202
709.4	1
709.6	1
709.8	49
710	101
710.2	113
710.4	1
710.6	1
710.8	1
711	406
711.2	38
711.4	1
711.6	1
711.8	1
712	1
712.2	1
712.4	1
712.6	1
712.8	1
713	1
713.2	53
713.4	1
713.6	214
713.8	1
714	1
714.2	99
714.4	1
714.6	1
714.8	1
715	48
715.2	161
715.4	1
715.6	1
715.8	1
716	1
716.2	1
716.4	209
716.6	199
716.8	216
717	273
717.2	316
717.4	314
717.6	92
717.8	1
718	1
718.2	195
718.4	49
718.6	39
718.8	93
719	100
719.2	1
719.4	63
719.6	479
719.8	1
720	92
720.2	166
720.4	276
720.6	428
720.8	482
721	589
721.2	617
721.4	492
721.6	129
721.8	604
722	674
722.2	307
722.4	529
722.6	611
722.8	644
723	333
723.2	844
723.4	548
723.6	479
723.8	738
724	634
724.2	631
724.4	709
724.6	821
724.8	654
725	741
725.2	1069
725.4	1257
725.6	853
725.8	960
726	859
726.2	982
726.4	851
726.6	800
726.8	909
727	1049
727.2	1153
727.4	1118
727.6	1513
727.8	1507
728	1507
728.2	1351
728.4	1589
728.6	1888
728.8	1628
729	1622
729.2	1683
729.4	1939
729.6	2198
729.8	2774
730	2658
730.2	2882
730.4	3136
730.6	3665
730.8	4422
731	5009
731.2	5452
731.4	7049
731.6	9216
731.8	12942
732	17965
732.2	25558
732.4	31147
732.6	34141
732.8	34350
733	32769
733.2	29956
733.4	25009
733.6	19750
733.8	15404
734	11917
734.2	9560
734.4	7356
734.6	6233
734.8	5491
735	4998
735.2	3999
735.4	4557
735.6	4022
735.8	3650
736	3845
736.2	3519
736.4	3177
736.6	3294
736.8	3419
737	3799
737.2	4325
737.4	4181
737.6	4347
737.8	4173
738	4736
738.2	5030
738.4	5957
738.6	6971
738.8	7571
739	8293
739.2	8931
739.4	8602
739.6	7702
739.8	6889
740	7152
740.2	7702
740.4	7726
740.6	8137
740.8	8314
741	8905
741.2	9637
741.4	11467
741.6	12945
741.8	14393
742	14797
742.2	14806
742.4	13046
742.6	11796
742.8	10505
743	9505
743.2	8788
743.4	8647
743.6	7925
743.8	8259
744	8357
744.2	9106
744.4	9379
744.6	10442
744.8	11747
745	12580
745.2	13335
745.4	13884
745.6	14358
745.8	14979
746	15047
746.2	15397
746.4	15728
746.6	16533
746.8	17045
747	17151
747.2	18312
747.4	19367
747.6	20614
747.8	21366
748	21857
748.2	20916
748.4	19417
748.6	18232
748.8	17775
749	17569
749.2	17085
749.4	16229
749.6	15836
749.8	13642
750	11895
750.2	10332
750.4	9115
750.6	8224
750.8	8191
751	7245
751.2	6810
751.4	6784
751.6	6713
751.8	6666
752	6376
752.2	6111
752.4	6201
752.6	6301
752.8	6066
753	5710
753.2	5660
753.4	5187
753.6	4623
753.8	4273
754	4137
754.2	3747
754.4	3331
754.6	2694
754.8	2408
755	2472
755.2	2303
755.4	1579
755.6	1572
755.8	1876
756	1950
756.2	1905
756.4	1889
756.6	1746
756.8	1109
757	1685
757.2	1303
757.4	1521
757.6	1399
757.8	1253
758	1196
758.2	828
758.4	1063
758.6	1308
758.8	1368
759	1210
759.2	1358
759.4	1270
759.6	1473
759.8	1552
760	1804
760.2	1448
760.4	2188
760.6	2013
760.8	1656
761	1789
761.2	2376
761.4	2718
761.6	2645
761.8	2941
762	2482
762.2	2139
762.4	2575
762.6	1912
762.8	1492
763	1129
763.2	917
763.4	1126
763.6	884
763.8	811
764	617
764.2	59
764.4	472
764.6	996
764.8	566
765	685
765.2	689
765.4	445
765.6	289
765.8	7
766	119
766.2	59
766.4	315
766.6	458
766.8	201
767	665
767.2	235
767.4	274
767.6	431
767.8	300
768	387
768.2	1057
768.4	509
768.6	1032
768.8	818
769	754
769.2	1343
769.4	953
769.6	749
769.8	934
770	646
770.2	623
770.4	434
770.6	368
770.8	405
771	221
771.2	548
771.4	656
771.6	232
771.8	671
772	139
772.2	419
772.4	232
772.6	599
772.8	447
773	347
773.2	355
773.4	1
773.6	81
773.8	252
774	77
774.2	1
774.4	222
774.6	1
774.8	68
775	74
775.2	195
775.4	85
775.6	786
775.8	501
776	728
776.2	293
776.4	281
776.6	762
776.8	540
777	425
777.2	565
777.4	1110
777.6	510
777.8	726
778	632
778.2	689
778.4	800
778.6	849
778.8	1374
779	984
779.2	1004
779.4	1413
779.6	1264
779.8	1168
780	1147
780.2	881
780.4	1226
780.6	1146
780.8	1530
781	1241
781.2	1709
781.4	1535
781.6	927
781.8	1084
782	738
782.2	1383
782.4	727
782.6	1556
782.8	1479
783	1454
783.2	1681
783.4	2217
783.6	2623
783.8	2764
784	3377
784.2	3777
784.4	4643
784.6	6052
784.8	7036
785	7844
785.2	8308
785.4	7631
785.6	7405
785.8	6686
786	6010
786.2	4761
786.4	4024
786.6	3849
786.8	3294
787	3068
787.2	2728
787.4	2365
787.6	2701
787.8	1795
788	2369
788.2	2713
788.4	2317
788.6	3013
788.8	3225
789	3347
789.2	3383
789.4	3999
789.6	4094
789.8	3979
790	4026
790.2	4308
790.4	3890
790.6	4429
790.8	4930
791	6558
791.2	7781
791.4	9177
791.6	10501
791.8	12781
792	12721
792.2	11239
792.4	9673
792.6	7859
792.8	7060
793	6334
793.2	6380
793.4	4684
793.6	4844
793.8	4748
794	4716
794.2	5427
794.4	5282
794.6	5531
794.8	5367
795	6310
795.2	6608
795.4	7422
795.6	9101
795.8	10566
796	13197
796.2	17847
796.4	22530
796.6	27897
796.8	29800
797	29605
797.2	28728
797.4	26406
797.6	23371
797.8	19614
798	15311
798.2	11321
798.4	9480
798.6	8367
798.8	7514
799	6503
799.2	6484
799.4	6290
799.6	6295
799.8	6569
800	6466
800.2	7222
800.4	6924
800.6	6443
800.8	6920
801	8241
801.2	8984
801.4	9367
801.6	9096
801.8	9954
802	10486
802.2	9644
802.4	9669
802.6	9425
802.8	8765
803	8712
803.2	8921
803.4	9290
803.6	10231
803.8	10083
804	10737
804.2	11519
804.4	13697
804.6	14462
804.8	17074
805	18974
805.2	19550
805.4	20806
805.6	21881
805.8	21494
806	21327
806.2	18625
806.4	17396
806.6	16086
806.8	14118
807	13477
807.2	13085
807.4	12238
807.6	12335
807.8	13836
808	14470
808.2	15247
808.4	16903
808.6	17701
808.8	16811
809	15806
809.2	13815
809.4	12489
809.6	10654
809.8	9803
810	8011
810.2	6597
810.4	7024
810.6	6133
810.8	5174
811	4415
811.2	4411
811.4	4292
811.6	4186
811.8	3582
812	3842
812.2	3574
812.4	3112
812.6	3250
812.8	3426
813	3107
813.2	2582
813.4	2720
813.6	2387
813.8	2556
814	1895
814.2	1833
814.4	2006
814.6	1498
814.8	1388
815	1248
815.2	1040
815.4	1392
815.6	950
815.8	1048
816	767
816.2	371
816.4	321
816.6	823
816.8	87
817	94
817.2	266
817.4	395
817.6	658
817.8	923
818	958
818.2	351
818.4	209
818.6	573
818.8	374
819	382
819.2	435
819.4	241
819.6	249
819.8	576
820	1
820.2	24
820.4	879
820.6	630
820.8	153
821	469
821.2	1
821.4	1
821.6	76
821.8	1193
822	695
822.2	711
822.4	1219
822.6	370
822.8	473
823	1
823.2	1
823.4	1
823.6	263
823.8	241
824	1258
824.2	618
824.4	1
824.6	90
824.8	1
825	204
825.2	865
825.4	1278
825.6	580
825.8	1269
826	1739
826.2	1433
826.4	1026
826.6	1089
826.8	820
827	480
827.2	525
827.4	648
827.6	1
827.8	318
828	1
828.2	201
828.4	332
828.6	460
828.8	461
829	505
829.2	366
829.4	346
829.6	308
829.8	392
830	582
