# Optical absorption spectrum of Program fragment delivered error ``Can't call method "sample_" on an undefined value at abs.template line 1.'':YVO4 (Nd:YVO4)
# assuming unity concentration per meter.  This data was part of the NASA 
# Laser Spectra Database found on the web until December of 2005 which
# was created by Pat Cross working at NASA Langley Research Center, Internal
# Operations Group, Aerospace Electronics Systems Division, Remote Sensing.
#
# The spectra was collected by MS on 11 March 1988 and was 
# annotated on 18 March 1988.  The sample name was "" was a 1.6000
# long piece of :.   
# The incident light had unknown polarization.
#
# Spectra were recorded from 325 to 840nm
# every 0.2nm at room temperature.
#
# FILE NAME ON PE-3600 = 001 NYVO4.SP ON PC = 001NYVO4.SP NO_POINTS = 2576. pts DATA_INTV = 0.000200 µm MIN_LAMBDA = 0.325000 µm MIN_DATA = 0. MAX_LAMBDA = 0.840000 µm MAX_DATA = .598120E6 SCANSPEED = .015 µm/minSLITWIDTH = 0.00020 µmITA = 0. RESP = 0.5 sec ISMS = 0. DATE=88/03/11 INST = 509. ? = 0. THIS IS ND:YVO4 SPECTRA FROM A SAMPLE PROVIDED BY MILT BIRNBAUM THE SAMPLE IS MULTI-COLOR THAT IS NOT UNIFORM. SCATTERING LOSSES AT THE SURFACE WERE LARGE BECAUSE OF POOR SURFACE QUALITY.INTERNA LOSSES UNKNOWN. SEE NYVO3 FOR MORE COMMENTS. STORM shortside is A (or B) axis (å polar or ordinary ray) converted by Mark Storm. header added by hand ND:YVO4,1%ND,1.60MM THICK,BIRNBAUM,SHORT SIDE,STORM.
#
##Wavelength (nm)	Absorbance (/meter) 
325	356118
325.2	357441
325.4	404893
325.6	356141
325.8	442792
326	468141
326.2	357479
326.4	598121
326.6	339182
326.8	433195
327	352404
327.2	351198
327.4	399530
327.6	421090
327.8	364569
328	379649
328.2	424901
328.4	460868
328.6	529539
328.8	511566
329	402248
329.2	575646
329.4	379700
329.6	417590
329.8	448377
330	411020
330.2	575646
330.4	381659
330.6	402306
330.8	358991
331	414261
331.2	364691
331.4	351350
331.6	402341
331.8	359027
332	575646
332.2	411097
332.4	414310
332.6	405154
332.8	379820
333	486374
333.2	575646
333.4	529709
333.6	405189
333.8	438077
334	399764
334.2	486415
334.4	476787
334.6	425126
334.8	383796
335	367872
335.2	397254
335.4	438131
335.6	438138
335.8	429200
336	408178
336.2	468502
336.4	497884
336.6	575646
336.8	468522
337	360577
337.2	390237
337.4	575646
337.6	443206
337.8	575646
338	402558
338.2	378135
338.4	402571
338.6	425259
338.8	433611
339	425272
339.2	575646
339.4	448703
339.6	411344
339.8	388128
340	383966
340.2	381988
340.4	399975
340.6	575646
340.8	369643
341	334903
341.2	369656
341.4	323981
341.6	333110
341.8	333116
342	301554
342.2	284667
342.4	271388
342.6	254589
342.8	245178
343	240553
343.2	226612
343.4	219131
343.6	207121
343.8	198692
344	189094
344.2	175906
344.4	169870
344.6	158864
344.8	154473
345	147426
345.2	139746
345.4	132332
345.6	128918
345.8	121592
346	115255
346.2	109653
346.4	105322
346.6	98332
346.8	94425
347	89834
347.2	86326
347.4	81192
347.6	77932
347.8	73380
348	69886
348.2	68186
348.4	65614
348.6	61994
348.8	58915
349	56384
349.2	54156
349.4	51365
349.6	49601
349.8	46693
350	45805
350.2	44217
350.4	40088
350.6	38263
350.8	37739
351	36065
351.2	35910
351.4	33419
351.6	32730
351.8	32547
352	31746
352.2	30239
352.4	29723
352.6	28081
352.8	28310
353	30471
353.2	33985
353.4	36193
353.6	40275
353.8	44606
354	54721
354.2	69888
354.4	90388
354.6	100652
354.8	82195
355	60894
355.2	49395
355.4	43448
355.6	40534
355.8	41784
356	42515
356.2	42495
356.4	42204
356.6	42888
356.8	46152
357	47963
357.2	47535
357.4	42298
357.6	36736
357.8	32998
358	31308
358.2	31186
358.4	30860
358.6	29694
358.8	29259
359	30099
359.2	30852
359.4	33661
359.6	36487
359.8	36893
360	35862
360.2	31082
360.4	29775
360.6	26300
360.8	26436
361	27252
361.2	27529
361.4	27574
361.6	28344
361.8	33862
362	35434
362.2	38039
362.4	31328
362.6	23178
362.8	19453
363	19352
363.2	19808
363.4	20899
363.6	19601
363.8	17016
364	15389
364.2	14566
364.4	15850
364.6	15954
364.8	16141
365	15091
365.2	13073
365.4	9574
365.6	8603
365.8	7633
366	5798
366.2	5915
366.4	5812
366.6	4852
366.8	4783
367	4204
367.2	3530
367.4	4424
367.6	4686
367.8	3648
368	3944
368.2	3667
368.4	2928
368.6	4691
368.8	3477
369	2829
369.2	3202
369.4	2888
369.6	2875
369.8	2776
370	2683
370.2	2893
370.4	1402
370.6	3234
370.8	2168
371	2407
371.2	2323
371.4	1303
371.6	2005
371.8	1763
372	1292
372.2	2755
372.4	2514
372.6	1284
372.8	1895
373	2585
373.2	1759
373.4	1274
373.6	1417
373.8	1513
374	2310
374.2	1908
374.4	1904
374.6	2036
374.8	2856
375	3937
375.2	2456
375.4	2124
375.6	1246
375.8	3003
376	2000
376.2	2931
376.4	1578
376.6	2815
376.8	4441
377	2423
377.2	2017
377.4	1530
377.6	3185
377.8	2320
378	1787
378.2	3445
378.4	1424
378.6	2033
378.8	3111
379	1202
379.2	2861
379.4	1659
379.6	2124
379.8	1702
380	1991
380.2	2295
380.4	1322
380.6	2308
380.8	1823
381	1648
381.2	1963
381.4	1547
381.6	2196
381.8	2006
382	1520
382.2	2036
382.4	2133
382.6	1680
382.8	1759
383	1894
383.2	2087
383.4	1788
383.6	2452
383.8	1469
384	1791
384.2	2081
384.4	1699
384.6	1646
384.8	1628
385	2339
385.2	2153
385.4	2104
385.6	2931
385.8	1901
386	1403
386.2	2681
386.4	2605
386.6	1663
386.8	1632
387	2184
387.2	1470
387.4	1296
387.6	2076
387.8	2181
388	1311
388.2	1659
388.4	2285
388.6	1990
388.8	1235
389	2011
389.2	1464
389.4	1173
389.6	1711
389.8	1807
390	1375
390.2	1535
390.4	1409
390.6	1704
390.8	1725
391	1589
391.2	1142
391.4	1458
391.6	1348
391.8	2089
392	1200
392.2	1550
392.4	1480
392.6	1610
392.8	1666
393	1409
393.2	2040
393.4	1559
393.6	1907
393.8	2095
394	1323
394.2	1709
394.4	1235
394.6	1869
394.8	1881
395	1933
395.2	1526
395.4	1739
395.6	1183
395.8	1563
396	1771
396.2	1314
396.4	1257
396.6	1621
396.8	1424
397	1619
397.2	1237
397.4	1033
397.6	1153
397.8	1381
398	1476
398.2	2011
398.4	1556
398.6	1244
398.8	1494
399	1246
399.2	1492
399.4	1931
399.6	1586
399.8	1476
400	1419
400.2	1414
400.4	1374
400.6	1616
400.8	2068
401	1138
401.2	1870
401.4	1516
401.6	1390
401.8	1057
402	1211
402.2	1141
402.4	1715
402.6	1841
402.8	1731
403	1025
403.2	1664
403.4	1580
403.6	1445
403.8	1387
404	1664
404.2	2072
404.4	1840
404.6	901
404.8	1395
405	1407
405.2	1540
405.4	1561
405.6	1179
405.8	1264
406	2080
406.2	1370
406.4	1516
406.6	1441
406.8	1744
407	1357
407.2	1872
407.4	1710
407.6	1272
407.8	1327
408	1719
408.2	1809
408.4	1813
408.6	1477
408.8	1411
409	1679
409.2	1478
409.4	1603
409.6	1836
409.8	1440
410	1344
410.2	1149
410.4	1126
410.6	1241
410.8	1175
411	1024
411.2	1255
411.4	1296
411.6	1494
411.8	1015
412	1630
412.2	1266
412.4	1441
412.6	1431
412.8	1060
413	1489
413.2	1548
413.4	1331
413.6	1546
413.8	1467
414	1370
414.2	991
414.4	1463
414.6	1418
414.8	1150
415	1252
415.2	1622
415.4	1573
415.6	1321
415.8	1066
416	1629
416.2	1451
416.4	1471
416.6	721
416.8	1059
417	1024
417.2	1569
417.4	1745
417.6	1234
417.8	1314
418	1042
418.2	1333
418.4	864
418.6	1395
418.8	1269
419	1241
419.2	1210
419.4	1437
419.6	1668
419.8	1201
420	1329
420.2	1418
420.4	1598
420.6	1290
420.8	1487
421	1253
421.2	1605
421.4	963
421.6	1102
421.8	930
422	1340
422.2	1373
422.4	1333
422.6	1284
422.8	1459
423	1807
423.2	1676
423.4	1843
423.6	1625
423.8	1905
424	1428
424.2	1186
424.4	867
424.6	1552
424.8	1318
425	1437
425.2	1049
425.4	1550
425.6	1196
425.8	1186
426	842
426.2	1445
426.4	1374
426.6	1679
426.8	1302
427	1335
427.2	1004
427.4	1182
427.6	1490
427.8	1432
428	690
428.2	1308
428.4	1651
428.6	1292
428.8	1299
429	1581
429.2	1519
429.4	1341
429.6	1057
429.8	1222
430	1250
430.2	1009
430.4	1470
430.6	1160
430.8	1013
431	1707
431.2	1270
431.4	1016
431.6	1667
431.8	1381
432	1384
432.2	1121
432.4	1475
432.6	1680
432.8	1588
433	1784
433.2	2225
433.4	2656
433.6	5185
433.8	13383
434	28797
434.2	13743
434.4	4695
434.6	3203
434.8	2067
435	1797
435.2	1618
435.4	1880
435.6	1636
435.8	1725
436	2417
436.2	2516
436.4	2061
436.6	1916
436.8	2349
437	2749
437.2	3408
437.4	3553
437.6	2998
437.8	2044
438	1644
438.2	1298
438.4	1541
438.6	1949
438.8	1190
439	766
439.2	807
439.4	682
439.6	1285
439.8	929
440	1158
440.2	1314
440.4	1026
440.6	832
440.8	997
441	1093
441.2	1108
441.4	706
441.6	929
441.8	915
442	1083
442.2	911
442.4	1169
442.6	1073
442.8	986
443	1142
443.2	1140
443.4	883
443.6	906
443.8	675
444	627
444.2	633
444.4	1013
444.6	858
444.8	844
445	592
445.2	840
445.4	457
445.6	683
445.8	893
446	892
446.2	788
446.4	807
446.6	958
446.8	1028
447	1077
447.2	926
447.4	899
447.6	490
447.8	1070
448	1195
448.2	934
448.4	978
448.6	1083
448.8	894
449	798
449.2	707
449.4	917
449.6	737
449.8	858
450	560
450.2	680
450.4	640
450.6	994
450.8	1069
451	613
451.2	933
451.4	804
451.6	937
451.8	935
452	721
452.2	923
452.4	688
452.6	902
452.8	658
453	791
453.2	985
453.4	953
453.6	912
453.8	838
454	802
454.2	665
454.4	908
454.6	970
454.8	870
455	877
455.2	930
455.4	974
455.6	414
455.8	1196
456	1343
456.2	979
456.4	1121
456.6	983
456.8	972
457	1076
457.2	1019
457.4	940
457.6	1006
457.8	1153
458	1044
458.2	1174
458.4	1006
458.6	1093
458.8	862
459	1084
459.2	1364
459.4	1421
459.6	1308
459.8	1220
460	1398
460.2	1310
460.4	1342
460.6	1293
460.8	1586
461	1721
461.2	1783
461.4	1841
461.6	2158
461.8	2156
462	2287
462.2	2764
462.4	2761
462.6	3079
462.8	3345
463	3740
463.2	4237
463.4	4051
463.6	4147
463.8	4055
464	3432
464.2	3447
464.4	3339
464.6	3371
464.8	3149
465	3270
465.2	3709
465.4	3379
465.6	3448
465.8	3295
466	3126
466.2	3084
466.4	2797
466.6	2655
466.8	2831
467	3136
467.2	2805
467.4	2772
467.6	3313
467.8	3042
468	3150
468.2	3310
468.4	3356
468.6	3169
468.8	3263
469	2857
469.2	2868
469.4	2761
469.6	2749
469.8	2621
470	2657
470.2	3079
470.4	2788
470.6	2620
470.8	2774
471	2541
471.2	2595
471.4	2289
471.6	2023
471.8	2171
472	2139
472.2	2089
472.4	2125
472.6	2218
472.8	2519
473	2694
473.2	2810
473.4	2450
473.6	2530
473.8	2868
474	2830
474.2	2432
474.4	2291
474.6	2159
474.8	1962
475	2029
475.2	2151
475.4	2634
475.6	2889
475.8	3359
476	4198
476.2	4191
476.4	3528
476.6	3024
476.8	2140
477	1995
477.2	2053
477.4	1865
477.6	1970
477.8	2110
478	1481
478.2	1954
478.4	2167
478.6	2299
478.8	2387
479	2758
479.2	3474
479.4	3006
479.6	2533
479.8	3378
480	3402
480.2	3092
480.4	2897
480.6	2916
480.8	2778
481	2933
481.2	3057
481.4	3247
481.6	3253
481.8	3545
482	3626
482.2	3324
482.4	3502
482.6	3455
482.8	3422
483	2972
483.2	2847
483.4	3440
483.6	3345
483.8	3673
484	3843
484.2	3368
484.4	2575
484.6	2092
484.8	2262
485	2104
485.2	1968
485.4	2017
485.6	1839
485.8	2236
486	1744
486.2	1485
486.4	1078
486.6	1148
486.8	1124
487	1050
487.2	777
487.4	909
487.6	1072
487.8	710
488	775
488.2	946
488.4	892
488.6	734
488.8	820
489	1079
489.2	764
489.4	913
489.6	755
489.8	836
490	665
490.2	428
490.4	564
490.6	544
490.8	748
491	766
491.2	751
491.4	875
491.6	1016
491.8	1170
492	930
492.2	599
492.4	576
492.6	674
492.8	550
493	753
493.2	532
493.4	550
493.6	351
493.8	507
494	404
494.2	276
494.4	424
494.6	510
494.8	520
495	580
495.2	540
495.4	550
495.6	631
495.8	632
496	596
496.2	560
496.4	453
496.6	505
496.8	590
497	491
497.2	669
497.4	465
497.6	651
497.8	762
498	604
498.2	576
498.4	510
498.6	550
498.8	589
499	637
499.2	722
499.4	648
499.6	692
499.8	651
500	754
500.2	709
500.4	509
500.6	813
500.8	844
501	656
501.2	603
501.4	659
501.6	686
501.8	688
502	933
502.2	720
502.4	890
502.6	673
502.8	712
503	718
503.2	837
503.4	759
503.6	655
503.8	1006
504	805
504.2	773
504.4	720
504.6	717
504.8	938
505	1015
505.2	1050
505.4	904
505.6	1222
505.8	1067
506	1200
506.2	1435
506.4	1406
506.6	1361
506.8	1776
507	1607
507.2	1336
507.4	1631
507.6	1641
507.8	1775
508	1699
508.2	1765
508.4	1903
508.6	2140
508.8	1773
509	2195
509.2	2330
509.4	2612
509.6	2410
509.8	2727
510	3160
510.2	3240
510.4	3447
510.6	3743
510.8	3872
511	3777
511.2	4181
511.4	4534
511.6	4660
511.8	4823
512	5112
512.2	5344
512.4	5531
512.6	5659
512.8	5920
513	6324
513.2	6685
513.4	7164
513.6	7543
513.8	7723
514	8651
514.2	9208
514.4	9104
514.6	9220
514.8	9063
515	8207
515.2	8043
515.4	7504
515.6	7319
515.8	6930
516	6377
516.2	6808
516.4	6772
516.6	6621
516.8	6475
517	5922
517.2	5983
517.4	6217
517.6	6536
517.8	7311
518	7677
518.2	7076
518.4	6279
518.6	5705
518.8	5457
519	5708
519.2	5732
519.4	5966
519.6	6374
519.8	6463
520	6959
520.2	7472
520.4	8296
520.6	8806
520.8	8793
521	9260
521.2	9938
521.4	10594
521.6	12207
521.8	13915
522	15708
522.2	17747
522.4	19349
522.6	19696
522.8	18649
523	16196
523.2	13486
523.4	10829
523.6	9109
523.8	7529
524	7018
524.2	5966
524.4	5790
524.6	5568
524.8	5470
525	4967
525.2	5351
525.4	4978
525.6	4895
525.8	4628
526	4584
526.2	4849
526.4	4734
526.6	4637
526.8	4997
527	5308
527.2	5653
527.4	5773
527.6	6768
527.8	8620
528	11348
528.2	16813
528.4	26255
528.6	35833
528.8	30565
529	19448
529.2	12768
529.4	9305
529.6	7711
529.8	7185
530	6991
530.2	7420
530.4	7338
530.6	7065
530.8	7916
531	8403
531.2	8490
531.4	9260
531.6	11103
531.8	13928
532	18664
532.2	28051
532.4	47542
532.6	73930
532.8	61829
533	40395
533.2	33440
533.4	35190
533.6	36004
533.8	29984
534	22231
534.2	17177
534.4	13526
534.6	11196
534.8	10308
535	10275
535.2	10909
535.4	11909
535.6	13344
535.8	14347
536	15787
536.2	17512
536.4	16794
536.6	15456
536.8	14945
537	12928
537.2	11371
537.4	11681
537.6	11210
537.8	11221
538	10371
538.2	10421
538.4	11140
538.6	9834
538.8	7866
539	5895
539.2	4845
539.4	4166
539.6	3559
539.8	3115
540	2977
540.2	2589
540.4	2521
540.6	2643
540.8	2696
541	2616
541.2	2500
541.4	1957
541.6	1945
541.8	1581
542	1454
542.2	916
542.4	1026
542.6	1011
542.8	1222
543	874
543.2	968
543.4	1133
543.6	794
543.8	795
544	416
544.2	597
544.4	519
544.6	683
544.8	914
545	1172
545.2	1005
545.4	1048
545.6	1159
545.8	1290
546	879
546.2	1048
546.4	334
546.6	223
546.8	191
547	446
547.2	447
547.4	615
547.6	416
547.8	118
548	589
548.2	449
548.4	512
548.6	881
548.8	573
549	166
549.2	454
549.4	202
549.6	269
549.8	574
550	563
550.2	556
550.4	332
550.6	600
550.8	551
551	815
551.2	888
551.4	700
551.6	869
551.8	862
552	637
552.2	1137
552.4	505
552.6	569
552.8	1052
553	1040
553.2	552
553.4	728
553.6	570
553.8	826
554	631
554.2	620
554.4	704
554.6	563
554.8	849
555	737
555.2	738
555.4	1357
555.6	1214
555.8	951
556	910
556.2	777
556.4	1122
556.6	1334
556.8	734
557	660
557.2	929
557.4	842
557.6	521
557.8	890
558	1156
558.2	1026
558.4	889
558.6	1256
558.8	1126
559	1266
559.2	1631
559.4	1674
559.6	1464
559.8	1355
560	1335
560.2	1810
560.4	1481
560.6	1317
560.8	1597
561	936
561.2	1257
561.4	1418
561.6	1187
561.8	1066
562	849
562.2	1346
562.4	1297
562.6	1192
562.8	1485
563	1300
563.2	1669
563.4	1496
563.6	1573
563.8	2123
564	1601
564.2	2010
564.4	1645
564.6	1562
564.8	1686
565	1504
565.2	1777
565.4	1574
565.6	1766
565.8	1597
566	1811
566.2	1922
566.4	1915
566.6	2112
566.8	1806
567	1654
567.2	1778
567.4	1728
567.6	2070
567.8	2190
568	2560
568.2	1902
568.4	1840
568.6	2242
568.8	1409
569	1715
569.2	1856
569.4	1785
569.6	1782
569.8	1830
570	1470
570.2	2108
570.4	2268
570.6	2449
570.8	2553
571	2356
571.2	2327
571.4	2483
571.6	2214
571.8	2446
572	2520
572.2	2384
572.4	2672
572.6	2695
572.8	2528
573	2986
573.2	3361
573.4	3401
573.6	3467
573.8	3582
574	3338
574.2	3978
574.4	3742
574.6	3861
574.8	4215
575	4251
575.2	4327
575.4	4293
575.6	4844
575.8	4916
576	4846
576.2	5510
576.4	6013
576.6	6584
576.8	6990
577	7570
577.2	7595
577.4	8482
577.6	9459
577.8	10350
578	11833
578.2	13974
578.4	16792
578.6	21342
578.8	27351
579	37673
579.2	54467
579.4	77701
579.6	92854
579.8	79413
580	55876
580.2	40318
580.4	32970
580.6	30719
580.8	31932
581	32492
581.2	27413
581.4	21204
581.6	17436
581.8	15320
582	14959
582.2	14782
582.4	14569
582.6	15790
582.8	17067
583	18554
583.2	20470
583.4	22165
583.6	23287
583.8	23877
584	24442
584.2	27325
584.4	29774
584.6	32384
584.8	36048
585	38086
585.2	39273
585.4	39476
585.6	38408
585.8	37321
586	35411
586.2	35806
586.4	37564
586.6	41083
586.8	44032
587	45612
587.2	45639
587.4	45077
587.6	44732
587.8	46659
588	50971
588.2	58288
588.4	68077
588.6	80610
588.8	96150
589	113977
589.2	132608
589.4	140754
589.6	134037
589.8	116881
590	97005
590.2	79343
590.4	64284
590.6	54086
590.8	46707
591	42413
591.2	40172
591.4	39704
591.6	41233
591.8	43929
592	47395
592.2	52651
592.4	59598
592.6	67985
592.8	75694
593	81519
593.2	84458
593.4	86398
593.6	86613
593.8	86565
594	86123
594.2	87012
594.4	86749
594.6	83017
594.8	77870
595	76315
595.2	77715
595.4	79985
595.6	81759
595.8	83616
596	83007
596.2	78192
596.4	71459
596.6	63123
596.8	56621
597	53066
597.2	52587
597.4	55083
597.6	60286
597.8	68118
598	74267
598.2	78605
598.4	77743
598.6	72104
598.8	63621
599	54191
599.2	45061
599.4	37794
599.6	31974
599.8	28268
600	25669
600.2	24306
600.4	24198
600.6	23703
600.8	23776
601	22230
601.2	21495
601.4	20728
601.6	19479
601.8	18150
602	16827
602.2	14958
602.4	13210
602.6	12438
602.8	11625
603	11324
603.2	10985
603.4	11360
603.6	11718
603.8	12871
604	13718
604.2	15423
604.4	16177
604.6	17292
604.8	18443
605	17839
605.2	17007
605.4	16792
605.6	15198
605.8	14126
606	12552
606.2	11066
606.4	10295
606.6	9318
606.8	8725
607	7809
607.2	7438
607.4	7355
607.6	7342
607.8	7311
608	7261
608.2	8198
608.4	8693
608.6	9580
608.8	10880
609	13110
609.2	15708
609.4	18912
609.6	23171
609.8	27052
610	30920
610.2	32868
610.4	32301
610.6	29521
610.8	25788
611	21621
611.2	17389
611.4	14376
611.6	11438
611.8	8953
612	7226
612.2	5738
612.4	4551
612.6	3935
612.8	3386
613	3109
613.2	2447
613.4	2560
613.6	1840
613.8	1934
614	1803
614.2	1694
614.4	1484
614.6	1438
614.8	1296
615	1083
615.2	1197
615.4	1395
615.6	964
615.8	1216
616	790
616.2	670
616.4	567
616.6	884
616.8	619
617	728
617.2	658
617.4	692
617.6	597
617.8	519
618	727
618.2	123
618.4	405
618.6	232
618.8	597
619	242
619.2	474
619.4	260
619.6	447
619.8	76
620	527
620.2	482
620.4	413
620.6	745
620.8	319
621	1
621.2	461
621.4	653
621.6	1
621.8	104
622	443
622.2	378
622.4	358
622.6	169
622.8	380
623	542
623.2	427
623.4	461
623.6	507
623.8	574
624	34
624.2	365
624.4	701
624.6	407
624.8	251
625	583
625.2	335
625.4	311
625.6	589
625.8	416
626	1
626.2	231
626.4	1155
626.6	847
626.8	681
627	280
627.2	25
627.4	708
627.6	909
627.8	672
628	935
628.2	632
628.4	1
628.6	244
628.8	655
629	229
629.2	1128
629.4	911
629.6	562
629.8	1034
630	1210
630.2	1657
630.4	2145
630.6	2985
630.8	3675
631	2194
631.2	1850
631.4	1366
631.6	923
631.8	1439
632	1079
632.2	1050
632.4	469
632.6	610
632.8	367
633	795
633.2	783
633.4	381
633.6	830
633.8	1286
634	1776
634.2	1823
634.4	1684
634.6	1596
634.8	1332
635	1156
635.2	1140
635.4	1099
635.6	517
635.8	1508
636	1122
636.2	1387
636.4	1350
636.6	870
636.8	691
637	505
637.2	947
637.4	989
637.6	994
637.8	1334
638	895
638.2	1440
638.4	1135
638.6	777
638.8	1086
639	874
639.2	779
639.4	580
639.6	370
639.8	20
640	325
640.2	318
640.4	675
640.6	601
640.8	851
641	847
641.2	1040
641.4	874
641.6	129
641.8	800
642	510
642.2	893
642.4	1429
642.6	566
642.8	891
643	671
643.2	208
643.4	143
643.6	131
643.8	202
644	624
644.2	397
644.4	249
644.6	308
644.8	255
645	412
645.2	256
645.4	381
645.6	274
645.8	1
646	503
646.2	317
646.4	240
646.6	158
646.8	1
647	106
647.2	226
647.4	342
647.6	342
647.8	207
648	1
648.2	81
648.4	65
648.6	350
648.8	342
649	306
649.2	1
649.4	357
649.6	560
649.8	374
650	50
650.2	306
650.4	331
650.6	294
650.8	340
651	184
651.2	486
651.4	38
651.6	355
651.8	683
652	40
652.2	102
652.4	1
652.6	1
652.8	182
653	612
653.2	233
653.4	498
653.6	333
653.8	714
654	252
654.2	1
654.4	80
654.6	299
654.8	378
655	354
655.2	392
655.4	434
655.6	306
655.8	253
656	1
656.2	259
656.4	689
656.6	380
656.8	149
657	1
657.2	1
657.4	275
657.6	111
657.8	231
658	46
658.2	71
658.4	377
658.6	1
658.8	118
659	346
659.2	58
659.4	182
659.6	294
659.8	138
660	638
660.2	102
660.4	206
660.6	1
660.8	30
661	426
661.2	237
661.4	81
661.6	1
661.8	1
662	256
662.2	1
662.4	327
662.6	229
662.8	473
663	1
663.2	1
663.4	190
663.6	1
663.8	331
664	114
664.2	329
664.4	350
664.6	1
664.8	55
665	467
665.2	163
665.4	73
665.6	481
665.8	70
666	503
666.2	1
666.4	10
666.6	1
666.8	1
667	411
667.2	214
667.4	198
667.6	1
667.8	356
668	1
668.2	303
668.4	1
668.6	62
668.8	359
669	293
669.2	31
669.4	1
669.6	411
669.8	370
670	206
670.2	346
670.4	409
670.6	463
670.8	538
671	1
671.2	1
671.4	585
671.6	289
671.8	10
672	356
672.2	373
672.4	638
672.6	494
672.8	759
673	569
673.2	483
673.4	335
673.6	617
673.8	295
674	279
674.2	251
674.4	305
674.6	433
674.8	591
675	1149
675.2	229
675.4	213
675.6	440
675.8	227
676	371
676.2	865
676.4	828
676.6	472
676.8	572
677	1134
677.2	1356
677.4	1277
677.6	1706
677.8	2185
678	2436
678.2	2650
678.4	2711
678.6	3150
678.8	3181
679	3428
679.2	3558
679.4	3685
679.6	3951
679.8	2882
680	2660
680.2	2001
680.4	1621
680.6	1634
680.8	1232
681	1421
681.2	1120
681.4	1280
681.6	1017
681.8	1164
682	591
682.2	1186
682.4	1576
682.6	1745
682.8	2016
683	2250
683.2	2459
683.4	2626
683.6	2188
683.8	2435
684	2474
684.2	2937
684.4	3106
684.6	2852
684.8	3210
685	2558
685.2	2401
685.4	1761
685.6	1939
685.8	1330
686	1255
686.2	1477
686.4	1478
686.6	744
686.8	1366
687	974
687.2	663
687.4	1246
687.6	1649
687.8	1595
688	1680
688.2	1938
688.4	1769
688.6	1703
688.8	2168
689	1468
689.2	2038
689.4	1390
689.6	2069
689.8	1900
690	1824
690.2	2108
690.4	2389
690.6	2492
690.8	2959
691	3231
691.2	3752
691.4	3665
691.6	3202
691.8	2730
692	2351
692.2	1995
692.4	1599
692.6	1293
692.8	1436
693	986
693.2	1748
693.4	1045
693.6	929
693.8	1225
694	951
694.2	852
694.4	881
694.6	687
694.8	1308
695	974
695.2	1171
695.4	921
695.6	495
695.8	764
696	27
696.2	952
696.4	795
696.6	775
696.8	862
697	780
697.2	776
697.4	719
697.6	641
697.8	414
698	460
698.2	1
698.4	226
698.6	399
698.8	227
699	1080
699.2	1022
699.4	670
699.6	1190
699.8	899
700	1137
700.2	672
700.4	1268
700.6	1524
700.8	1202
701	600
701.2	1186
701.4	725
701.6	514
701.8	577
702	913
702.2	943
702.4	525
702.6	200
702.8	188
703	671
703.2	618
703.4	247
703.6	984
703.8	627
704	524
704.2	782
704.4	720
704.6	394
704.8	609
705	833
705.2	379
705.4	458
705.6	835
705.8	794
706	484
706.2	588
706.4	1
706.6	45
706.8	292
707	834
707.2	367
707.4	657
707.6	233
707.8	654
708	945
708.2	933
708.4	214
708.6	445
708.8	264
709	113
709.2	591
709.4	699
709.6	311
709.8	267
710	308
710.2	800
710.4	631
710.6	549
710.8	421
711	1
711.2	217
711.4	378
711.6	17
711.8	713
712	30
712.2	901
712.4	681
712.6	380
712.8	881
713	287
713.2	8
713.4	132
713.6	482
713.8	586
714	586
714.2	15
714.4	1
714.6	295
714.8	1
715	572
715.2	1
715.4	309
715.6	1
715.8	677
716	446
716.2	674
716.4	340
716.6	588
716.8	696
717	403
717.2	157
717.4	520
717.6	355
717.8	521
718	385
718.2	1
718.4	53
718.6	1
718.8	1
719	317
719.2	149
719.4	1
719.6	1
719.8	258
720	1
720.2	588
720.4	321
720.6	202
720.8	867
721	55
721.2	1
721.4	36
721.6	480
721.8	390
722	522
722.2	238
722.4	494
722.6	1
722.8	211
723	1
723.2	1
723.4	134
723.6	604
723.8	1
724	5
724.2	63
724.4	826
724.6	466
724.8	343
725	142
725.2	488
725.4	382
725.6	103
725.8	83
726	498
726.2	623
726.4	809
726.6	835
726.8	451
727	225
727.2	604
727.4	555
727.6	937
727.8	498
728	788
728.2	1
728.4	1
728.6	810
728.8	699
729	443
729.2	1453
729.4	795
729.6	680
729.8	272
730	219
730.2	909
730.4	376
730.6	336
730.8	493
731	633
731.2	845
731.4	597
731.6	738
731.8	888
732	1180
732.2	1022
732.4	1243
732.6	1156
732.8	965
733	1806
733.2	1270
733.4	1408
733.6	585
733.8	1350
734	1313
734.2	1051
734.4	1503
734.6	1327
734.8	1869
735	1445
735.2	929
735.4	1752
735.6	1644
735.8	2218
736	1762
736.2	2503
736.4	1860
736.6	1877
736.8	1382
737	1680
737.2	1874
737.4	2310
737.6	1355
737.8	2057
738	2007
738.2	2427
738.4	2236
738.6	1470
738.8	1962
739	2068
739.2	2907
739.4	2515
739.6	2464
739.8	3050
740	3724
740.2	3417
740.4	3869
740.6	4746
740.8	5608
741	6765
741.2	8606
741.4	10547
741.6	13900
741.8	18809
742	26511
742.2	40283
742.4	62554
742.6	84485
742.8	80609
743	56756
743.2	39296
743.4	27358
743.6	20261
743.8	15630
744	12650
744.2	10597
744.4	9402
744.6	8328
744.8	9066
745	8394
745.2	8455
745.4	10203
745.6	11532
745.8	14432
746	17978
746.2	22919
746.4	30283
746.6	36439
746.8	36111
747	31504
747.2	24826
747.4	21043
747.6	17709
747.8	16309
748	16735
748.2	16843
748.4	19050
748.6	21534
748.8	25110
749	28948
749.2	33037
749.4	35826
749.6	36798
749.8	37421
750	39695
750.2	43703
750.4	47477
750.6	47688
750.8	45805
751	43639
751.2	41339
751.4	41103
751.6	42532
751.8	45476
752	49641
752.2	53236
752.4	56050
752.6	57193
752.8	55681
753	51545
753.2	47886
753.4	44839
753.6	41487
753.8	40253
754	39687
754.2	39765
754.4	41322
754.6	43384
754.8	47329
755	50770
755.2	55975
755.4	60308
755.6	64033
755.8	64583
756	62704
756.2	57446
756.4	51795
756.6	45680
756.8	39817
757	34392
757.2	30524
757.4	26681
757.6	23291
757.8	21081
758	19042
758.2	17320
758.4	16378
758.6	16421
758.8	16124
759	16071
759.2	15950
759.4	16226
759.6	16369
759.8	17048
760	16620
760.2	17496
760.4	17389
760.6	16334
760.8	15444
761	15053
761.2	13158
761.4	11722
761.6	10366
761.8	9299
762	8517
762.2	7606
762.4	6245
762.6	6604
762.8	6359
763	5828
763.2	5377
763.4	4510
763.6	5703
763.8	5089
764	4718
764.2	4696
764.4	4389
764.6	4122
764.8	4931
765	4320
765.2	4132
765.4	5345
765.6	5008
765.8	5444
766	6167
766.2	6602
766.4	7850
766.6	7333
766.8	8808
767	8190
767.2	9590
767.4	9538
767.6	9696
767.8	9954
768	8393
768.2	8351
768.4	8137
768.6	7402
768.8	6411
769	5557
769.2	5357
769.4	4027
769.6	4180
769.8	4023
770	3715
770.2	3408
770.4	2683
770.6	2335
770.8	2335
771	2136
771.2	1837
771.4	1909
771.6	2583
771.8	1788
772	1227
772.2	1885
772.4	995
772.6	1412
772.8	904
773	1756
773.2	934
773.4	1951
773.6	1452
773.8	1464
774	1607
774.2	2096
774.4	2193
774.6	1978
774.8	1878
775	2645
775.2	2974
775.4	2629
775.6	3121
775.8	3388
776	2736
776.2	2685
776.4	2848
776.6	3256
776.8	2874
777	2948
777.2	2093
777.4	1946
777.6	2428
777.8	2327
778	1288
778.2	1623
778.4	1331
778.6	1335
778.8	804
779	1466
779.2	1462
779.4	627
779.6	983
779.8	830
780	1184
780.2	1018
780.4	997
780.6	136
780.8	14
781	514
781.2	125
781.4	437
781.6	1082
781.8	689
782	97
782.2	442
782.4	616
782.6	815
782.8	407
783	828
783.2	791
783.4	461
783.6	701
783.8	195
784	491
784.2	1104
784.4	876
784.6	785
784.8	1059
785	509
785.2	1135
785.4	502
785.6	646
785.8	709
786	1248
786.2	1153
786.4	1894
786.6	1920
786.8	2085
787	2709
787.2	3542
787.4	3707
787.6	4664
787.8	4489
788	4507
788.2	4793
788.4	4908
788.6	4359
788.8	3896
789	4276
789.2	3680
789.4	2530
789.6	2031
789.8	1829
790	1732
790.2	2154
790.4	2613
790.6	1545
790.8	1537
791	1793
791.2	2495
791.4	1848
791.6	1895
791.8	1891
792	2161
792.2	1976
792.4	2399
792.6	2255
792.8	2222
793	2210
793.2	1805
793.4	2308
793.6	2486
793.8	2810
794	2683
794.2	2572
794.4	2492
794.6	2416
794.8	2425
795	2137
795.2	1460
795.4	2788
795.6	1624
795.8	2473
796	2767
796.2	2478
796.4	2313
796.6	2576
796.8	2288
797	2889
797.2	2378
797.4	3738
797.6	3682
797.8	3211
798	3160
798.2	3152
798.4	3575
798.6	4411
798.8	4271
799	6027
799.2	5148
799.4	8108
799.6	8909
799.8	9415
800	11275
800.2	11095
800.4	10590
800.6	9607
800.8	8153
801	7083
801.2	7768
801.4	6171
801.6	5677
801.8	6474
802	6158
802.2	6806
802.4	6204
802.6	5545
802.8	6707
803	7596
803.2	7813
803.4	7573
803.6	9151
803.8	9827
804	11916
804.2	12832
804.4	15737
804.6	17053
804.8	21040
805	24411
805.2	29253
805.4	36073
805.6	43231
805.8	54037
806	63772
806.2	66944
806.4	61264
806.6	54740
806.8	48159
807	44827
807.2	42238
807.4	44970
807.6	51504
807.8	61889
808	77515
808.2	94985
808.4	110567
808.6	110592
808.8	96306
809	76578
809.2	60179
809.4	48651
809.6	39779
809.8	34204
810	29771
810.2	26787
810.4	24426
810.6	23892
810.8	22053
811	21113
811.2	20204
811.4	19515
811.6	19643
811.8	19098
812	20409
812.2	19027
812.4	20404
812.6	21500
812.8	21830
813	22330
813.2	22517
813.4	22319
813.6	21854
813.8	21773
814	22530
814.2	22489
814.4	24692
814.6	25406
814.8	26525
815	27818
815.2	30693
815.4	31899
815.6	36953
815.8	36418
816	37927
816.2	38401
816.4	38176
816.6	36397
816.8	35685
817	34839
817.2	31610
817.4	29220
817.6	28734
817.8	27480
818	24438
818.2	23267
818.4	21062
818.6	20408
818.8	19817
819	20863
819.2	20392
819.4	20370
819.6	20648
819.8	21644
820	21535
820.2	21265
820.4	19384
820.6	17671
820.8	17943
821	15879
821.2	14079
821.4	10890
821.6	10672
821.8	9417
822	9684
822.2	8312
822.4	8327
822.6	6752
822.8	6029
823	6232
823.2	5395
823.4	4740
823.6	4302
823.8	4816
824	4193
824.2	3793
824.4	4019
824.6	2847
824.8	3812
825	3665
825.2	2528
825.4	3303
825.6	4405
825.8	3549
826	3783
826.2	4135
826.4	3988
826.6	3060
826.8	2825
827	2349
827.2	2971
827.4	3314
827.6	3578
827.8	4138
828	2707
828.2	3678
828.4	3170
828.6	4642
828.8	4814
829	3965
829.2	4345
829.4	3171
829.6	4127
829.8	4058
830	3924
830.2	3651
830.4	3565
830.6	3457
830.8	3015
831	3096
831.2	3471
831.4	3579
831.6	3174
831.8	4061
832	4341
832.2	3688
832.4	5014
832.6	3507
832.8	4816
833	4522
833.2	4469
833.4	4795
833.6	5415
833.8	6651
834	7253
834.2	8028
834.4	9242
834.6	10392
834.8	12082
835	13672
835.2	13794
835.4	13293
835.6	14521
835.8	13780
836	11611
836.2	10496
836.4	9221
836.6	8241
836.8	6965
837	6801
837.2	6869
837.4	5532
837.6	5470
837.8	3987
838	3313
838.2	2454
838.4	3507
838.6	2078
838.8	1087
839	2583
839.2	3014
839.4	1005
839.6	2185
839.8	1446
840	1093
