# Optical absorption spectrum of Program fragment delivered error ``Can't call method "sample_" on an undefined value at abs.template line 1.'':YVO4 (Nd:YVO4)
# assuming unity concentration per meter.  This data was part of the NASA 
# Laser Spectra Database found on the web until December of 2005 which
# was created by Pat Cross working at NASA Langley Research Center, Internal
# Operations Group, Aerospace Electronics Systems Division, Remote Sensing.
#
# The spectra was collected by MS on 11 March 1988 and was 
# annotated on 18 March 1988.  The sample name was "" was a 1.6000
# long piece of :.   
# The incident light had unknown polarization.
#
# Spectra were recorded from 325 to 830nm
# every 0.2nm at room temperature.
#
# FILE NAME ON PE-3600 = 001 NYVO3.SP ON PC = 001NYVO3.SP NO_POINTS = 2526. pts DATA_INTV = 0.000200 µm MIN_LAMBDA = 0.325000 µm MIN_DATA = 0. MAX_LAMBDA = 0.830000 µm MAX_DATA = .24619E6 SCANSPEED = .015 µm/min SLITWIDTH= 0.00020 µmITA = 0. RESP = 0.5 sec ISMS = 0. DATE=88/03/11 INST = 509. ? = 0. THIS IS DATA TAKEN FROM A ND DOPED ORTHO-VANIDATE CRYSTAL PROVIDED BY MILT BIRNBAUM. THE XTAL IS 1.60MM THICK AND HAS A BLUISH-VIOLETISH COLOR THAT IS NOT UNIFORM. IN ADDITION THE SURFACE POLISH WAS VERY POOR. THE SHORT WAVELENGTH DATA I BELIEVE SHOW A SLANTED BASELINE DUE TO SCATTERING LOSSES INTERNAL AND EXTERNAL.PLASTIC POLARIZERS WERE USED INSIDE P.E. longside is identified as 'C' axis.(ã polar or extraordinary ray) converted to AU by Mark Storm. header added by hand ND:YVO4,1%ND,1.60MMTHICK,LONGSIDE,BIRNBAUM,SAME AS1.
#
##Wavelength (nm)	Absorbance (/meter) 
325	228488
325.2	224479
325.4	223611
325.6	221901
325.8	238771
326	223822
326.2	233878
326.4	229523
326.6	229152
326.8	234119
327	241107
327.2	225668
327.4	231134
327.6	227891
327.8	222200
328	228854
328.2	222736
328.4	220224
328.6	231007
328.8	233823
329	235076
329.2	229112
329.4	231445
329.6	232450
329.8	231075
330	233483
330.2	225659
330.4	218549
330.6	231120
330.8	236231
331	223759
331.2	229414
331.4	236052
331.6	225200
331.8	240009
332	227212
332.2	232594
332.4	223661
332.6	226696
332.8	229121
333	228567
333.2	233050
333.4	229534
333.6	228411
333.8	233894
334	226771
334.2	237705
334.4	231916
334.6	227906
334.8	234770
335	228112
335.2	234584
335.4	230988
335.6	229650
335.8	227048
336	233603
336.2	232807
336.4	236958
336.6	224582
336.8	233644
337	226928
337.2	231865
337.4	238089
337.6	234708
337.8	230145
338	236189
338.2	243350
338.4	229603
338.6	235172
338.8	226837
339	229066
339.2	230987
339.4	238189
339.6	227792
339.8	234818
340	230447
340.2	230074
340.4	231632
340.6	228397
340.8	233038
341	233450
341.2	228986
341.4	231096
341.6	231690
341.8	232489
342	230545
342.2	232508
342.4	233922
342.6	232726
342.8	226310
343	231954
343.2	227233
343.4	226338
343.6	226348
343.8	236262
344	233998
344.2	226736
344.4	235662
344.6	230861
344.8	236519
345	231656
345.2	226423
345.4	219793
345.6	225196
345.8	229580
346	229213
346.2	228106
346.4	238741
346.6	233512
346.8	227766
347	228884
347.2	246193
347.4	229653
347.6	229098
347.8	230431
348	234589
348.2	230449
348.4	224797
348.6	222241
348.8	217882
349	220442
349.2	217743
349.4	220623
349.6	203473
349.8	199169
350	201177
350.2	194506
350.4	190259
350.6	182718
350.8	177526
351	170574
351.2	165591
351.4	162246
351.6	148462
351.8	146300
352	136504
352.2	134716
352.4	128644
352.6	119943
352.8	115466
353	110867
353.2	106035
353.4	103245
353.6	96985
353.8	93620
354	90125
354.2	87315
354.4	83148
354.6	80062
354.8	75810
355	76091
355.2	73098
355.4	73398
355.6	74967
355.8	76075
356	79251
356.2	85555
356.4	92901
356.6	103377
356.8	104819
357	98859
357.2	85895
357.4	74898
357.6	67847
357.8	64563
358	60448
358.2	61694
358.4	60840
358.6	62351
358.8	59623
359	58968
359.2	62246
359.4	66498
359.6	72725
359.8	76768
360	72877
360.2	65127
360.4	57183
360.6	51658
360.8	45690
361	40253
361.2	39453
361.4	40441
361.6	43408
361.8	52987
362	68329
362.2	87479
362.4	76432
362.6	48172
362.8	36450
363	32388
363.2	30538
363.4	34393
363.6	40497
363.8	43283
364	46736
364.2	46066
364.4	37236
364.6	25574
364.8	20793
365	14864
365.2	14262
365.4	13348
365.6	13479
365.8	12867
366	10658
366.2	9973
366.4	9143
366.6	8383
366.8	8939
367	9230
367.2	9254
367.4	12438
367.6	14029
367.8	13658
368	10579
368.2	8305
368.4	7332
368.6	5044
368.8	6329
369	5227
369.2	4968
369.4	3710
369.6	4957
369.8	3488
370	2736
370.2	3848
370.4	4369
370.6	3892
370.8	3190
371	4456
371.2	1426
371.4	2770
371.6	3731
371.8	2991
372	2697
372.2	2906
372.4	4135
372.6	3630
372.8	3877
373	3101
373.2	2223
373.4	1835
373.6	2943
373.8	2995
374	1914
374.2	2208
374.4	3054
374.6	3488
374.8	2767
375	2347
375.2	2559
375.4	3058
375.6	3153
375.8	2407
376	2150
376.2	1614
376.4	3731
376.6	1328
376.8	1739
377	3298
377.2	1844
377.4	671
377.6	4307
377.8	4137
378	1272
378.2	1553
378.4	1762
378.6	1580
378.8	2046
379	1396
379.2	2512
379.4	2347
379.6	2554
379.8	2889
380	2011
380.2	2798
380.4	2805
380.6	2546
380.8	2075
381	2106
381.2	1715
381.4	2337
381.6	2124
381.8	2281
382	2219
382.2	2425
382.4	2382
382.6	1869
382.8	2678
383	2104
383.2	1834
383.4	2588
383.6	1553
383.8	2332
384	2685
384.2	2126
384.4	2736
384.6	2327
384.8	2436
385	2539
385.2	2117
385.4	2342
385.6	2503
385.8	3131
386	2369
386.2	2278
386.4	2352
386.6	2144
386.8	2363
387	2491
387.2	2731
387.4	2337
387.6	2159
387.8	2675
388	2035
388.2	2070
388.4	1887
388.6	2004
388.8	2029
389	2369
389.2	1766
389.4	1757
389.6	2581
389.8	1687
390	2300
390.2	2248
390.4	1512
390.6	2245
390.8	2154
391	2460
391.2	1837
391.4	1684
391.6	2627
391.8	2129
392	1975
392.2	2116
392.4	1472
392.6	1958
392.8	2045
393	1853
393.2	2066
393.4	1821
393.6	1664
393.8	1967
394	1977
394.2	1930
394.4	1743
394.6	1676
394.8	2492
395	2192
395.2	1774
395.4	2314
395.6	1790
395.8	1891
396	1599
396.2	1815
396.4	2056
396.6	2337
396.8	1325
397	2227
397.2	1991
397.4	2040
397.6	1896
397.8	1661
398	2210
398.2	1514
398.4	1553
398.6	1654
398.8	1444
399	1564
399.2	1569
399.4	2624
399.6	2126
399.8	1594
400	1542
400.2	1471
400.4	1433
400.6	1605
400.8	1325
401	1549
401.2	2133
401.4	1803
401.6	1483
401.8	1693
402	1856
402.2	1223
402.4	1761
402.6	1275
402.8	2049
403	1809
403.2	1681
403.4	1719
403.6	1729
403.8	1968
404	2556
404.2	1935
404.4	2060
404.6	1188
404.8	1635
405	1606
405.2	1878
405.4	1487
405.6	1826
405.8	1440
406	1512
406.2	2296
406.4	1946
406.6	2210
406.8	1970
407	2008
407.2	1827
407.4	1793
407.6	1536
407.8	855
408	1937
408.2	1569
408.4	1394
408.6	1200
408.8	2128
409	2123
409.2	1389
409.4	1579
409.6	1565
409.8	2056
410	1541
410.2	1545
410.4	1626
410.6	1522
410.8	1674
411	1850
411.2	1011
411.4	1950
411.6	1649
411.8	1265
412	1549
412.2	1497
412.4	1587
412.6	1672
412.8	1653
413	1677
413.2	1397
413.4	1297
413.6	1217
413.8	1202
414	1543
414.2	1752
414.4	1254
414.6	1808
414.8	1390
415	1632
415.2	1893
415.4	1745
415.6	1536
415.8	1210
416	1285
416.2	1365
416.4	1473
416.6	1416
416.8	1383
417	1293
417.2	2043
417.4	1952
417.6	1561
417.8	1419
418	1475
418.2	1869
418.4	1267
418.6	1219
418.8	1663
419	1431
419.2	1459
419.4	1274
419.6	1671
419.8	1562
420	1462
420.2	981
420.4	1084
420.6	1361
420.8	1479
421	1097
421.2	1464
421.4	1586
421.6	1288
421.8	1680
422	1557
422.2	1864
422.4	1688
422.6	1319
422.8	1720
423	1843
423.2	1942
423.4	2756
423.6	4382
423.8	3419
424	2557
424.2	1437
424.4	1706
424.6	2110
424.8	1653
425	1794
425.2	2055
425.4	2121
425.6	2590
425.8	1839
426	1934
426.2	1677
426.4	1766
426.6	2260
426.8	1519
427	1740
427.2	1782
427.4	1767
427.6	1398
427.8	1723
428	1190
428.2	1599
428.4	1428
428.6	1277
428.8	1436
429	1799
429.2	1406
429.4	1764
429.6	1367
429.8	1858
430	1361
430.2	1999
430.4	1822
430.6	1618
430.8	1664
431	1522
431.2	1790
431.4	1421
431.6	1689
431.8	1307
432	1915
432.2	1762
432.4	1951
432.6	1633
432.8	1604
433	1712
433.2	1763
433.4	1752
433.6	1638
433.8	1623
434	1806
434.2	1952
434.4	1876
434.6	2098
434.8	1303
435	2138
435.2	1518
435.4	1937
435.6	2102
435.8	2253
436	2429
436.2	3269
436.4	3647
436.6	5039
436.8	6965
437	10790
437.2	16969
437.4	19087
437.6	13416
437.8	7784
438	4461
438.2	3277
438.4	2622
438.6	2444
438.8	2123
439	1923
439.2	1875
439.4	2111
439.6	1726
439.8	1791
440	1653
440.2	1596
440.4	1646
440.6	1344
440.8	1541
441	1323
441.2	1379
441.4	1410
441.6	1447
441.8	1554
442	1859
442.2	2361
442.4	2713
442.6	2230
442.8	1694
443	1688
443.2	1087
443.4	1230
443.6	1304
443.8	971
444	766
444.2	653
444.4	889
444.6	841
444.8	1157
445	663
445.2	1220
445.4	1069
445.6	682
445.8	983
446	838
446.2	1190
446.4	993
446.6	1085
446.8	898
447	1251
447.2	1226
447.4	1403
447.6	1004
447.8	1227
448	1072
448.2	987
448.4	651
448.6	1142
448.8	1076
449	958
449.2	938
449.4	1212
449.6	1010
449.8	767
450	929
450.2	663
450.4	982
450.6	1045
450.8	1151
451	1029
451.2	1004
451.4	915
451.6	899
451.8	1168
452	1106
452.2	1049
452.4	866
452.6	1130
452.8	1124
453	1020
453.2	912
453.4	892
453.6	1230
453.8	1070
454	762
454.2	1160
454.4	1215
454.6	948
454.8	1324
455	1364
455.2	1130
455.4	1147
455.6	1215
455.8	1195
456	1315
456.2	1043
456.4	930
456.6	1404
456.8	1332
457	1415
457.2	1278
457.4	835
457.6	1233
457.8	1311
458	1262
458.2	1191
458.4	1390
458.6	1379
458.8	1424
459	1535
459.2	1697
459.4	1846
459.6	1953
459.8	1876
460	1771
460.2	2132
460.4	1946
460.6	1992
460.8	2325
461	2305
461.2	2355
461.4	2796
461.6	3009
461.8	2873
462	3404
462.2	3576
462.4	3705
462.6	4028
462.8	4060
463	3995
463.2	3659
463.4	3392
463.6	3265
463.8	3153
464	2592
464.2	2833
464.4	2755
464.6	2687
464.8	2942
465	2874
465.2	3068
465.4	3479
465.6	3709
465.8	3954
466	4352
466.2	4223
466.4	4333
466.6	4704
466.8	4904
467	5302
467.2	5454
467.4	5581
467.6	5699
467.8	5294
468	5431
468.2	5255
468.4	5159
468.6	4640
468.8	4839
469	4817
469.2	4914
469.4	5139
469.6	4914
469.8	5387
470	5350
470.2	5721
470.4	6115
470.6	6566
470.8	6827
471	7120
471.2	7955
471.4	8859
471.6	9707
471.8	8991
472	7714
472.2	6226
472.4	5166
472.6	5016
472.8	4332
473	4281
473.2	4309
473.4	4575
473.6	4256
473.8	4215
474	4706
474.2	4748
474.4	4599
474.6	4940
474.8	5447
475	6154
475.2	7159
475.4	9861
475.6	14083
475.8	21525
476	30632
476.2	30553
476.4	22693
476.6	15049
476.8	10426
477	7377
477.2	5341
477.4	4133
477.6	3714
477.8	3385
478	2729
478.2	2860
478.4	2653
478.6	2965
478.8	3331
479	3329
479.2	3576
479.4	2823
479.6	3045
479.8	2554
480	2665
480.2	2801
480.4	2956
480.6	3725
480.8	4222
481	4693
481.2	5727
481.4	6396
481.6	8585
481.8	10929
482	10829
482.2	9824
482.4	9345
482.6	8718
482.8	7577
483	5641
483.2	4306
483.4	4003
483.6	3562
483.8	3416
484	3466
484.2	3220
484.4	3717
484.6	3163
484.8	3842
485	4598
485.2	4978
485.4	4344
485.6	3511
485.8	2911
486	2022
486.2	1954
486.4	1737
486.6	1307
486.8	1569
487	1511
487.2	1263
487.4	1016
487.6	1014
487.8	1146
488	1209
488.2	1285
488.4	1524
488.6	1457
488.8	1418
489	967
489.2	1136
489.4	1300
489.6	1182
489.8	931
490	1173
490.2	1028
490.4	1017
490.6	913
490.8	1072
491	1287
491.2	1151
491.4	1292
491.6	1359
491.8	1566
492	1355
492.2	1149
492.4	1032
492.6	1085
492.8	949
493	892
493.2	811
493.4	768
493.6	867
493.8	654
494	656
494.2	805
494.4	734
494.6	759
494.8	895
495	659
495.2	886
495.4	719
495.6	964
495.8	842
496	1006
496.2	916
496.4	781
496.6	870
496.8	863
497	1105
497.2	1135
497.4	1041
497.6	1195
497.8	921
498	1034
498.2	1064
498.4	997
498.6	1096
498.8	1002
499	1105
499.2	772
499.4	949
499.6	1131
499.8	1142
500	1094
500.2	1004
500.4	1149
500.6	1073
500.8	1167
501	1142
501.2	1223
501.4	1359
501.6	1126
501.8	1368
502	1357
502.2	1437
502.4	1472
502.6	1470
502.8	1681
503	1618
503.2	1839
503.4	1967
503.6	1759
503.8	1990
504	1866
504.2	2360
504.4	2259
504.6	2322
504.8	2385
505	2850
505.2	2771
505.4	2755
505.6	2781
505.8	3272
506	3469
506.2	4082
506.4	4002
506.6	4265
506.8	4743
507	5171
507.2	5222
507.4	5565
507.6	5750
507.8	5841
508	6417
508.2	6902
508.4	7783
508.6	8150
508.8	8591
509	9676
509.2	9942
509.4	10551
509.6	11453
509.8	12187
510	13163
510.2	13361
510.4	14055
510.6	15147
510.8	15815
511	16437
511.2	16952
511.4	17508
511.6	17924
511.8	18385
512	18587
512.2	18535
512.4	17842
512.6	17145
512.8	15865
513	15017
513.2	14119
513.4	13144
513.6	12162
513.8	11781
514	10997
514.2	10640
514.4	9945
514.6	9672
514.8	9123
515	8470
515.2	8426
515.4	8284
515.6	8239
515.8	8670
516	8527
516.2	9096
516.4	9533
516.6	10440
516.8	12167
517	14147
517.2	16501
517.4	17493
517.6	15932
517.8	14342
518	13224
518.2	12105
518.4	11910
518.6	12383
518.8	12827
519	14178
519.2	15121
519.4	16954
519.6	18574
519.8	21187
520	24457
520.2	27179
520.4	27931
520.6	26003
520.8	23328
521	20807
521.2	18615
521.4	16832
521.6	15967
521.8	15701
522	15535
522.2	16042
522.4	16407
522.6	16773
522.8	16669
523	16074
523.2	14254
523.4	12349
523.6	11224
523.8	9965
524	9388
524.2	9275
524.4	9418
524.6	9804
524.8	10028
525	10040
525.2	9494
525.4	8569
525.6	8159
525.8	7345
526	6978
526.2	6318
526.4	5912
526.6	5815
526.8	5709
527	5258
527.2	5025
527.4	5223
527.6	5039
527.8	5275
528	5101
528.2	5035
528.4	5458
528.6	6127
528.8	6328
529	6680
529.2	7494
529.4	8144
529.6	8988
529.8	10869
530	14110
530.2	22438
530.4	29159
530.6	21114
530.8	12408
531	7939
531.2	5819
531.4	4913
531.6	4735
531.8	4635
532	4744
532.2	5341
532.4	6546
532.6	8555
532.8	8794
533	8533
533.2	9339
533.4	10694
533.6	11221
533.8	9659
534	7574
534.2	5492
534.4	4340
534.6	3828
534.8	3415
535	3531
535.2	3537
535.4	3984
535.6	4748
535.8	5217
536	5356
536.2	4685
536.4	3715
536.6	3660
536.8	3380
537	3292
537.2	3474
537.4	3719
537.6	3559
537.8	3842
538	4629
538.2	4800
538.4	5388
538.6	5478
538.8	5098
539	5266
539.2	5385
539.4	5983
539.6	6827
539.8	7332
540	8626
540.2	10792
540.4	14216
540.6	18899
540.8	25586
541	29796
541.2	30336
541.4	25652
541.6	20367
541.8	15523
542	11588
542.2	8584
542.4	6761
542.6	6055
542.8	5938
543	6696
543.2	7920
543.4	9813
543.6	10237
543.8	8629
544	6985
544.2	5443
544.4	4245
544.6	3250
544.8	2442
545	2132
545.2	1638
545.4	1350
545.6	1278
545.8	1404
546	1002
546.2	1205
546.4	1106
546.6	870
546.8	690
547	728
547.2	980
547.4	1073
547.6	1368
547.8	981
548	1211
548.2	911
548.4	1027
548.6	814
548.8	680
549	613
549.2	343
549.4	598
549.6	650
549.8	1080
550	849
550.2	1147
550.4	263
550.6	772
550.8	755
551	966
551.2	1068
551.4	1088
551.6	926
551.8	1064
552	838
552.2	1150
552.4	1325
552.6	1080
552.8	1251
553	1569
553.2	1181
553.4	1356
553.6	1202
553.8	1231
554	768
554.2	1033
554.4	944
554.6	1064
554.8	906
555	1296
555.2	1316
555.4	1230
555.6	1590
555.8	1481
556	1511
556.2	1457
556.4	1234
556.6	1479
556.8	1004
557	1129
557.2	1405
557.4	1265
557.6	1404
557.8	1300
558	1540
558.2	1386
558.4	1488
558.6	1481
558.8	1772
559	1608
559.2	1803
559.4	1758
559.6	1792
559.8	1993
560	2166
560.2	2265
560.4	2150
560.6	1620
560.8	1719
561	1970
561.2	1630
561.4	1751
561.6	1734
561.8	1276
562	1788
562.2	1859
562.4	1754
562.6	1774
562.8	1817
563	2068
563.2	1709
563.4	2044
563.6	2305
563.8	2088
564	1849
564.2	1934
564.4	2051
564.6	1808
564.8	1768
565	2000
565.2	1881
565.4	1593
565.6	1912
565.8	1895
566	1818
566.2	1991
566.4	2131
566.6	2193
566.8	2069
567	2085
567.2	2300
567.4	2199
567.6	2507
567.8	2197
568	2259
568.2	2103
568.4	1947
568.6	2064
568.8	1876
569	2062
569.2	2221
569.4	2442
569.6	2136
569.8	2449
570	2479
570.2	2634
570.4	2589
570.6	2955
570.8	2723
571	2645
571.2	2688
571.4	2839
571.6	3047
571.8	2763
572	2933
572.2	3108
572.4	3114
572.6	2698
572.8	3500
573	3586
573.2	3346
573.4	3305
573.6	3524
573.8	3692
574	3225
574.2	3567
574.4	3578
574.6	3812
574.8	3737
575	3724
575.2	4318
575.4	4598
575.6	4421
575.8	5002
576	5144
576.2	5243
576.4	5704
576.6	6000
576.8	6526
577	6741
577.2	7018
577.4	7119
577.6	7156
577.8	7717
578	7435
578.2	8182
578.4	7888
578.6	8297
578.8	8735
579	8901
579.2	9849
579.4	10355
579.6	10993
579.8	11396
580	11839
580.2	12849
580.4	13921
580.6	14727
580.8	16346
581	17562
581.2	19288
581.4	20981
581.6	24094
581.8	27948
582	33545
582.2	40457
582.4	47594
582.6	54218
582.8	60642
583	68694
583.2	77722
583.4	80159
583.6	72876
583.8	61456
584	50236
584.2	42344
584.4	36370
584.6	32508
584.8	30277
585	30054
585.2	30193
585.4	32709
585.6	35166
585.8	39498
586	45360
586.2	53438
586.4	61546
586.6	66141
586.8	64943
587	61502
587.2	56649
587.4	50801
587.6	46377
587.8	42970
588	42431
588.2	42468
588.4	45127
588.6	49413
588.8	54431
589	58560
589.2	59770
589.4	56597
589.6	49361
589.8	42153
590	37108
590.2	33256
590.4	31465
590.6	31703
590.8	33336
591	36598
591.2	41196
591.4	47692
591.6	56192
591.8	66693
592	79862
592.2	95550
592.4	112334
592.6	130875
592.8	144524
593	152351
593.2	155231
593.4	155072
593.6	156806
593.8	160717
594	168160
594.2	176761
594.4	178370
594.6	172953
594.8	160665
595	153656
595.2	155566
595.4	161314
595.6	168434
595.8	170520
596	166998
596.2	156221
596.4	142157
596.6	128726
596.8	120071
597	118269
597.2	125255
597.4	140238
597.6	158954
597.8	176558
598	189017
598.2	195808
598.4	194894
598.6	187209
598.8	172837
599	151425
599.2	127631
599.4	105227
599.6	86092
599.8	70188
600	57477
600.2	48762
600.4	43282
600.6	39727
600.8	37852
601	38025
601.2	39917
601.4	43413
601.6	46334
601.8	46364
602	43956
602.2	37967
602.4	33516
602.6	28687
602.8	25426
603	23246
603.2	21065
603.4	19528
603.6	18375
603.8	17911
604	17332
604.2	17463
604.4	17293
604.6	17483
604.8	17674
605	17132
605.2	16578
605.4	16052
605.6	14768
605.8	13422
606	11715
606.2	10432
606.4	9559
606.6	8096
606.8	7179
607	6667
607.2	5859
607.4	5504
607.6	4802
607.8	4596
608	3957
608.2	3461
608.4	3223
608.6	2999
608.8	2790
609	2609
609.2	2825
609.4	2356
609.6	2108
609.8	1957
610	1792
610.2	1670
610.4	1620
610.6	1704
610.8	1321
611	1036
611.2	1360
611.4	1339
611.6	1280
611.8	1186
612	1265
612.2	1098
612.4	764
612.6	1263
612.8	1010
613	790
613.2	1149
613.4	387
613.6	437
613.8	650
614	940
614.2	996
614.4	608
614.6	695
614.8	408
615	991
615.2	879
615.4	722
615.6	319
615.8	463
616	681
616.2	547
616.4	489
616.6	119
616.8	559
617	885
617.2	678
617.4	522
617.6	550
617.8	273
618	503
618.2	280
618.4	133
618.6	457
618.8	238
619	83
619.2	644
619.4	394
619.6	489
619.8	1
620	267
620.2	201
620.4	741
620.6	765
620.8	752
621	286
621.2	619
621.4	351
621.6	218
621.8	830
622	1
622.2	56
622.4	523
622.6	744
622.8	37
623	562
623.2	906
623.4	821
623.6	516
623.8	494
624	142
624.2	771
624.4	300
624.6	114
624.8	887
625	974
625.2	533
625.4	890
625.6	1272
625.8	1675
626	3040
626.2	3501
626.4	4028
626.6	2969
626.8	2407
627	1403
627.2	1018
627.4	951
627.6	816
627.8	669
628	846
628.2	509
628.4	371
628.6	1
628.8	508
629	774
629.2	829
629.4	81
629.6	687
629.8	455
630	861
630.2	488
630.4	471
630.6	320
630.8	1064
631	304
631.2	664
631.4	226
631.6	581
631.8	721
632	394
632.2	346
632.4	249
632.6	483
632.8	475
633	872
633.2	778
633.4	491
633.6	1
633.8	723
634	895
634.2	370
634.4	210
634.6	758
634.8	579
635	446
635.2	210
635.4	403
635.6	579
635.8	625
636	527
636.2	148
636.4	381
636.6	288
636.8	828
637	281
637.2	180
637.4	840
637.6	959
637.8	640
638	731
638.2	153
638.4	499
638.6	450
638.8	130
639	727
639.2	319
639.4	535
639.6	241
639.8	340
640	363
640.2	329
640.4	801
640.6	933
640.8	772
641	342
641.2	320
641.4	883
641.6	407
641.8	386
642	750
642.2	348
642.4	559
642.6	560
642.8	682
643	1
643.2	290
643.4	237
643.6	337
643.8	476
644	209
644.2	76
644.4	515
644.6	637
644.8	652
645	594
645.2	591
645.4	198
645.6	777
645.8	383
646	478
646.2	448
646.4	583
646.6	257
646.8	590
647	232
647.2	166
647.4	346
647.6	602
647.8	693
648	753
648.2	484
648.4	508
648.6	1026
648.8	644
649	636
649.2	292
649.4	159
649.6	621
649.8	752
650	627
650.2	43
650.4	459
650.6	151
650.8	734
651	359
651.2	319
651.4	204
651.6	268
651.8	888
652	328
652.2	1
652.4	138
652.6	344
652.8	349
653	189
653.2	1
653.4	294
653.6	250
653.8	439
654	534
654.2	137
654.4	147
654.6	72
654.8	461
655	669
655.2	544
655.4	23
655.6	1
655.8	127
656	530
656.2	540
656.4	576
656.6	501
656.8	163
657	1
657.2	115
657.4	335
657.6	394
657.8	265
658	141
658.2	338
658.4	505
658.6	91
658.8	274
659	128
659.2	603
659.4	442
659.6	1
659.8	194
660	1
660.2	558
660.4	559
660.6	305
660.8	1
661	306
661.2	1
661.4	268
661.6	1
661.8	319
662	1
662.2	107
662.4	505
662.6	95
662.8	1
663	1
663.2	182
663.4	1
663.6	470
663.8	332
664	137
664.2	365
664.4	63
664.6	33
664.8	435
665	217
665.2	432
665.4	1
665.6	367
665.8	511
666	141
666.2	209
666.4	1
666.6	51
666.8	216
667	284
667.2	343
667.4	1
667.6	122
667.8	377
668	404
668.2	791
668.4	134
668.6	162
668.8	25
669	212
669.2	526
669.4	334
669.6	184
669.8	461
670	1
670.2	508
670.4	724
670.6	384
670.8	162
671	458
671.2	142
671.4	406
671.6	864
671.8	1
672	1
672.2	213
672.4	236
672.6	379
672.8	251
673	359
673.2	530
673.4	169
673.6	254
673.8	456
674	131
674.2	235
674.4	280
674.6	737
674.8	509
675	497
675.2	542
675.4	516
675.6	549
675.8	174
676	519
676.2	852
676.4	391
676.6	410
676.8	701
677	1058
677.2	959
677.4	520
677.6	441
677.8	643
678	859
678.2	1112
678.4	1421
678.6	373
678.8	669
679	554
679.2	824
679.4	793
679.6	780
679.8	894
680	1183
680.2	1044
680.4	1348
680.6	1294
680.8	1051
681	1156
681.2	1569
681.4	1230
681.6	2584
681.8	1909
682	2185
682.2	2684
682.4	3042
682.6	3670
682.8	3511
683	4682
683.2	4711
683.4	5603
683.6	6228
683.8	6662
684	7723
684.2	8802
684.4	9269
684.6	9984
684.8	10470
685	9529
685.2	8556
685.4	6580
685.6	5792
685.8	4298
686	3778
686.2	3511
686.4	3615
686.6	2943
686.8	3097
687	3397
687.2	3299
687.4	3883
687.6	3667
687.8	4192
688	4240
688.2	4412
688.4	4565
688.6	5406
688.8	4983
689	5138
689.2	5047
689.4	4741
689.6	5029
689.8	4594
690	5363
690.2	4706
690.4	4406
690.6	4122
690.8	3811
691	4838
691.2	4585
691.4	4768
691.6	4259
691.8	3570
692	3830
692.2	3039
692.4	2678
692.6	2287
692.8	2108
693	1866
693.2	2528
693.4	2853
693.6	2775
693.8	3283
694	3186
694.2	3786
694.4	4241
694.6	4337
694.8	4214
695	4210
695.2	2795
695.4	1866
695.6	1986
695.8	2170
696	1988
696.2	1806
696.4	1424
696.6	1407
696.8	803
697	1427
697.2	1373
697.4	1492
697.6	1424
697.8	901
698	490
698.2	433
698.4	1066
698.6	832
698.8	564
699	632
699.2	1127
699.4	629
699.6	1219
699.8	882
700	435
700.2	601
700.4	169
700.6	419
700.8	612
701	1175
701.2	596
701.4	485
701.6	352
701.8	1
702	438
702.2	635
702.4	802
702.6	333
702.8	401
703	237
703.2	769
703.4	1017
703.6	1017
703.8	1384
704	1339
704.2	898
704.4	1677
704.6	1071
704.8	1665
705	1099
705.2	1086
705.4	642
705.6	639
705.8	899
706	488
706.2	668
706.4	276
706.6	902
706.8	491
707	832
707.2	412
707.4	587
707.6	579
707.8	673
708	406
708.2	1
708.4	234
708.6	533
708.8	253
709	620
709.2	1
709.4	483
709.6	198
709.8	457
710	892
710.2	534
710.4	584
710.6	104
710.8	376
711	631
711.2	1103
711.4	360
711.6	835
711.8	451
712	225
712.2	336
712.4	1049
712.6	677
712.8	276
713	683
713.2	69
713.4	21
713.6	927
713.8	431
714	678
714.2	401
714.4	122
714.6	171
714.8	190
715	124
715.2	557
715.4	709
715.6	598
715.8	43
716	1
716.2	873
716.4	1059
716.6	696
716.8	741
717	1
717.2	229
717.4	479
717.6	543
717.8	467
718	63
718.2	495
718.4	127
718.6	128
718.8	164
719	973
719.2	570
719.4	763
719.6	260
719.8	349
720	332
720.2	973
720.4	187
720.6	325
720.8	746
721	305
721.2	17
721.4	297
721.6	218
721.8	695
722	250
722.2	460
722.4	412
722.6	159
722.8	1
723	664
723.2	365
723.4	166
723.6	585
723.8	145
724	497
724.2	187
724.4	758
724.6	1050
724.8	594
725	447
725.2	44
725.4	1
725.6	1
725.8	152
726	575
726.2	589
726.4	118
726.6	689
726.8	409
727	1063
727.2	1050
727.4	1195
727.6	916
727.8	917
728	297
728.2	1238
728.4	682
728.6	852
728.8	1953
729	1435
729.2	962
729.4	627
729.6	1605
729.8	548
730	1050
730.2	1738
730.4	1160
730.6	608
730.8	976
731	1256
731.2	1592
731.4	1570
731.6	1552
731.8	1771
732	1296
732.2	1827
732.4	1632
732.6	2129
732.8	2364
733	1684
733.2	1526
733.4	2150
733.6	1909
733.8	1605
734	1947
734.2	2222
734.4	2410
734.6	2113
734.8	2123
735	2032
735.2	2662
735.4	2639
735.6	2718
735.8	3500
736	2886
736.2	2813
736.4	2827
736.6	3050
736.8	2879
737	3256
737.2	3085
737.4	3057
737.6	3128
737.8	3026
738	3129
738.2	3610
738.4	4214
738.6	4063
738.8	4642
739	4685
739.2	5232
739.4	4978
739.6	4983
739.8	5634
740	6817
740.2	5732
740.4	7437
740.6	7333
740.8	8064
741	9991
741.2	11339
741.4	13256
741.6	16740
741.8	20455
742	27574
742.2	38031
742.4	55352
742.6	83461
742.8	111096
743	119331
743.2	101785
743.4	77826
743.6	57426
743.8	42054
744	31457
744.2	24864
744.4	21633
744.6	17928
744.8	17080
745	15334
745.2	14632
745.4	14879
745.6	15749
745.8	17043
746	16881
746.2	18003
746.4	19429
746.6	21428
746.8	23396
747	24905
747.2	28177
747.4	31103
747.6	33686
747.8	38546
748	43212
748.2	49073
748.4	54540
748.6	60379
748.8	63498
749	66359
749.2	66513
749.4	65333
749.6	64771
749.8	63783
750	63319
750.2	63539
750.4	63797
750.6	60909
750.8	56874
751	53260
751.2	50593
751.4	49267
751.6	51163
751.8	55006
752	59455
752.2	62612
752.4	63387
752.6	62050
752.8	56748
753	48749
753.2	43034
753.4	37668
753.6	32541
753.8	29330
754	26709
754.2	25649
754.4	23909
754.6	23458
754.8	24607
755	25465
755.2	27751
755.4	30974
755.6	34549
755.8	38840
756	43359
756.2	48817
756.4	52411
756.6	55620
756.8	57068
757	56205
757.2	53485
757.4	51330
757.6	48753
757.8	47240
758	44778
758.2	44598
758.4	44951
758.6	45828
758.8	47497
759	48201
759.2	47461
759.4	45923
759.6	44656
759.8	40392
760	37277
760.2	34149
760.4	30808
760.6	28907
760.8	27130
761	26547
761.2	25337
761.4	26231
761.6	27797
761.8	29015
762	30351
762.2	29858
762.4	28437
762.6	26653
762.8	24076
763	20579
763.2	18408
763.4	16574
763.6	14207
763.8	13937
764	12497
764.2	12341
764.4	10706
764.6	9724
764.8	9159
765	8342
765.2	8282
765.4	8021
765.6	7189
765.8	6367
766	6476
766.2	6510
766.4	6018
766.6	6096
766.8	5743
767	5796
767.2	5348
767.4	4755
767.6	4965
767.8	4281
768	4102
768.2	4595
768.4	3854
768.6	4492
768.8	4821
769	3997
769.2	4181
769.4	3871
769.6	4461
769.8	4056
770	3624
770.2	4321
770.4	3443
770.6	3104
770.8	2961
771	3017
771.2	3497
771.4	3297
771.6	3516
771.8	3840
772	3770
772.2	4020
772.4	4578
772.6	3608
772.8	4352
773	4423
773.2	5466
773.4	6081
773.6	6840
773.8	7774
774	9226
774.2	10414
774.4	11075
774.6	12445
774.8	12166
775	12301
775.2	10152
775.4	10142
775.6	8311
775.8	8311
776	7480
776.2	7005
776.4	6167
776.6	4471
776.8	4647
777	3967
777.2	4127
777.4	3308
777.6	2771
777.8	3570
778	2906
778.2	2437
778.4	2401
778.6	2300
778.8	2507
779	2361
779.2	2183
779.4	2065
779.6	1498
779.8	2326
780	1476
780.2	991
780.4	1835
780.6	1927
780.8	1361
781	1181
781.2	1321
781.4	2038
781.6	1557
781.8	1703
782	2145
782.2	1668
782.4	1266
782.6	1424
782.8	966
783	1629
783.2	1911
783.4	1730
783.6	2158
783.8	848
784	1577
784.2	1773
784.4	1696
784.6	1805
784.8	1380
785	1462
785.2	1233
785.4	955
785.6	1234
785.8	2251
786	1941
786.2	2316
786.4	1869
786.6	1566
786.8	2102
787	1296
787.2	1382
787.4	2360
787.6	2100
787.8	1664
788	2403
788.2	2688
788.4	2111
788.6	3100
788.8	2345
789	3032
789.2	2447
789.4	2411
789.6	3177
789.8	3517
790	2886
790.2	3165
790.4	2855
790.6	3856
790.8	2456
791	2824
791.2	2894
791.4	2862
791.6	2946
791.8	3132
792	3747
792.2	3547
792.4	3226
792.6	3497
792.8	3525
793	4097
793.2	3966
793.4	3671
793.6	4430
793.8	4881
794	4435
794.2	4459
794.4	4811
794.6	5165
794.8	5531
795	5286
795.2	5124
795.4	5465
795.6	5509
795.8	6500
796	7587
796.2	7230
796.4	7682
796.6	8638
796.8	9146
797	10792
797.2	10354
797.4	11829
797.6	13269
797.8	14093
798	14309
798.2	16344
798.4	16597
798.6	16563
798.8	17817
799	18591
799.2	19152
799.4	21385
799.6	21051
799.8	21119
800	22129
800.2	21411
800.4	24473
800.6	26557
800.8	29139
801	33145
801.2	37329
801.4	39673
801.6	39490
801.8	37387
802	35811
802.2	32211
802.4	31601
802.6	31631
802.8	32917
803	35369
803.2	37382
803.4	41543
803.6	45653
803.8	50783
804	54615
804.2	63233
804.4	70450
804.6	74994
804.8	82613
805	88759
805.2	93298
805.4	98513
805.6	102090
805.8	94950
806	88761
806.2	80439
806.4	78382
806.6	78754
806.8	81649
807	91466
807.2	105361
807.4	124405
807.6	151035
807.8	181096
808	205173
808.2	221301
808.4	223625
808.6	227870
808.8	224741
809	217184
809.2	191606
809.4	164739
809.6	136317
809.8	113161
810	95771
810.2	86514
810.4	77562
810.6	71424
810.8	66637
811	64289
811.2	62742
811.4	61281
811.6	62587
811.8	64377
812	68763
812.2	73394
812.4	78986
812.6	83046
812.8	85179
813	83047
813.2	77022
813.4	71791
813.6	62989
813.8	54892
814	47866
814.2	42597
814.4	36993
814.6	31696
814.8	28099
815	26100
815.2	23634
815.4	21709
815.6	20181
815.8	18845
816	18140
816.2	17853
816.4	17240
816.6	16445
816.8	14359
817	14271
817.2	14844
817.4	13830
817.6	14172
817.8	15165
818	14534
818.2	15622
818.4	17216
818.6	18875
818.8	20591
819	22023
819.2	20703
819.4	19014
819.6	17984
819.8	16635
820	15412
820.2	13831
820.4	12920
820.6	13099
820.8	12845
821	13416
821.2	13422
821.4	12318
821.6	12233
821.8	12330
822	12750
822.2	10731
822.4	10637
822.6	9376
822.8	8220
823	7476
823.2	7511
823.4	5516
823.6	5425
823.8	5464
824	5518
824.2	4525
824.4	3885
824.6	3689
824.8	3260
825	3577
825.2	3727
825.4	3327
825.6	3225
825.8	3170
826	2497
826.2	3199
826.4	3983
826.6	2471
826.8	2389
827	3196
827.2	2317
827.4	2198
827.6	1685
827.8	2685
828	3561
828.2	2314
828.4	1570
828.6	3683
828.8	3432
829	1793
829.2	2468
829.4	1694
829.6	2684
829.8	2122
830	1777
