# Optical absorption spectrum of Program fragment delivered error ``Can't call method "sample_" on an undefined value at abs.template line 1.'':LILUF4 (Tm:LuLiF4)
# assuming unity concentration per meter.  This data was part of the NASA 
# Laser Spectra Database found on the web until December of 2005 which
# was created by Pat Cross working at NASA Langley Research Center, Internal
# Operations Group, Aerospace Electronics Systems Division, Remote Sensing.
#
# The spectra was collected by EDF on  7 September 1994 and was 
# annotated on 12 October 1994.  The sample name was "" was a 9.3470
# long piece of :.   
# The incident light had unknown polarization.
#
# Spectra were recorded from 725 to 850nm
# every 0.05nm at room temperature.
#
# FILE NAME ON PC = EDFLLF09.DX NO_POINTS = 2501. pts DATA_INTV = .000050 æm MIN_LAMBDA = .725000 æm MIN_DATA = .02100 MAX_LAMBDA = .850000 æm MAX_DATA = 1.35970 SCANSPEED = .03000000 æm/min SLITWIDTH= .00040 æm RESP TIME = .2 sec SENSITIVITY = 5 DATE=94/09/07 Ho(.5)Tm(5)LiLuF4,slit=.4nm,sc speed=30,resp=.2s,int=.05,pol=s (2 8) Sample from Lightning Optical Corporation, purchase order L53365D Height=.298 inches, Width=.233 inches, Length= .368 inches, C-axis is along the .298 height direction, Sample was taken with c-axis pointing up in the sample compartment chamber of the Perki Elmer Lambda-9 spectrometer.
#
##Wavelength (nm)	Absorbance (/meter) 
725	23
725.05	29
725.1	24
725.15	18
725.2	24
725.25	25
725.3	32
725.35	27
725.4	25
725.45	27
725.5	26
725.55	27
725.6	18
725.65	18
725.7	18
725.75	18
725.8	27
725.85	28
725.9	21
725.95	18
726	18
726.05	19
726.1	20
726.15	33
726.2	31
726.25	34
726.3	33
726.35	25
726.4	28
726.45	30
726.5	21
726.55	30
726.6	20
726.65	22
726.7	19
726.75	30
726.8	18
726.85	18
726.9	18
726.95	18
727	18
727.05	18
727.1	18
727.15	21
727.2	22
727.25	18
727.3	18
727.35	18
727.4	18
727.45	18
727.5	18
727.55	20
727.6	18
727.65	20
727.7	26
727.75	22
727.8	22
727.85	22
727.9	17
727.95	17
728	17
728.05	24
728.1	25
728.15	29
728.2	22
728.25	17
728.3	17
728.35	22
728.4	17
728.45	17
728.5	21
728.55	23
728.6	24
728.65	27
728.7	28
728.75	27
728.8	29
728.85	29
728.9	27
728.95	17
729	17
729.05	17
729.1	17
729.15	17
729.2	19
729.25	26
729.3	17
729.35	17
729.4	17
729.45	17
729.5	17
729.55	17
729.6	17
729.65	24
729.7	31
729.75	22
729.8	17
729.85	17
729.9	17
729.95	23
730	18
730.05	17
730.1	17
730.15	18
730.2	23
730.25	24
730.3	17
730.35	17
730.4	17
730.45	17
730.5	19
730.55	20
730.6	25
730.65	36
730.7	34
730.75	18
730.8	37
730.85	29
730.9	19
730.95	17
731	17
731.05	17
731.1	18
731.15	17
731.2	21
731.25	19
731.3	22
731.35	25
731.4	17
731.45	25
731.5	20
731.55	19
731.6	17
731.65	17
731.7	28
731.75	23
731.8	23
731.85	17
731.9	17
731.95	17
732	17
732.05	17
732.1	17
732.15	17
732.2	17
732.25	17
732.3	17
732.35	17
732.4	17
732.45	17
732.5	17
732.55	17
732.6	17
732.65	17
732.7	17
732.75	17
732.8	24
732.85	18
732.9	17
732.95	17
733	18
733.05	19
733.1	17
733.15	18
733.2	26
733.25	25
733.3	18
733.35	20
733.4	18
733.45	19
733.5	24
733.55	28
733.6	25
733.65	25
733.7	20
733.75	17
733.8	17
733.85	17
733.9	19
733.95	17
734	17
734.05	23
734.1	22
734.15	18
734.2	17
734.25	17
734.3	17
734.35	17
734.4	22
734.45	17
734.5	17
734.55	21
734.6	18
734.65	17
734.7	21
734.75	18
734.8	17
734.85	19
734.9	19
734.95	24
735	21
735.05	19
735.1	24
735.15	38
735.2	30
735.25	17
735.3	17
735.35	17
735.4	21
735.45	17
735.5	18
735.55	17
735.6	17
735.65	19
735.7	20
735.75	26
735.8	17
735.85	19
735.9	21
735.95	24
736	26
736.05	17
736.1	17
736.15	17
736.2	17
736.25	17
736.3	17
736.35	17
736.4	17
736.45	17
736.5	17
736.55	17
736.6	17
736.65	17
736.7	17
736.75	17
736.8	17
736.85	17
736.9	17
736.95	17
737	17
737.05	17
737.1	17
737.15	19
737.2	24
737.25	17
737.3	17
737.35	21
737.4	25
737.45	23
737.5	27
737.55	27
737.6	18
737.65	24
737.7	27
737.75	17
737.8	22
737.85	25
737.9	23
737.95	18
738	17
738.05	30
738.1	29
738.15	21
738.2	25
738.25	32
738.3	23
738.35	17
738.4	20
738.45	22
738.5	21
738.55	31
738.6	33
738.65	30
738.7	24
738.75	19
738.8	18
738.85	21
738.9	31
738.95	17
739	17
739.05	17
739.1	17
739.15	24
739.2	24
739.25	17
739.3	28
739.35	25
739.4	21
739.45	18
739.5	28
739.55	34
739.6	18
739.65	17
739.7	17
739.75	29
739.8	29
739.85	18
739.9	25
739.95	17
740	19
740.05	17
740.1	17
740.15	21
740.2	19
740.25	17
740.3	17
740.35	17
740.4	24
740.45	27
740.5	36
740.55	40
740.6	44
740.65	38
740.7	32
740.75	40
740.8	37
740.85	33
740.9	21
740.95	20
741	31
741.05	37
741.1	31
741.15	26
741.2	21
741.25	28
741.3	21
741.35	30
741.4	33
741.45	20
741.5	26
741.55	38
741.6	24
741.65	20
741.7	19
741.75	28
741.8	44
741.85	35
741.9	34
741.95	25
742	17
742.05	25
742.1	24
742.15	23
742.2	19
742.25	29
742.3	29
742.35	21
742.4	21
742.45	22
742.5	24
742.55	32
742.6	20
742.65	20
742.7	21
742.75	35
742.8	38
742.85	41
742.9	37
742.95	38
743	47
743.05	32
743.1	17
743.15	24
743.2	40
743.25	53
743.3	27
743.35	25
743.4	21
743.45	17
743.5	23
743.55	17
743.6	24
743.65	26
743.7	30
743.75	24
743.8	32
743.85	22
743.9	25
743.95	20
744	18
744.05	19
744.1	20
744.15	34
744.2	30
744.25	27
744.3	25
744.35	28
744.4	16
744.45	19
744.5	23
744.55	24
744.6	17
744.65	27
744.7	29
744.75	33
744.8	38
744.85	38
744.9	48
744.95	42
745	30
745.05	52
745.1	50
745.15	40
745.2	42
745.25	36
745.3	34
745.35	33
745.4	35
745.45	38
745.5	45
745.55	30
745.6	50
745.65	47
745.7	43
745.75	43
745.8	51
745.85	48
745.9	36
745.95	28
746	25
746.05	43
746.1	49
746.15	40
746.2	41
746.25	47
746.3	55
746.35	47
746.4	49
746.45	56
746.5	55
746.55	50
746.6	37
746.65	36
746.7	40
746.75	40
746.8	34
746.85	31
746.9	30
746.95	31
747	51
747.05	49
747.1	55
747.15	52
747.2	55
747.25	53
747.3	54
747.35	55
747.4	66
747.45	66
747.5	50
747.55	44
747.6	42
747.65	57
747.7	56
747.75	64
747.8	67
747.85	64
747.9	49
747.95	53
748	47
748.05	46
748.1	50
748.15	48
748.2	52
748.25	57
748.3	57
748.35	66
748.4	57
748.45	51
748.5	57
748.55	62
748.6	65
748.65	72
748.7	72
748.75	67
748.8	63
748.85	50
748.9	51
748.95	67
749	66
749.05	74
749.1	81
749.15	56
749.2	60
749.25	67
749.3	71
749.35	60
749.4	54
749.45	55
749.5	64
749.55	74
749.6	76
749.65	78
749.7	74
749.75	73
749.8	66
749.85	65
749.9	60
749.95	64
750	66
750.05	58
750.1	52
750.15	69
750.2	90
750.25	90
750.3	87
750.35	83
750.4	88
750.45	81
750.5	72
750.55	53
750.6	72
750.65	84
750.7	79
750.75	72
750.8	74
750.85	83
750.9	77
750.95	70
751	73
751.05	83
751.1	85
751.15	80
751.2	86
751.25	76
751.3	76
751.35	76
751.4	73
751.45	67
751.5	72
751.55	75
751.6	74
751.65	86
751.7	96
751.75	109
751.8	91
751.85	86
751.9	88
751.95	89
752	95
752.05	95
752.1	95
752.15	95
752.2	91
752.25	92
752.3	100
752.35	97
752.4	101
752.45	96
752.5	96
752.55	93
752.6	122
752.65	109
752.7	95
752.75	102
752.8	110
752.85	110
752.9	114
752.95	119
753	104
753.05	116
753.1	129
753.15	122
753.2	118
753.25	128
753.3	122
753.35	118
753.4	107
753.45	105
753.5	105
753.55	89
753.6	102
753.65	117
753.7	113
753.75	102
753.8	104
753.85	103
753.9	101
753.95	104
754	105
754.05	109
754.1	107
754.15	106
754.2	118
754.25	118
754.3	120
754.35	128
754.4	120
754.45	122
754.5	124
754.55	130
754.6	138
754.65	124
754.7	124
754.75	131
754.8	136
754.85	128
754.9	124
754.95	125
755	139
755.05	138
755.1	152
755.15	141
755.2	136
755.25	136
755.3	159
755.35	166
755.4	161
755.45	159
755.5	153
755.55	155
755.6	136
755.65	131
755.7	157
755.75	166
755.8	158
755.85	159
755.9	152
755.95	137
756	145
756.05	150
756.1	158
756.15	159
756.2	183
756.25	194
756.3	175
756.35	173
756.4	179
756.45	168
756.5	164
756.55	159
756.6	160
756.65	156
756.7	158
756.75	171
756.8	176
756.85	174
756.9	175
756.95	183
757	192
757.05	177
757.1	174
757.15	185
757.2	196
757.25	187
757.3	187
757.35	195
757.4	177
757.45	186
757.5	186
757.55	191
757.6	190
757.65	204
757.7	193
757.75	204
757.8	205
757.85	209
757.9	215
757.95	228
758	218
758.05	217
758.1	210
758.15	207
758.2	205
758.25	210
758.3	208
758.35	203
758.4	211
758.45	218
758.5	218
758.55	211
758.6	211
758.65	214
758.7	222
758.75	217
758.8	226
758.85	228
758.9	227
758.95	219
759	223
759.05	224
759.1	206
759.15	218
759.2	225
759.25	227
759.3	213
759.35	213
759.4	224
759.45	230
759.5	232
759.55	233
759.6	245
759.65	249
759.7	243
759.75	240
759.8	238
759.85	240
759.9	255
759.95	254
760	247
760.05	263
760.1	262
760.15	258
760.2	265
760.25	249
760.3	245
760.35	252
760.4	266
760.45	250
760.5	260
760.55	269
760.6	273
760.65	272
760.7	284
760.75	276
760.8	277
760.85	284
760.9	285
760.95	280
761	284
761.05	274
761.1	268
761.15	274
761.2	278
761.25	273
761.3	282
761.35	276
761.4	263
761.45	276
761.5	289
761.55	283
761.6	284
761.65	287
761.7	298
761.75	294
761.8	291
761.85	307
761.9	301
761.95	292
762	302
762.05	296
762.1	303
762.15	300
762.2	308
762.25	313
762.3	329
762.35	329
762.4	327
762.45	324
762.5	324
762.55	330
762.6	322
762.65	332
762.7	332
762.75	330
762.8	326
762.85	341
762.9	349
762.95	338
763	339
763.05	331
763.1	338
763.15	345
763.2	358
763.25	366
763.3	373
763.35	367
763.4	352
763.45	362
763.5	378
763.55	372
763.6	360
763.65	363
763.7	369
763.75	374
763.8	377
763.85	385
763.9	385
763.95	389
764	371
764.05	383
764.1	382
764.15	386
764.2	396
764.25	395
764.3	406
764.35	409
764.4	406
764.45	403
764.5	410
764.55	403
764.6	401
764.65	406
764.7	429
764.75	425
764.8	433
764.85	430
764.9	416
764.95	421
765	437
765.05	426
765.1	434
765.15	439
765.2	442
765.25	456
765.3	452
765.35	441
765.4	442
765.45	454
765.5	464
765.55	474
765.6	491
765.65	487
765.7	479
765.75	474
765.8	468
765.85	487
765.9	476
765.95	469
766	468
766.05	475
766.1	474
766.15	471
766.2	472
766.25	477
766.3	481
766.35	473
766.4	479
766.45	495
766.5	502
766.55	507
766.6	512
766.65	504
766.7	502
766.75	512
766.8	498
766.85	500
766.9	515
766.95	522
767	525
767.05	532
767.1	541
767.15	534
767.2	541
767.25	560
767.3	537
767.35	530
767.4	544
767.45	552
767.5	544
767.55	561
767.6	554
767.65	572
767.7	595
767.75	580
767.8	589
767.85	592
767.9	596
767.95	593
768	583
768.05	595
768.1	571
768.15	584
768.2	598
768.25	610
768.3	609
768.35	615
768.4	604
768.45	596
768.5	613
768.55	617
768.6	616
768.65	630
768.7	639
768.75	633
768.8	629
768.85	632
768.9	626
768.95	628
769	629
769.05	641
769.1	649
769.15	645
769.2	633
769.25	644
769.3	661
769.35	662
769.4	676
769.45	670
769.5	670
769.55	673
769.6	679
769.65	693
769.7	691
769.75	690
769.8	689
769.85	682
769.9	689
769.95	706
770	724
770.05	724
770.1	711
770.15	728
770.2	732
770.25	740
770.3	748
770.35	741
770.4	731
770.45	756
770.5	757
770.55	757
770.6	762
770.65	767
770.7	778
770.75	790
770.8	791
770.85	800
770.9	812
770.95	810
771	794
771.05	799
771.1	793
771.15	792
771.2	812
771.25	814
771.3	816
771.35	816
771.4	845
771.45	845
771.5	848
771.55	840
771.6	836
771.65	849
771.7	871
771.75	874
771.8	877
771.85	861
771.9	864
771.95	871
772	870
772.05	875
772.1	877
772.15	889
772.2	889
772.25	902
772.3	894
772.35	902
772.4	922
772.45	933
772.5	921
772.55	906
772.6	908
772.65	929
772.7	941
772.75	925
772.8	942
772.85	936
772.9	938
772.95	939
773	939
773.05	944
773.1	952
773.15	959
773.2	968
773.25	974
773.3	976
773.35	979
773.4	983
773.45	990
773.5	988
773.55	990
773.6	998
773.65	1000
773.7	993
773.75	1008
773.8	1001
773.85	1005
773.9	1021
773.95	1025
774	1013
774.05	1034
774.1	1045
774.15	1040
774.2	1025
774.25	1023
774.3	1057
774.35	1066
774.4	1057
774.45	1045
774.5	1049
774.55	1064
774.6	1054
774.65	1082
774.7	1082
774.75	1078
774.8	1091
774.85	1085
774.9	1100
774.95	1099
775	1110
775.05	1121
775.1	1107
775.15	1125
775.2	1115
775.25	1121
775.3	1129
775.35	1152
775.4	1161
775.45	1167
775.5	1169
775.55	1172
775.6	1170
775.65	1178
775.7	1193
775.75	1195
775.8	1212
775.85	1222
775.9	1227
775.95	1237
776	1234
776.05	1239
776.1	1238
776.15	1241
776.2	1245
776.25	1253
776.3	1258
776.35	1262
776.4	1288
776.45	1292
776.5	1281
776.55	1298
776.6	1294
776.65	1299
776.7	1291
776.75	1321
776.8	1333
776.85	1338
776.9	1339
776.95	1334
777	1344
777.05	1363
777.1	1372
777.15	1403
777.2	1393
777.25	1398
777.3	1424
777.35	1430
777.4	1442
777.45	1458
777.5	1451
777.55	1469
777.6	1489
777.65	1491
777.7	1505
777.75	1526
777.8	1542
777.85	1540
777.9	1562
777.95	1563
778	1570
778.05	1592
778.1	1614
778.15	1630
778.2	1667
778.25	1686
778.3	1683
778.35	1695
778.4	1714
778.45	1729
778.5	1750
778.55	1752
778.6	1790
778.65	1816
778.7	1831
778.75	1849
778.8	1864
778.85	1875
778.9	1894
778.95	1927
779	1942
779.05	1978
779.1	2009
779.15	2015
779.2	2031
779.25	2062
779.3	2069
779.35	2099
779.4	2130
779.45	2161
779.5	2171
779.55	2196
779.6	2247
779.65	2261
779.7	2291
779.75	2320
779.8	2365
779.85	2396
779.9	2415
779.95	2453
780	2481
780.05	2546
780.1	2570
780.15	2572
780.2	2617
780.25	2633
780.3	2675
780.35	2734
780.4	2780
780.45	2826
780.5	2845
780.55	2878
780.6	2916
780.65	2985
780.7	3022
780.75	3060
780.8	3099
780.85	3124
780.9	3187
780.95	3241
781	3291
781.05	3331
781.1	3367
781.15	3395
781.2	3427
781.25	3457
781.3	3494
781.35	3513
781.4	3557
781.45	3597
781.5	3629
781.55	3669
781.6	3700
781.65	3704
781.7	3732
781.75	3718
781.8	3732
781.85	3732
781.9	3759
781.95	3772
782	3773
782.05	3742
782.1	3768
782.15	3800
782.2	3786
782.25	3766
782.3	3768
782.35	3773
782.4	3778
782.45	3792
782.5	3760
782.55	3776
782.6	3773
782.65	3754
782.7	3753
782.75	3751
782.8	3780
782.85	3801
782.9	3777
782.95	3787
783	3804
783.05	3792
783.1	3832
783.15	3854
783.2	3830
783.25	3856
783.3	3883
783.35	3901
783.4	3920
783.45	3930
783.5	3949
783.55	3994
783.6	4059
783.65	4055
783.7	4096
783.75	4120
783.8	4120
783.85	4179
783.9	4260
783.95	4286
784	4345
784.05	4403
784.1	4459
784.15	4509
784.2	4509
784.25	4569
784.3	4582
784.35	4680
784.4	4721
784.45	4762
784.5	4826
784.55	4866
784.6	4916
784.65	4966
784.7	5058
784.75	5079
784.8	5155
784.85	5163
784.9	5217
784.95	5248
785	5300
785.05	5354
785.1	5366
785.15	5406
785.2	5419
785.25	5488
785.3	5499
785.35	5495
785.4	5502
785.45	5508
785.5	5525
785.55	5518
785.6	5505
785.65	5510
785.7	5502
785.75	5463
785.8	5425
785.85	5399
785.9	5406
785.95	5337
786	5308
786.05	5299
786.1	5241
786.15	5192
786.2	5139
786.25	5121
786.3	5069
786.35	5050
786.4	4983
786.45	4939
786.5	4880
786.55	4855
786.6	4815
786.65	4761
786.7	4719
786.75	4688
786.8	4668
786.85	4661
786.9	4630
786.95	4626
787	4601
787.05	4580
787.1	4555
787.15	4551
787.2	4545
787.25	4570
787.3	4575
787.35	4540
787.4	4539
787.45	4561
787.5	4564
787.55	4584
787.6	4623
787.65	4651
787.7	4676
787.75	4696
787.8	4737
787.85	4754
787.9	4800
787.95	4846
788	4874
788.05	4894
788.1	4960
788.15	5000
788.2	5080
788.25	5116
788.3	5180
788.35	5225
788.4	5283
788.45	5312
788.5	5381
788.55	5475
788.6	5530
788.65	5584
788.7	5603
788.75	5631
788.8	5696
788.85	5771
788.9	5829
788.95	5898
789	5975
789.05	6010
789.1	6038
789.15	6086
789.2	6142
789.25	6164
789.3	6242
789.35	6300
789.4	6312
789.45	6374
789.5	6394
789.55	6434
789.6	6450
789.65	6459
789.7	6467
789.75	6467
789.8	6512
789.85	6536
789.9	6526
789.95	6539
790	6514
790.05	6524
790.1	6552
790.15	6504
790.2	6498
790.25	6504
790.3	6508
790.35	6470
790.4	6425
790.45	6374
790.5	6428
790.55	6375
790.6	6334
790.65	6281
790.7	6238
790.75	6164
790.8	6170
790.85	6138
790.9	6094
790.95	6103
791	6083
791.05	6058
791.1	5996
791.15	5928
791.2	5902
791.25	5848
791.3	5838
791.35	5814
791.4	5766
791.45	5755
791.5	5707
791.55	5697
791.6	5692
791.65	5646
791.7	5639
791.75	5649
791.8	5635
791.85	5578
791.9	5609
791.95	5596
792	5569
792.05	5573
792.1	5569
792.15	5579
792.2	5612
792.25	5610
792.3	5580
792.35	5609
792.4	5624
792.45	5648
792.5	5704
792.55	5752
792.6	5787
792.65	5816
792.7	5856
792.75	5864
792.8	5891
792.85	5932
792.9	5966
792.95	5988
793	6043
793.05	6104
793.1	6172
793.15	6219
793.2	6291
793.25	6320
793.3	6363
793.35	6382
793.4	6345
793.45	6375
793.5	6387
793.55	6420
793.6	6466
793.65	6468
793.7	6478
793.75	6490
793.8	6482
793.85	6490
793.9	6505
793.95	6442
794	6440
794.05	6436
794.1	6467
794.15	6459
794.2	6470
794.25	6445
794.3	6407
794.35	6440
794.4	6399
794.45	6384
794.5	6381
794.55	6436
794.6	6412
794.65	6402
794.7	6395
794.75	6371
794.8	6323
794.85	6303
794.9	6328
794.95	6261
795	6244
795.05	6222
795.1	6151
795.15	6151
795.2	6092
795.25	6013
795.3	6001
795.35	5911
795.4	5856
795.45	5809
795.5	5746
795.55	5659
795.6	5543
795.65	5498
795.7	5423
795.75	5325
795.8	5254
795.85	5140
795.9	5040
795.95	5017
796	4918
796.05	4839
796.1	4766
796.15	4664
796.2	4602
796.25	4547
796.3	4487
796.35	4379
796.4	4291
796.45	4238
796.5	4196
796.55	4136
796.6	4065
796.65	4002
796.7	3958
796.75	3934
796.8	3882
796.85	3850
796.9	3787
796.95	3756
797	3690
797.05	3657
797.1	3628
797.15	3595
797.2	3533
797.25	3480
797.3	3458
797.35	3406
797.4	3367
797.45	3348
797.5	3315
797.55	3294
797.6	3269
797.65	3234
797.7	3198
797.75	3179
797.8	3133
797.85	3081
797.9	3008
797.95	3012
798	2977
798.05	2952
798.1	2919
798.15	2869
798.2	2812
798.25	2812
798.3	2795
798.35	2743
798.4	2714
798.45	2681
798.5	2636
798.55	2596
798.6	2574
798.65	2547
798.7	2527
798.75	2478
798.8	2460
798.85	2455
798.9	2461
798.95	2435
799	2398
799.05	2375
799.1	2345
799.15	2327
799.2	2305
799.25	2284
799.3	2268
799.35	2254
799.4	2213
799.45	2192
799.5	2179
799.55	2171
799.6	2163
799.65	2141
799.7	2122
799.75	2102
799.8	2084
799.85	2068
799.9	2061
799.95	2064
800	2045
800.05	2030
800.1	2026
800.15	2009
800.2	1994
800.25	2009
800.3	1997
800.35	1979
800.4	1980
800.45	1960
800.5	1939
800.55	1937
800.6	1929
800.65	1925
800.7	1925
800.75	1924
800.8	1926
800.85	1906
800.9	1912
800.95	1889
801	1879
801.05	1879
801.1	1900
801.15	1896
801.2	1886
801.25	1886
801.3	1900
801.35	1878
801.4	1868
801.45	1870
801.5	1871
801.55	1875
801.6	1874
801.65	1889
801.7	1873
801.75	1867
801.8	1845
801.85	1819
801.9	1821
801.95	1848
802	1851
802.05	1865
802.1	1839
802.15	1810
802.2	1814
802.25	1814
802.3	1832
802.35	1818
802.4	1809
802.45	1806
802.5	1790
802.55	1777
802.6	1787
802.65	1788
802.7	1755
802.75	1747
802.8	1740
802.85	1743
802.9	1748
802.95	1727
803	1723
803.05	1731
803.1	1742
803.15	1726
803.2	1710
803.25	1692
803.3	1679
803.35	1671
803.4	1666
803.45	1681
803.5	1654
803.55	1627
803.6	1630
803.65	1640
803.7	1640
803.75	1638
803.8	1605
803.85	1647
803.9	1620
803.95	1608
804	1627
804.05	1614
804.1	1608
804.15	1598
804.2	1581
804.25	1590
804.3	1583
804.35	1586
804.4	1597
804.45	1586
804.5	1573
804.55	1549
804.6	1554
804.65	1577
804.7	1570
804.75	1567
804.8	1567
804.85	1561
804.9	1571
804.95	1568
805	1567
805.05	1539
805.1	1540
805.15	1564
805.2	1570
805.25	1560
805.3	1575
805.35	1567
805.4	1552
805.45	1557
805.5	1565
805.55	1579
805.6	1557
805.65	1546
805.7	1581
805.75	1575
805.8	1567
805.85	1555
805.9	1534
805.95	1562
806	1568
806.05	1550
806.1	1573
806.15	1565
806.2	1559
806.25	1563
806.3	1566
806.35	1569
806.4	1561
806.45	1556
806.5	1540
806.55	1532
806.6	1546
806.65	1551
806.7	1552
806.75	1558
806.8	1570
806.85	1550
806.9	1556
806.95	1550
807	1529
807.05	1529
807.1	1527
807.15	1518
807.2	1514
807.25	1518
807.3	1500
807.35	1485
807.4	1494
807.45	1481
807.5	1476
807.55	1455
807.6	1468
807.65	1465
807.7	1437
807.75	1418
807.8	1412
807.85	1370
807.9	1366
807.95	1356
808	1354
808.05	1358
808.1	1341
808.15	1348
808.2	1308
808.25	1292
808.3	1286
808.35	1275
808.4	1252
808.45	1221
808.5	1227
808.55	1224
808.6	1214
808.65	1183
808.7	1167
808.75	1161
808.8	1152
808.85	1136
808.9	1131
808.95	1127
809	1110
809.05	1105
809.1	1109
809.15	1102
809.2	1095
809.25	1080
809.3	1078
809.35	1075
809.4	1058
809.45	1071
809.5	1057
809.55	1043
809.6	1036
809.65	1031
809.7	1020
809.75	1008
809.8	1002
809.85	989
809.9	1008
809.95	1008
810	996
810.05	986
810.1	973
810.15	965
810.2	973
810.25	972
810.3	951
810.35	963
810.4	969
810.45	963
810.5	947
810.55	954
810.6	945
810.65	937
810.7	939
810.75	957
810.8	940
810.85	924
810.9	905
810.95	921
811	911
811.05	904
811.1	902
811.15	880
811.2	867
811.25	858
811.3	838
811.35	864
811.4	883
811.45	858
811.5	878
811.55	859
811.6	860
811.65	850
811.7	877
811.75	857
811.8	851
811.85	844
811.9	847
811.95	854
812	839
812.05	858
812.1	867
812.15	869
812.2	838
812.25	831
812.3	838
812.35	837
812.4	835
812.45	828
812.5	839
812.55	848
812.6	857
812.65	865
812.7	886
812.75	841
812.8	833
812.85	848
812.9	843
812.95	853
813	852
813.05	836
813.1	854
813.15	871
813.2	896
813.25	893
813.3	891
813.35	862
813.4	862
813.45	876
813.5	877
813.55	891
813.6	901
813.65	888
813.7	907
813.75	893
813.8	895
813.85	895
813.9	892
813.95	901
814	907
814.05	916
814.1	908
814.15	911
814.2	901
814.25	890
814.3	872
814.35	884
814.4	868
814.45	886
814.5	889
814.55	915
814.6	909
814.65	897
814.7	902
814.75	903
814.8	931
814.85	917
814.9	913
814.95	885
815	876
815.05	877
815.1	866
815.15	855
815.2	858
815.25	862
815.3	846
815.35	831
815.4	833
815.45	816
815.5	821
815.55	820
815.6	820
815.65	814
815.7	781
815.75	781
815.8	800
815.85	804
815.9	792
815.95	764
816	767
816.05	784
816.1	770
816.15	763
816.2	741
816.25	721
816.3	743
816.35	727
816.4	701
816.45	710
816.5	682
816.55	692
816.6	666
816.65	676
816.7	671
816.75	669
816.8	676
816.85	641
816.9	631
816.95	632
817	651
817.05	644
817.1	646
817.15	635
817.2	615
817.25	595
817.3	572
817.35	568
817.4	549
817.45	575
817.5	562
817.55	542
817.6	549
817.65	549
817.7	533
817.75	536
817.8	531
817.85	515
817.9	504
817.95	501
818	516
818.05	516
818.1	510
818.15	487
818.2	477
818.25	475
818.3	478
818.35	473
818.4	465
818.45	452
818.5	459
818.55	457
818.6	470
818.65	461
818.7	413
818.75	412
818.8	420
818.85	437
818.9	434
818.95	430
819	429
819.05	427
819.1	427
819.15	403
819.2	435
819.25	437
819.3	424
819.35	416
819.4	429
819.45	425
819.5	386
819.55	394
819.6	400
819.65	397
819.7	382
819.75	381
819.8	366
819.85	370
819.9	367
819.95	353
820	354
820.05	361
820.1	359
820.15	349
820.2	345
820.25	337
820.3	321
820.35	319
820.4	333
820.45	347
820.5	346
820.55	331
820.6	297
820.65	300
820.7	300
820.75	304
820.8	309
820.85	301
820.9	287
820.95	287
821	287
821.05	293
821.1	293
821.15	300
821.2	292
821.25	290
821.3	257
821.35	258
821.4	276
821.45	277
821.5	287
821.55	260
821.6	261
821.65	266
821.7	256
821.75	253
821.8	253
821.85	223
821.9	208
821.95	231
822	237
822.05	242
822.1	235
822.15	226
822.2	220
822.25	233
822.3	227
822.35	233
822.4	247
822.45	233
822.5	228
822.55	224
822.6	217
822.65	198
822.7	202
822.75	204
822.8	201
822.85	191
822.9	169
822.95	149
823	167
823.05	168
823.1	159
823.15	157
823.2	183
823.25	188
823.3	183
823.35	172
823.4	172
823.45	147
823.5	162
823.55	154
823.6	151
823.65	144
823.7	134
823.75	133
823.8	145
823.85	143
823.9	146
823.95	119
824	130
824.05	137
824.1	145
824.15	151
824.2	124
824.25	104
824.3	117
824.35	123
824.4	140
824.45	132
824.5	125
824.55	115
824.6	133
824.65	133
824.7	129
824.75	119
824.8	98
824.85	93
824.9	106
824.95	117
825	115
825.05	127
825.1	130
825.15	110
825.2	108
825.25	99
825.3	95
825.35	96
825.4	113
825.45	116
825.5	105
825.55	112
825.6	102
825.65	100
825.7	97
825.75	97
825.8	104
825.85	109
825.9	94
825.95	96
826	80
826.05	77
826.1	82
826.15	93
826.2	92
826.25	86
826.3	67
826.35	56
826.4	66
826.45	98
826.5	92
826.55	84
826.6	89
826.65	77
826.7	85
826.75	65
826.8	50
826.85	50
826.9	55
826.95	52
827	62
827.05	54
827.1	58
827.15	61
827.2	62
827.25	74
827.3	108
827.35	84
827.4	62
827.45	55
827.5	63
827.55	55
827.6	46
827.65	45
827.7	59
827.75	66
827.8	51
827.85	72
827.9	75
827.95	55
828	45
828.05	40
828.1	34
828.15	51
828.2	75
828.25	46
828.3	61
828.35	65
828.4	68
828.45	59
828.5	71
828.55	49
828.6	51
828.65	74
828.7	78
828.75	67
828.8	58
828.85	47
828.9	16
828.95	43
829	61
829.05	62
829.1	38
829.15	52
829.2	50
829.25	62
829.3	47
829.35	39
829.4	43
829.45	42
829.5	69
829.55	73
829.6	67
829.65	52
829.7	48
829.75	43
829.8	18
829.85	24
829.9	59
829.95	55
830	53
830.05	63
830.1	55
830.15	27
830.2	11
830.25	36
830.3	41
830.35	65
830.4	53
830.45	24
830.5	21
830.55	30
830.6	34
830.65	36
830.7	27
830.75	34
830.8	34
830.85	49
830.9	37
830.95	35
831	46
831.05	31
831.1	16
831.15	27
831.2	43
831.25	48
831.3	57
831.35	48
831.4	44
831.45	67
831.5	44
831.55	14
831.6	26
831.65	34
831.7	48
831.75	44
831.8	41
831.85	54
831.9	62
831.95	16
832	28
832.05	35
832.1	14
832.15	28
832.2	39
832.25	30
832.3	11
832.35	26
832.4	24
832.45	15
832.5	39
832.55	38
832.6	14
832.65	28
832.7	35
832.75	15
832.8	35
832.85	39
832.9	24
832.95	18
833	37
833.05	26
833.1	32
833.15	56
833.2	43
833.25	53
833.3	35
833.35	39
833.4	20
833.45	25
833.5	24
833.55	16
833.6	11
833.65	17
833.7	22
833.75	17
833.8	11
833.85	11
833.9	11
833.95	11
834	11
834.05	16
834.1	41
834.15	44
834.2	32
834.25	32
834.3	41
834.35	35
834.4	24
834.45	25
834.5	25
834.55	33
834.6	29
834.65	29
834.7	47
834.75	65
834.8	46
834.85	14
834.9	35
834.95	18
835	21
835.05	18
835.1	17
835.15	25
835.2	35
835.25	21
835.3	11
835.35	17
835.4	21
835.45	18
835.5	13
835.55	11
835.6	11
835.65	24
835.7	20
835.75	29
835.8	13
835.85	25
835.9	17
835.95	22
836	20
836.05	11
836.1	11
836.15	11
836.2	11
836.25	11
836.3	21
836.35	29
836.4	26
836.45	32
836.5	11
836.55	11
836.6	11
836.65	11
836.7	20
836.75	30
836.8	11
836.85	16
836.9	27
836.95	18
837	43
837.05	32
837.1	11
837.15	11
837.2	11
837.25	11
837.3	11
837.35	11
837.4	11
837.45	11
837.5	24
837.55	33
837.6	31
837.65	13
837.7	11
837.75	11
837.8	21
837.85	15
837.9	17
837.95	12
838	14
838.05	11
838.1	11
838.15	21
838.2	29
838.25	43
838.3	18
838.35	22
838.4	25
838.45	16
838.5	21
838.55	11
838.6	11
838.65	24
838.7	38
838.75	33
838.8	26
838.85	18
838.9	11
838.95	11
839	11
839.05	11
839.1	11
839.15	11
839.2	11
839.25	10
839.3	10
839.35	10
839.4	10
839.45	15
839.5	10
839.55	10
839.6	10
839.65	10
839.7	14
839.75	10
839.8	10
839.85	10
839.9	10
839.95	21
840	10
840.05	10
840.1	10
840.15	19
840.2	49
840.25	34
840.3	21
840.35	10
840.4	10
840.45	10
840.5	10
840.55	10
840.6	17
840.65	25
840.7	10
840.75	19
840.8	15
840.85	19
840.9	24
840.95	22
841	26
841.05	10
841.1	10
841.15	10
841.2	33
841.25	29
841.3	37
841.35	37
841.4	33
841.45	33
841.5	10
841.55	10
841.6	19
841.65	19
841.7	10
841.75	15
841.8	24
841.85	27
841.9	15
841.95	17
842	15
842.05	37
842.1	11
842.15	17
842.2	34
842.25	31
842.3	21
842.35	10
842.4	10
842.45	10
842.5	10
842.55	11
842.6	10
842.65	22
842.7	26
842.75	17
842.8	21
842.85	24
842.9	14
842.95	10
843	10
843.05	10
843.1	28
843.15	34
843.2	47
843.25	21
843.3	10
843.35	15
843.4	31
843.45	10
843.5	10
843.55	10
843.6	27
843.65	10
843.7	10
843.75	10
843.8	10
843.85	10
843.9	10
843.95	29
844	27
844.05	16
844.1	15
844.15	13
844.2	11
844.25	10
844.3	31
844.35	32
844.4	13
844.45	10
844.5	10
844.55	10
844.6	10
844.65	10
844.7	46
844.75	33
844.8	10
844.85	10
844.9	10
844.95	10
845	10
845.05	12
845.1	10
845.15	10
845.2	11
845.25	27
845.3	47
845.35	15
845.4	10
845.45	24
845.5	10
845.55	10
845.6	10
845.65	15
845.7	33
845.75	33
845.8	10
845.85	10
845.9	10
845.95	10
846	10
846.05	10
846.1	10
846.15	10
846.2	10
846.25	10
846.3	10
846.35	10
846.4	33
846.45	39
846.5	10
846.55	10
846.6	10
846.65	16
846.7	10
846.75	10
846.8	10
846.85	17
846.9	27
846.95	21
847	36
847.05	33
847.1	35
847.15	33
847.2	27
847.25	21
847.3	15
847.35	16
847.4	10
847.45	27
847.5	20
847.55	28
847.6	27
847.65	25
847.7	10
847.75	10
847.8	44
847.85	15
847.9	16
847.95	17
848	21
848.05	32
848.1	33
848.15	17
848.2	19
848.25	59
848.3	61
848.35	59
848.4	30
848.45	24
848.5	10
848.55	10
848.6	24
848.65	43
848.7	24
848.75	16
848.8	10
848.85	13
848.9	10
848.95	10
849	16
849.05	22
849.1	10
849.15	17
849.2	15
849.25	10
849.3	10
849.35	19
849.4	10
849.45	10
849.5	31
849.55	44
849.6	22
849.65	28
849.7	10
849.75	10
849.8	10
849.85	24
849.9	54
849.95	50
850	36
