# Optical absorption spectrum of Program fragment delivered error ``Can't call method "sample_" on an undefined value at abs.template line 1.'':LUAG (Tm:Lu3Al5O12)
# assuming unity concentration per meter.  This data was part of the NASA 
# Laser Spectra Database found on the web until December of 2005 which
# was created by Pat Cross working at NASA Langley Research Center, Internal
# Operations Group, Aerospace Electronics Systems Division, Remote Sensing.
#
# The spectra was collected by BMW on  5 June 1993 and was 
# annotated on 12 March 1993.  The sample name was "" was a 9.9300
# long piece of :.   
# The incident light had unknown polarization.
#
# Spectra were recorded from 1500 to 2200nm
# every 0.2nm at room temperature.
#
# FILE NAME ON IBM-PC = LUAG6.SP ON MAC= P12023.01 NO_POINTS = 3501. pts DATA_INTV = .00020 _m MIN_LAMBDA = 1.500000 _m MIN_DATA = .39750 MAX_LAMBDA = 2.200000 _m MAX_DATA = .85740 SCANSPEED = 15.000000 nm/min SLITWIDTH= .20000 nmITA = 0. RESP = .500 sec ISMS = 0. DATE=93/05/06 INST = 509. ? = 0. ITHACA CORP. SAMPLE 3:41:19 12-03-1993.
#
##Wavelength (nm)	Absorbance (/meter) 
1500	252
1500.2	252
1500.4	332
1500.6	237
1500.8	250
1501	237
1501.2	204
1501.4	209
1501.6	209
1501.8	180
1502	151
1502.2	69
1502.4	120
1502.6	173
1502.8	130
1503	168
1503.2	152
1503.4	101
1503.6	186
1503.8	217
1504	229
1504.2	263
1504.4	244
1504.6	264
1504.8	254
1505	269
1505.2	305
1505.4	242
1505.6	170
1505.8	286
1506	277
1506.2	197
1506.4	267
1506.6	301
1506.8	175
1507	168
1507.2	226
1507.4	243
1507.6	197
1507.8	94
1508	176
1508.2	198
1508.4	162
1508.6	171
1508.8	186
1509	133
1509.2	235
1509.4	189
1509.6	196
1509.8	189
1510	245
1510.2	160
1510.4	228
1510.6	165
1510.8	257
1511	187
1511.2	209
1511.4	299
1511.6	219
1511.8	238
1512	175
1512.2	127
1512.4	152
1512.6	185
1512.8	149
1513	191
1513.2	229
1513.4	147
1513.6	283
1513.8	300
1514	254
1514.2	286
1514.4	252
1514.6	259
1514.8	276
1515	293
1515.2	345
1515.4	391
1515.6	260
1515.8	311
1516	382
1516.2	345
1516.4	270
1516.6	292
1516.8	260
1517	287
1517.2	278
1517.4	234
1517.6	263
1517.8	263
1518	237
1518.2	278
1518.4	198
1518.6	189
1518.8	244
1519	228
1519.2	332
1519.4	288
1519.6	340
1519.8	286
1520	279
1520.2	262
1520.4	340
1520.6	279
1520.8	279
1521	248
1521.2	255
1521.4	377
1521.6	260
1521.8	207
1522	222
1522.2	171
1522.4	244
1522.6	254
1522.8	225
1523	261
1523.2	218
1523.4	242
1523.6	296
1523.8	286
1524	325
1524.2	315
1524.4	296
1524.6	303
1524.8	418
1525	330
1525.2	277
1525.4	311
1525.6	311
1525.8	333
1526	258
1526.2	307
1526.4	421
1526.6	287
1526.8	297
1527	273
1527.2	205
1527.4	278
1527.6	220
1527.8	145
1528	230
1528.2	225
1528.4	233
1528.6	204
1528.8	252
1529	240
1529.2	345
1529.4	265
1529.6	255
1529.8	262
1530	207
1530.2	343
1530.4	297
1530.6	304
1530.8	311
1531	198
1531.2	236
1531.4	322
1531.6	305
1531.8	322
1532	317
1532.2	232
1532.4	225
1532.6	300
1532.8	317
1533	342
1533.2	271
1533.4	335
1533.6	371
1533.8	318
1534	320
1534.2	345
1534.4	304
1534.6	355
1534.8	453
1535	399
1535.2	428
1535.4	397
1535.6	263
1535.8	343
1536	309
1536.2	409
1536.4	327
1536.6	346
1536.8	378
1537	312
1537.2	288
1537.4	366
1537.6	206
1537.8	274
1538	337
1538.2	301
1538.4	279
1538.6	364
1538.8	279
1539	326
1539.2	389
1539.4	423
1539.6	409
1539.8	304
1540	309
1540.2	470
1540.4	404
1540.6	395
1540.8	451
1541	348
1541.2	371
1541.4	446
1541.6	437
1541.8	317
1542	339
1542.2	347
1542.4	361
1542.6	293
1542.8	332
1543	301
1543.2	303
1543.4	274
1543.6	347
1543.8	275
1544	362
1544.2	431
1544.4	285
1544.6	304
1544.8	448
1545	338
1545.2	356
1545.4	283
1545.6	229
1545.8	285
1546	276
1546.2	324
1546.4	286
1546.6	235
1546.8	269
1547	325
1547.2	235
1547.4	289
1547.6	286
1547.8	146
1548	287
1548.2	272
1548.4	299
1548.6	301
1548.8	265
1549	428
1549.2	426
1549.4	368
1549.6	434
1549.8	451
1550	373
1550.2	476
1550.4	446
1550.6	459
1550.8	449
1551	451
1551.2	420
1551.4	391
1551.6	415
1551.8	371
1552	427
1552.2	289
1552.4	408
1552.6	359
1552.8	401
1553	323
1553.2	323
1553.4	384
1553.6	445
1553.8	372
1554	331
1554.2	351
1554.4	341
1554.6	373
1554.8	375
1555	368
1555.2	466
1555.4	412
1555.6	342
1555.8	403
1556	322
1556.2	408
1556.4	376
1556.6	330
1556.8	315
1557	367
1557.2	320
1557.4	360
1557.6	340
1557.8	311
1558	355
1558.2	345
1558.4	389
1558.6	365
1558.8	353
1559	426
1559.2	363
1559.4	404
1559.6	427
1559.8	441
1560	405
1560.2	483
1560.4	537
1560.6	454
1560.8	398
1561	344
1561.2	435
1561.4	420
1561.6	386
1561.8	430
1562	340
1562.2	279
1562.4	369
1562.6	309
1562.8	321
1563	302
1563.2	282
1563.4	292
1563.6	297
1563.8	305
1564	336
1564.2	220
1564.4	268
1564.6	239
1564.8	361
1565	312
1565.2	322
1565.4	245
1565.6	342
1565.8	383
1566	357
1566.2	403
1566.4	345
1566.6	274
1566.8	384
1567	443
1567.2	374
1567.4	460
1567.6	375
1567.8	326
1568	355
1568.2	424
1568.4	443
1568.6	397
1568.8	348
1569	547
1569.2	451
1569.4	385
1569.6	442
1569.8	466
1570	461
1570.2	565
1570.4	496
1570.6	447
1570.8	459
1571	357
1571.2	447
1571.4	447
1571.6	360
1571.8	396
1572	362
1572.2	280
1572.4	406
1572.6	292
1572.8	365
1573	341
1573.2	268
1573.4	341
1573.6	409
1573.8	354
1574	417
1574.2	344
1574.4	373
1574.6	479
1574.8	442
1575	352
1575.2	405
1575.4	398
1575.6	389
1575.8	545
1576	479
1576.2	538
1576.4	477
1576.6	389
1576.8	470
1577	423
1577.2	473
1577.4	470
1577.6	470
1577.8	399
1578	446
1578.2	446
1578.4	419
1578.6	427
1578.8	398
1579	439
1579.2	464
1579.4	403
1579.6	430
1579.8	391
1580	335
1580.2	469
1580.4	430
1580.6	442
1580.8	521
1581	438
1581.2	561
1581.4	502
1581.6	448
1581.8	463
1582	414
1582.2	409
1582.4	497
1582.6	439
1582.8	449
1583	485
1583.2	446
1583.4	503
1583.6	464
1583.8	518
1584	535
1584.2	530
1584.4	525
1584.6	570
1584.8	521
1585	575
1585.2	565
1585.4	563
1585.6	558
1585.8	666
1586	597
1586.2	610
1586.4	524
1586.6	482
1586.8	559
1587	576
1587.2	596
1587.4	537
1587.6	522
1587.8	439
1588	515
1588.2	473
1588.4	589
1588.6	547
1588.8	476
1589	555
1589.2	523
1589.4	528
1589.6	570
1589.8	617
1590	496
1590.2	624
1590.4	607
1590.6	629
1590.8	677
1591	615
1591.2	637
1591.4	669
1591.6	628
1591.8	734
1592	625
1592.2	657
1592.4	752
1592.6	631
1592.8	628
1593	616
1593.2	599
1593.4	619
1593.6	606
1593.8	582
1594	663
1594.2	555
1594.4	597
1594.6	600
1594.8	592
1595	654
1595.2	629
1595.4	575
1595.6	568
1595.8	635
1596	674
1596.2	724
1596.4	618
1596.6	542
1596.8	714
1597	640
1597.2	690
1597.4	685
1597.6	633
1597.8	540
1598	656
1598.2	596
1598.4	685
1598.6	740
1598.8	658
1599	698
1599.2	711
1599.4	659
1599.6	723
1599.8	780
1600	798
1600.2	820
1600.4	845
1600.6	870
1600.8	866
1601	841
1601.2	941
1601.4	916
1601.6	869
1601.8	979
1602	966
1602.2	896
1602.4	936
1602.6	952
1602.8	907
1603	917
1603.2	862
1603.4	894
1603.6	935
1603.8	892
1604	885
1604.2	820
1604.4	803
1604.6	965
1604.8	925
1605	923
1605.2	858
1605.4	870
1605.6	851
1605.8	951
1606	901
1606.2	971
1606.4	959
1606.6	941
1606.8	1047
1607	1014
1607.2	1009
1607.4	1082
1607.6	1017
1607.8	1030
1608	1103
1608.2	1080
1608.4	1151
1608.6	1090
1608.8	1121
1609	1116
1609.2	1121
1609.4	1096
1609.6	1202
1609.8	1139
1610	1230
1610.2	1276
1610.4	1215
1610.6	1200
1610.8	1307
1611	1282
1611.2	1305
1611.4	1387
1611.6	1236
1611.8	1397
1612	1282
1612.2	1257
1612.4	1331
1612.6	1352
1612.8	1362
1613	1298
1613.2	1237
1613.4	1344
1613.6	1398
1613.8	1368
1614	1432
1614.2	1386
1614.4	1404
1614.6	1548
1614.8	1558
1615	1631
1615.2	1696
1615.4	1699
1615.6	1743
1615.8	1850
1616	1947
1616.2	2016
1616.4	1995
1616.6	2032
1616.8	2202
1617	2272
1617.2	2349
1617.4	2368
1617.6	2395
1617.8	2563
1618	2658
1618.2	2675
1618.4	2784
1618.6	2853
1618.8	2986
1619	3257
1619.2	3361
1619.4	3597
1619.6	3778
1619.8	3896
1620	4245
1620.2	4515
1620.4	4783
1620.6	5178
1620.8	5536
1621	5873
1621.2	6460
1621.4	6866
1621.6	7394
1621.8	7826
1622	8229
1622.2	8809
1622.4	9239
1622.6	9410
1622.8	9694
1623	9795
1623.2	9822
1623.4	9683
1623.6	9491
1623.8	9300
1624	9112
1624.2	8563
1624.4	8180
1624.6	7828
1624.8	7399
1625	6989
1625.2	6644
1625.4	6246
1625.6	5907
1625.8	5646
1626	5242
1626.2	5097
1626.4	4825
1626.6	4614
1626.8	4500
1627	4319
1627.2	4266
1627.4	4210
1627.6	4002
1627.8	4040
1628	4058
1628.2	4038
1628.4	4052
1628.6	4070
1628.8	4015
1629	4173
1629.2	4270
1629.4	4457
1629.6	4610
1629.8	4673
1630	4937
1630.2	5229
1630.4	5385
1630.6	5843
1630.8	6226
1631	6568
1631.2	7173
1631.4	7754
1631.6	8396
1631.8	8992
1632	9541
1632.2	10343
1632.4	11258
1632.6	12099
1632.8	13017
1633	13731
1633.2	14204
1633.4	15009
1633.6	15120
1633.8	15110
1634	15145
1634.2	14438
1634.4	13803
1634.6	13146
1634.8	12226
1635	11180
1635.2	10329
1635.4	9409
1635.6	8738
1635.8	7950
1636	7182
1636.2	6723
1636.4	6019
1636.6	5541
1636.8	5189
1637	4776
1637.2	4408
1637.4	4034
1637.6	3715
1637.8	3584
1638	3436
1638.2	3088
1638.4	2960
1638.6	2724
1638.8	2601
1639	2517
1639.2	2345
1639.4	2291
1639.6	2153
1639.8	1941
1640	1918
1640.2	1960
1640.4	1777
1640.6	1756
1640.8	1662
1641	1660
1641.2	1554
1641.4	1487
1641.6	1469
1641.8	1510
1642	1377
1642.2	1352
1642.4	1431
1642.6	1306
1642.8	1332
1643	1260
1643.2	1243
1643.4	1273
1643.6	1240
1643.8	1202
1644	1192
1644.2	1086
1644.4	1071
1644.6	1193
1644.8	1004
1645	1092
1645.2	974
1645.4	996
1645.6	954
1645.8	972
1646	949
1646.2	1007
1646.4	934
1646.6	992
1646.8	1063
1647	952
1647.2	962
1647.4	1040
1647.6	970
1647.8	1038
1648	1091
1648.2	1078
1648.4	1167
1648.6	1053
1648.8	1175
1649	1228
1649.2	1198
1649.4	1215
1649.6	1274
1649.8	1233
1650	1236
1650.2	1264
1650.4	1216
1650.6	1269
1650.8	1270
1651	1178
1651.2	1219
1651.4	1146
1651.6	1174
1651.8	1222
1652	1100
1652.2	1219
1652.4	1253
1652.6	1149
1652.8	1283
1653	1114
1653.2	1245
1653.4	1347
1653.6	1319
1653.8	1332
1654	1399
1654.2	1371
1654.4	1473
1654.6	1538
1654.8	1592
1655	1634
1655.2	1600
1655.4	1634
1655.6	1766
1655.8	1842
1656	1908
1656.2	1918
1656.4	1897
1656.6	2003
1656.8	2130
1657	2133
1657.2	2231
1657.4	2199
1657.6	2210
1657.8	2314
1658	2333
1658.2	2232
1658.4	2218
1658.6	2128
1658.8	2081
1659	2139
1659.2	1983
1659.4	1975
1659.6	1881
1659.8	1818
1660	1836
1660.2	1693
1660.4	1696
1660.6	1660
1660.8	1497
1661	1500
1661.2	1474
1661.4	1405
1661.6	1375
1661.8	1377
1662	1331
1662.2	1331
1662.4	1360
1662.6	1304
1662.8	1408
1663	1355
1663.2	1322
1663.4	1470
1663.6	1460
1663.8	1458
1664	1460
1664.2	1478
1664.4	1540
1664.6	1494
1664.8	1540
1665	1520
1665.2	1484
1665.4	1507
1665.6	1574
1665.8	1585
1666	1502
1666.2	1446
1666.4	1415
1666.6	1508
1666.8	1449
1667	1421
1667.2	1477
1667.4	1452
1667.6	1378
1667.8	1493
1668	1460
1668.2	1483
1668.4	1496
1668.6	1409
1668.8	1501
1669	1543
1669.2	1633
1669.4	1592
1669.6	1517
1669.8	1605
1670	1683
1670.2	1818
1670.4	1621
1670.6	1600
1670.8	1816
1671	1782
1671.2	1889
1671.4	1900
1671.6	1843
1671.8	1953
1672	2140
1672.2	2101
1672.4	2218
1672.6	2255
1672.8	2175
1673	2309
1673.2	2371
1673.4	2408
1673.6	2473
1673.8	2619
1674	2671
1674.2	2824
1674.4	2849
1674.6	3009
1674.8	3065
1675	3124
1675.2	3311
1675.4	3413
1675.6	3498
1675.8	3663
1676	3652
1676.2	3897
1676.4	3984
1676.6	4092
1676.8	4248
1677	4313
1677.2	4419
1677.4	4614
1677.6	4659
1677.8	4737
1678	5038
1678.2	4993
1678.4	5042
1678.6	5282
1678.8	5270
1679	5404
1679.2	5457
1679.4	5460
1679.6	5473
1679.8	5611
1680	5678
1680.2	5656
1680.4	5533
1680.6	5738
1680.8	5786
1681	5741
1681.2	5878
1681.4	5808
1681.6	5764
1681.8	5780
1682	5850
1682.2	5927
1682.4	5978
1682.6	5911
1682.8	6027
1683	6062
1683.2	5979
1683.4	6202
1683.6	6218
1683.8	6156
1684	6228
1684.2	6231
1684.4	6073
1684.6	6070
1684.8	5973
1685	5877
1685.2	5906
1685.4	5750
1685.6	5598
1685.8	5435
1686	5206
1686.2	5221
1686.4	5006
1686.6	4839
1686.8	4718
1687	4556
1687.2	4410
1687.4	4250
1687.6	4118
1687.8	4063
1688	3914
1688.2	3741
1688.4	3650
1688.6	3519
1688.8	3474
1689	3451
1689.2	3260
1689.4	3212
1689.6	3193
1689.8	3115
1690	2998
1690.2	2987
1690.4	2869
1690.6	2921
1690.8	2905
1691	2850
1691.2	2866
1691.4	2866
1691.6	2770
1691.8	2853
1692	2817
1692.2	2815
1692.4	2815
1692.6	2722
1692.8	2749
1693	2845
1693.2	2810
1693.4	2873
1693.6	2785
1693.8	2821
1694	2854
1694.2	2887
1694.4	2895
1694.6	2967
1694.8	3048
1695	3023
1695.2	3098
1695.4	3098
1695.6	3154
1695.8	3204
1696	3221
1696.2	3255
1696.4	3274
1696.6	3233
1696.8	3300
1697	3227
1697.2	3233
1697.4	3289
1697.6	3253
1697.8	3222
1698	3261
1698.2	3133
1698.4	3150
1698.6	3122
1698.8	3066
1699	3119
1699.2	3061
1699.4	3028
1699.6	3042
1699.8	2956
1700	2953
1700.2	2896
1700.4	2888
1700.6	2888
1700.8	2849
1701	2863
1701.2	2860
1701.4	2756
1701.6	2735
1701.8	2653
1702	2626
1702.2	2542
1702.4	2547
1702.6	2426
1702.8	2450
1703	2375
1703.2	2343
1703.4	2346
1703.6	2245
1703.8	2173
1704	2231
1704.2	2165
1704.4	2107
1704.6	2073
1704.8	1917
1705	1936
1705.2	1952
1705.4	1928
1705.6	1978
1705.8	1886
1706	1889
1706.2	1944
1706.4	1965
1706.6	1945
1706.8	2018
1707	1911
1707.2	1937
1707.4	2000
1707.6	2056
1707.8	2167
1708	2130
1708.2	2122
1708.4	2223
1708.6	2341
1708.8	2505
1709	2586
1709.2	2619
1709.4	2763
1709.6	3122
1709.8	3248
1710	3360
1710.2	3733
1710.4	4022
1710.6	4324
1710.8	4652
1711	5105
1711.2	5577
1711.4	6016
1711.6	6649
1711.8	7004
1712	7290
1712.2	7621
1712.4	7972
1712.6	7994
1712.8	8150
1713	7920
1713.2	7712
1713.4	7290
1713.6	6747
1713.8	6380
1714	5988
1714.2	5481
1714.4	4981
1714.6	4645
1714.8	4385
1715	4118
1715.2	3810
1715.4	3661
1715.6	3533
1715.8	3358
1716	3162
1716.2	3218
1716.4	3095
1716.6	3048
1716.8	2926
1717	2825
1717.2	2852
1717.4	2759
1717.6	2661
1717.8	2542
1718	2553
1718.2	2372
1718.4	2434
1718.6	2279
1718.8	2141
1719	2165
1719.2	2067
1719.4	1993
1719.6	1956
1719.8	1902
1720	1828
1720.2	1706
1720.4	1680
1720.6	1670
1720.8	1608
1721	1572
1721.2	1557
1721.4	1388
1721.6	1424
1721.8	1542
1722	1465
1722.2	1429
1722.4	1432
1722.6	1360
1722.8	1383
1723	1338
1723.2	1233
1723.4	1312
1723.6	1274
1723.8	1249
1724	1369
1724.2	1242
1724.4	1305
1724.6	1326
1724.8	1204
1725	1262
1725.2	1339
1725.4	1214
1725.6	1321
1725.8	1215
1726	1268
1726.2	1314
1726.4	1283
1726.6	1263
1726.8	1375
1727	1286
1727.2	1426
1727.4	1468
1727.6	1419
1727.8	1519
1728	1529
1728.2	1517
1728.4	1527
1728.6	1664
1728.8	1630
1729	1693
1729.2	1693
1729.4	1776
1729.6	1909
1729.8	1901
1730	1946
1730.2	1978
1730.4	2004
1730.6	2105
1730.8	2155
1731	2176
1731.2	2283
1731.4	2246
1731.6	2299
1731.8	2471
1732	2555
1732.2	2468
1732.4	2466
1732.6	2431
1732.8	2498
1733	2488
1733.2	2386
1733.4	2359
1733.6	2311
1733.8	2202
1734	2170
1734.2	2054
1734.4	2017
1734.6	1998
1734.8	1909
1735	1883
1735.2	1789
1735.4	1766
1735.6	1771
1735.8	1626
1736	1523
1736.2	1485
1736.4	1575
1736.6	1483
1736.8	1357
1737	1289
1737.2	1264
1737.4	1302
1737.6	1249
1737.8	1233
1738	1145
1738.2	1155
1738.4	1191
1738.6	1130
1738.8	1118
1739	1133
1739.2	1118
1739.4	1121
1739.6	1126
1739.8	1023
1740	1141
1740.2	1073
1740.4	948
1740.6	1053
1740.8	1063
1741	1028
1741.2	1026
1741.4	944
1741.6	1071
1741.8	1061
1742	1054
1742.2	1044
1742.4	984
1742.6	997
1742.8	1062
1743	1045
1743.2	1040
1743.4	1135
1743.6	1118
1743.8	1118
1744	1252
1744.2	1277
1744.4	1300
1744.6	1359
1744.8	1397
1745	1474
1745.2	1549
1745.4	1541
1745.6	1680
1745.8	1611
1746	1769
1746.2	1933
1746.4	1900
1746.6	2034
1746.8	2192
1747	2214
1747.2	2390
1747.4	2482
1747.6	2592
1747.8	2799
1748	2918
1748.2	3114
1748.4	3389
1748.6	3707
1748.8	3992
1749	4255
1749.2	4442
1749.4	4914
1749.6	5152
1749.8	5363
1750	5638
1750.2	5831
1750.4	5822
1750.6	5898
1750.8	5914
1751	5724
1751.2	5632
1751.4	5199
1751.6	5104
1751.8	4679
1752	4461
1752.2	4213
1752.4	3925
1752.6	3686
1752.8	3510
1753	3259
1753.2	3006
1753.4	2959
1753.6	2628
1753.8	2539
1754	2525
1754.2	2421
1754.4	2268
1754.6	2170
1754.8	2011
1755	2099
1755.2	2041
1755.4	1959
1755.6	1967
1755.8	1873
1756	1884
1756.2	1973
1756.4	1931
1756.6	1960
1756.8	1928
1757	1931
1757.2	2013
1757.4	1984
1757.6	1934
1757.8	1960
1758	1942
1758.2	1945
1758.4	2013
1758.6	1890
1758.8	1998
1759	1987
1759.2	1885
1759.4	1935
1759.6	1914
1759.8	1831
1760	1854
1760.2	1755
1760.4	1753
1760.6	1789
1760.8	1725
1761	1722
1761.2	1722
1761.4	1634
1761.6	1686
1761.8	1684
1762	1627
1762.2	1632
1762.4	1552
1762.6	1601
1762.8	1702
1763	1638
1763.2	1537
1763.4	1571
1763.6	1504
1763.8	1540
1764	1561
1764.2	1510
1764.4	1543
1764.6	1482
1764.8	1443
1765	1490
1765.2	1469
1765.4	1403
1765.6	1349
1765.8	1365
1766	1357
1766.2	1398
1766.4	1334
1766.6	1309
1766.8	1271
1767	1276
1767.2	1371
1767.4	1378
1767.6	1399
1767.8	1424
1768	1340
1768.2	1363
1768.4	1343
1768.6	1410
1768.8	1315
1769	1255
1769.2	1255
1769.4	1280
1769.6	1298
1769.8	1270
1770	1197
1770.2	1225
1770.4	1200
1770.6	1243
1770.8	1137
1771	1238
1771.2	1165
1771.4	1077
1771.6	1218
1771.8	1228
1772	1155
1772.2	1178
1772.4	1213
1772.6	1224
1772.8	1325
1773	1183
1773.2	1224
1773.4	1264
1773.6	1186
1773.8	1262
1774	1336
1774.2	1293
1774.4	1336
1774.6	1298
1774.8	1298
1775	1382
1775.2	1303
1775.4	1342
1775.6	1411
1775.8	1327
1776	1243
1776.2	1439
1776.4	1398
1776.6	1439
1776.8	1439
1777	1475
1777.2	1501
1777.4	1555
1777.6	1583
1777.8	1697
1778	1589
1778.2	1684
1778.4	1898
1778.6	1848
1778.8	1958
1779	1953
1779.2	1998
1779.4	2037
1779.6	2077
1779.8	2154
1780	2263
1780.2	2186
1780.4	2215
1780.6	2292
1780.8	2234
1781	2271
1781.2	2234
1781.4	2115
1781.6	2269
1781.8	2197
1782	2078
1782.2	2126
1782.4	1989
1782.6	1960
1782.8	2052
1783	1871
1783.2	1874
1783.4	1827
1783.6	1685
1783.8	1757
1784	1630
1784.2	1618
1784.4	1559
1784.6	1479
1784.8	1349
1785	1433
1785.2	1398
1785.4	1273
1785.6	1256
1785.8	1258
1786	1296
1786.2	1175
1786.4	1022
1786.6	1049
1786.8	974
1787	892
1787.2	1027
1787.4	903
1787.6	885
1787.8	878
1788	779
1788.2	774
1788.4	814
1788.6	814
1788.8	819
1789	747
1789.2	760
1789.4	854
1789.6	842
1789.8	787
1790	819
1790.2	713
1790.4	785
1790.6	835
1790.8	716
1791	825
1791.2	825
1791.4	729
1791.6	793
1791.8	830
1792	788
1792.2	788
1792.4	744
1792.6	712
1792.8	774
1793	702
1793.2	715
1793.4	646
1793.6	631
1793.8	705
1794	693
1794.2	688
1794.4	671
1794.6	666
1794.8	627
1795	696
1795.2	686
1795.4	694
1795.6	723
1795.8	655
1796	771
1796.2	706
1796.4	613
1796.6	682
1796.8	648
1797	699
1797.2	744
1797.4	717
1797.6	690
1797.8	705
1798	688
1798.2	727
1798.4	700
1798.6	705
1798.8	693
1799	617
1799.2	686
1799.4	738
1799.6	745
1799.8	706
1800	785
1800.2	706
1800.4	682
1800.6	706
1800.8	741
1801	768
1801.2	675
1801.4	724
1801.6	835
1801.8	695
1802	751
1802.2	764
1802.4	697
1802.6	791
1802.8	821
1803	749
1803.2	769
1803.4	693
1803.6	691
1803.8	849
1804	765
1804.2	740
1804.4	775
1804.6	708
1804.8	718
1805	815
1805.2	736
1805.4	812
1805.6	731
1805.8	778
1806	734
1806.2	867
1806.4	783
1806.6	863
1806.8	811
1807	808
1807.2	950
1807.4	880
1807.6	893
1807.8	948
1808	871
1808.2	976
1808.4	958
1808.6	906
1808.8	1036
1809	889
1809.2	839
1809.4	969
1809.6	926
1809.8	822
1810	810
1810.2	778
1810.4	743
1810.6	800
1810.8	721
1811	724
1811.2	643
1811.4	626
1811.6	707
1811.8	611
1812	633
1812.2	665
1812.4	619
1812.6	582
1812.8	590
1813	514
1813.2	597
1813.4	517
1813.6	461
1813.8	502
1814	549
1814.2	512
1814.4	529
1814.6	505
1814.8	478
1815	623
1815.2	527
1815.4	584
1815.6	503
1815.8	467
1816	438
1816.2	489
1816.4	370
1816.6	484
1816.8	511
1817	402
1817.2	489
1817.4	531
1817.6	443
1817.8	431
1818	483
1818.2	583
1818.4	583
1818.6	497
1818.8	595
1819	481
1819.2	376
1819.4	559
1819.6	615
1819.8	603
1820	687
1820.2	731
1820.4	694
1820.6	667
1820.8	628
1821	565
1821.2	499
1821.4	511
1821.6	692
1821.8	695
1822	575
1822.2	656
1822.4	595
1822.6	478
1822.8	534
1823	475
1823.2	524
1823.4	590
1823.6	437
1823.8	525
1824	588
1824.2	544
1824.4	632
1824.6	469
1824.8	411
1825	586
1825.2	511
1825.4	506
1825.6	467
1825.8	448
1826	577
1826.2	673
1826.4	553
1826.6	641
1826.8	543
1827	431
1827.2	448
1827.4	487
1827.6	607
1827.8	617
1828	625
1828.2	659
1828.4	644
1828.6	537
1828.8	547
1829	513
1829.2	498
1829.4	557
1829.6	552
1829.8	513
1830	516
1830.2	591
1830.4	555
1830.6	565
1830.8	545
1831	565
1831.2	548
1831.4	455
1831.6	531
1831.8	526
1832	419
1832.2	595
1832.4	526
1832.6	514
1832.8	561
1833	652
1833.2	546
1833.4	566
1833.6	449
1833.8	522
1834	593
1834.2	508
1834.4	518
1834.6	491
1834.8	430
1835	503
1835.2	418
1835.4	363
1835.6	404
1835.8	279
1836	303
1836.2	383
1836.4	409
1836.6	419
1836.8	397
1837	262
1837.2	376
1837.4	429
1837.6	522
1837.8	500
1838	466
1838.2	442
1838.4	532
1838.6	348
1838.8	432
1839	469
1839.2	515
1839.4	564
1839.6	675
1839.8	670
1840	614
1840.2	552
1840.4	484
1840.6	477
1840.8	487
1841	492
1841.2	526
1841.4	482
1841.6	605
1841.8	617
1842	534
1842.2	493
1842.4	415
1842.6	379
1842.8	405
1843	388
1843.2	442
1843.4	457
1843.6	496
1843.8	452
1844	520
1844.2	440
1844.4	533
1844.6	448
1844.8	406
1845	545
1845.2	518
1845.4	475
1845.6	489
1845.8	407
1846	446
1846.2	456
1846.4	458
1846.6	436
1846.8	490
1847	466
1847.2	391
1847.4	451
1847.6	338
1847.8	321
1848	266
1848.2	266
1848.4	449
1848.6	345
1848.8	266
1849	348
1849.2	336
1849.4	418
1849.6	385
1849.8	421
1850	504
1850.2	414
1850.4	468
1850.6	509
1850.8	451
1851	417
1851.2	412
1851.4	376
1851.6	347
1851.8	434
1852	333
1852.2	434
1852.4	507
1852.6	398
1852.8	435
1853	449
1853.2	435
1853.4	491
1853.6	302
1853.8	295
1854	370
1854.2	264
1854.4	307
1854.6	300
1854.8	228
1855	315
1855.2	296
1855.4	209
1855.6	359
1855.8	354
1856	388
1856.2	453
1856.4	412
1856.6	354
1856.8	393
1857	297
1857.2	330
1857.4	306
1857.6	319
1857.8	382
1858	384
1858.2	358
1858.4	542
1858.6	418
1858.8	472
1859	528
1859.2	465
1859.4	428
1859.6	540
1859.8	436
1860	477
1860.2	354
1860.4	260
1860.6	388
1860.8	395
1861	386
1861.2	328
1861.4	275
1861.6	447
1861.8	425
1862	430
1862.2	406
1862.4	449
1862.6	418
1862.8	474
1863	428
1863.2	387
1863.4	404
1863.6	334
1863.8	392
1864	416
1864.2	402
1864.4	487
1864.6	492
1864.8	320
1865	378
1865.2	402
1865.4	405
1865.6	466
1865.8	354
1866	432
1866.2	429
1866.4	357
1866.6	367
1866.8	459
1867	331
1867.2	396
1867.4	501
1867.6	430
1867.8	416
1868	295
1868.2	259
1868.4	372
1868.6	358
1868.8	315
1869	373
1869.2	404
1869.4	524
1869.6	494
1869.8	536
1870	585
1870.2	558
1870.4	505
1870.6	595
1870.8	558
1871	607
1871.2	632
1871.4	603
1871.6	471
1871.8	608
1872	736
1872.2	723
1872.4	630
1872.6	694
1872.8	788
1873	790
1873.2	667
1873.4	662
1873.6	606
1873.8	555
1874	584
1874.2	570
1874.4	560
1874.6	575
1874.8	600
1875	582
1875.2	624
1875.4	588
1875.6	602
1875.8	515
1876	434
1876.2	495
1876.4	505
1876.6	591
1876.8	539
1877	450
1877.2	501
1877.4	591
1877.6	481
1877.8	426
1878	443
1878.2	462
1878.4	496
1878.6	575
1878.8	562
1879	565
1879.2	550
1879.4	546
1879.6	534
1879.8	651
1880	614
1880.2	544
1880.4	446
1880.6	568
1880.8	598
1881	549
1881.2	588
1881.4	547
1881.6	476
1881.8	474
1882	589
1882.2	576
1882.4	542
1882.6	574
1882.8	660
1883	577
1883.2	540
1883.4	562
1883.6	565
1883.8	563
1884	621
1884.2	629
1884.4	626
1884.6	592
1884.8	561
1885	597
1885.2	678
1885.4	625
1885.6	568
1885.8	637
1886	578
1886.2	647
1886.4	566
1886.6	481
1886.8	542
1887	477
1887.2	464
1887.4	489
1887.6	363
1887.8	402
1888	412
1888.2	288
1888.4	339
1888.6	429
1888.8	422
1889	368
1889.2	325
1889.4	328
1889.6	480
1889.8	425
1890	422
1890.2	410
1890.4	362
1890.6	372
1890.8	374
1891	336
1891.2	408
1891.4	382
1891.6	394
1891.8	452
1892	486
1892.2	419
1892.4	428
1892.6	378
1892.8	313
1893	409
1893.2	419
1893.4	347
1893.6	311
1893.8	243
1894	337
1894.2	371
1894.4	244
1894.6	311
1894.8	280
1895	266
1895.2	273
1895.4	244
1895.6	314
1895.8	242
1896	158
1896.2	208
1896.4	199
1896.6	257
1896.8	264
1897	242
1897.2	271
1897.4	322
1897.6	284
1897.8	308
1898	347
1898.2	306
1898.4	236
1898.6	299
1898.8	374
1899	352
1899.2	369
1899.4	318
1899.6	328
1899.8	454
1900	401
1900.2	391
1900.4	280
1900.6	307
1900.8	435
1901	377
1901.2	312
1901.4	293
1901.6	300
1901.8	387
1902	308
1902.2	378
1902.4	421
1902.6	284
1902.8	267
1903	339
1903.2	262
1903.4	260
1903.6	236
1903.8	138
1904	273
1904.2	330
1904.4	316
1904.6	384
1904.8	372
1905	328
1905.2	384
1905.4	370
1905.6	360
1905.8	355
1906	233
1906.2	305
1906.4	298
1906.6	257
1906.8	303
1907	269
1907.2	188
1907.4	320
1907.6	255
1907.8	186
1908	330
1908.2	342
1908.4	239
1908.6	248
1908.8	253
1909	294
1909.2	268
1909.4	172
1909.6	247
1909.8	237
1910	168
1910.2	331
1910.4	276
1910.6	230
1910.8	317
1911	305
1911.2	267
1911.4	317
1911.6	245
1911.8	289
1912	390
1912.2	368
1912.4	243
1912.6	332
1912.8	332
1913	441
1913.2	444
1913.4	383
1913.6	427
1913.8	398
1914	333
1914.2	372
1914.4	259
1914.6	271
1914.8	312
1915	163
1915.2	249
1915.4	351
1915.6	331
1915.8	397
1916	175
1916.2	235
1916.4	332
1916.6	219
1916.8	121
1917	133
1917.2	116
1917.4	169
1917.6	241
1917.8	184
1918	217
1918.2	205
1918.4	198
1918.6	210
1918.8	170
1919	280
1919.2	261
1919.4	84
1919.6	146
1919.8	245
1920	254
1920.2	278
1920.4	187
1920.6	163
1920.8	243
1921	260
1921.2	83
1921.4	262
1921.6	207
1921.8	267
1922	267
1922.2	248
1922.4	239
1922.6	359
1922.8	272
1923	354
1923.2	359
1923.4	333
1923.6	287
1923.8	311
1924	225
1924.2	350
1924.4	341
1924.6	305
1924.8	252
1925	221
1925.2	307
1925.4	305
1925.6	272
1925.8	421
1926	448
1926.2	392
1926.4	407
1926.6	407
1926.8	289
1927	424
1927.2	354
1927.4	345
1927.6	364
1927.8	405
1928	374
1928.2	347
1928.4	379
1928.6	357
1928.8	374
1929	240
1929.2	197
1929.4	225
1929.6	192
1929.8	271
1930	180
1930.2	238
1930.4	353
1930.6	164
1930.8	104
1931	190
1931.2	181
1931.4	174
1931.6	169
1931.8	90
1932	212
1932.2	275
1932.4	186
1932.6	261
1932.8	225
1933	225
1933.2	307
1933.4	249
1933.6	268
1933.8	276
1934	281
1934.2	300
1934.4	262
1934.6	264
1934.8	336
1935	214
1935.2	279
1935.4	351
1935.6	366
1935.8	334
1936	344
1936.2	195
1936.4	253
1936.6	280
1936.8	323
1937	328
1937.2	261
1937.4	194
1937.6	294
1937.8	220
1938	168
1938.2	280
1938.4	242
1938.6	254
1938.8	221
1939	197
1939.2	262
1939.4	211
1939.6	142
1939.8	267
1940	248
1940.2	214
1940.4	233
1940.6	226
1940.8	298
1941	291
1941.2	229
1941.4	246
1941.6	201
1941.8	196
1942	263
1942.2	270
1942.4	196
1942.6	295
1942.8	172
1943	201
1943.2	220
1943.4	271
1943.6	194
1943.8	106
1944	68
1944.2	192
1944.4	183
1944.6	114
1944.8	197
1945	166
1945.2	143
1945.4	143
1945.6	169
1945.8	193
1946	193
1946.2	93
1946.4	241
1946.6	294
1946.8	220
1947	251
1947.2	266
1947.4	218
1947.6	307
1947.8	336
1948	276
1948.2	346
1948.4	305
1948.6	288
1948.8	298
1949	255
1949.2	272
1949.4	320
1949.6	279
1949.8	320
1950	229
1950.2	241
1950.4	272
1950.6	184
1950.8	205
1951	212
1951.2	189
1951.4	215
1951.6	170
1951.8	63
1952	203
1952.2	251
1952.4	170
1952.6	194
1952.8	180
1953	168
1953.2	223
1953.4	195
1953.6	152
1953.8	212
1954	231
1954.2	238
1954.4	245
1954.6	198
1954.8	250
1955	191
1955.2	239
1955.4	357
1955.6	265
1955.8	306
1956	376
1956.2	179
1956.4	208
1956.6	299
1956.8	290
1957	237
1957.2	237
1957.4	156
1957.6	321
1957.8	278
1958	137
1958.2	250
1958.4	130
1958.6	154
1958.8	240
1959	229
1959.2	162
1959.4	140
1959.6	100
1959.8	133
1960	263
1960.2	174
1960.4	217
1960.6	124
1960.8	225
1961	208
1961.2	184
1961.4	220
1961.6	275
1961.8	120
1962	189
1962.2	199
1962.4	204
1962.6	163
1962.8	130
1963	97
1963.2	171
1963.4	221
1963.6	205
1963.8	162
1964	166
1964.2	136
1964.4	198
1964.6	193
1964.8	138
1965	169
1965.2	79
1965.4	158
1965.6	101
1965.8	105
1966	120
1966.2	113
1966.4	110
1966.6	182
1966.8	137
1967	199
1967.2	214
1967.4	135
1967.6	252
1967.8	271
1968	166
1968.2	231
1968.4	289
1968.6	205
1968.8	303
1969	284
1969.2	253
1969.4	332
1969.6	313
1969.8	325
1970	328
1970.2	323
1970.4	294
1970.6	302
1970.8	223
1971	328
1971.2	242
1971.4	209
1971.6	290
1971.8	159
1972	180
1972.2	214
1972.4	240
1972.6	219
1972.8	173
1973	178
1973.2	147
1973.4	140
1973.6	152
1973.8	234
1974	136
1974.2	98
1974.4	153
1974.6	143
1974.8	170
1975	186
1975.2	103
1975.4	199
1975.6	153
1975.8	118
1976	208
1976.2	170
1976.4	151
1976.6	276
1976.8	147
1977	144
1977.2	223
1977.4	149
1977.6	185
1977.8	243
1978	195
1978.2	262
1978.4	167
1978.6	100
1978.8	172
1979	234
1979.2	169
1979.4	141
1979.6	98
1979.8	120
1980	153
1980.2	141
1980.4	225
1980.6	201
1980.8	118
1981	242
1981.2	173
1981.4	190
1981.6	202
1981.8	209
1982	183
1982.2	240
1982.4	238
1982.6	209
1982.8	262
1983	138
1983.2	282
1983.4	284
1983.6	220
1983.8	244
1984	179
1984.2	165
1984.4	270
1984.6	189
1984.8	65
1985	156
1985.2	99
1985.4	96
1985.6	125
1985.8	94
1986	161
1986.2	85
1986.4	1
1986.6	71
1986.8	21
1987	38
1987.2	52
1987.4	1
1987.6	1
1987.8	7
1988	57
1988.2	53
1988.4	36
1988.6	39
1988.8	141
1989	103
1989.2	120
1989.4	208
1989.6	118
1989.8	118
1990	199
1990.2	204
1990.4	237
1990.6	211
1990.8	132
1991	204
1991.2	183
1991.4	212
1991.6	226
1991.8	207
1992	217
1992.2	253
1992.4	179
1992.6	186
1992.8	200
1993	150
1993.2	157
1993.4	184
1993.6	84
1993.8	184
1994	225
1994.2	68
1994.4	175
1994.6	161
1994.8	134
1995	168
1995.2	61
1995.4	182
1995.6	247
1995.8	166
1996	204
1996.2	204
1996.4	150
1996.6	233
1996.8	241
1997	176
1997.2	205
1997.4	172
1997.6	215
1997.8	205
1998	172
1998.2	177
1998.4	191
1998.6	103
1998.8	156
1999	113
1999.2	118
1999.4	151
1999.6	101
1999.8	40
2000	156
2000.2	144
2000.4	28
2000.6	121
2000.8	52
2001	21
2001.2	114
2001.4	64
2001.6	86
2001.8	107
2002	76
2002.2	150
2002.4	134
2002.6	98
2002.8	179
2003	129
2003.2	158
2003.4	261
2003.6	244
2003.8	118
2004	182
2004.2	96
2004.4	168
2004.6	201
2004.8	182
2005	214
2005.2	128
2005.4	114
2005.6	176
2005.8	207
2006	159
2006.2	171
2006.4	121
2006.6	155
2006.8	176
2007	103
2007.2	148
2007.4	96
2007.6	77
2007.8	120
2008	103
2008.2	113
2008.4	58
2008.6	84
2008.8	58
2009	118
2009.2	68
2009.4	106
2009.6	80
2009.8	61
2010	133
2010.2	135
2010.4	66
2010.6	116
2010.8	59
2011	114
2011.2	200
2011.4	171
2011.6	164
2011.8	169
2012	157
2012.2	220
2012.4	160
2012.6	105
2012.8	177
2013	156
2013.2	46
2013.4	192
2013.6	142
2013.8	166
2014	242
2014.2	118
2014.4	168
2014.6	216
2014.8	190
2015	180
2015.2	166
2015.4	126
2015.6	226
2015.8	169
2016	150
2016.2	148
2016.4	110
2016.6	157
2016.8	217
2017	191
2017.2	220
2017.4	163
2017.6	56
2017.8	175
2018	254
2018.2	218
2018.4	220
2018.6	158
2018.8	180
2019	230
2019.2	199
2019.4	226
2019.6	245
2019.8	207
2020	212
2020.2	248
2020.4	164
2020.6	207
2020.8	169
2021	176
2021.2	167
2021.4	157
2021.6	205
2021.8	217
2022	134
2022.2	110
2022.4	156
2022.6	160
2022.8	144
2023	99
2023.2	97
2023.4	154
2023.6	121
2023.8	128
2024	204
2024.2	85
2024.4	119
2024.6	150
2024.8	140
2025	169
2025.2	186
2025.4	152
2025.6	212
2025.8	234
2026	236
2026.2	253
2026.4	251
2026.6	196
2026.8	277
2027	273
2027.2	239
2027.4	244
2027.6	220
2027.8	206
2028	273
2028.2	161
2028.4	240
2028.6	183
2028.8	156
2029	211
2029.2	164
2029.4	159
2029.6	178
2029.8	52
2030	45
2030.2	205
2030.4	100
2030.6	88
2030.8	91
2031	51
2031.2	72
2031.4	122
2031.6	44
2031.8	179
2032	103
2032.2	23
2032.4	115
2032.6	70
2032.8	87
2033	106
2033.2	1
2033.4	42
2033.6	128
2033.8	26
2034	140
2034.2	121
2034.4	83
2034.6	102
2034.8	164
2035	53
2035.2	100
2035.4	53
2035.6	86
2035.8	117
2036	122
2036.2	120
2036.4	134
2036.6	84
2036.8	151
2037	144
2037.2	116
2037.4	178
2037.6	151
2037.8	142
2038	228
2038.2	168
2038.4	209
2038.6	157
2038.8	171
2039	176
2039.2	159
2039.4	164
2039.6	169
2039.8	236
2040	165
2040.2	224
2040.4	236
2040.6	227
2040.8	301
2041	182
2041.2	203
2041.4	270
2041.6	285
2041.8	230
2042	149
2042.2	206
2042.4	264
2042.6	233
2042.8	185
2043	240
2043.2	123
2043.4	131
2043.6	233
2043.8	147
2044	155
2044.2	121
2044.4	38
2044.6	117
2044.8	122
2045	84
2045.2	89
2045.4	1
2045.6	41
2045.8	87
2046	4
2046.2	73
2046.4	68
2046.6	54
2046.8	75
2047	151
2047.2	104
2047.4	130
2047.6	114
2047.8	133
2048	121
2048.2	107
2048.4	114
2048.6	152
2048.8	102
2049	91
2049.2	169
2049.4	172
2049.6	157
2049.8	189
2050	82
2050.2	148
2050.4	165
2050.6	141
2050.8	111
2051	106
2051.2	101
2051.4	142
2051.6	106
2051.8	130
2052	147
2052.2	95
2052.4	104
2052.6	154
2052.8	104
2053	181
2053.2	109
2053.4	88
2053.6	169
2053.8	193
2054	150
2054.2	119
2054.4	96
2054.6	155
2054.8	136
2055	153
2055.2	137
2055.4	208
2055.6	101
2055.8	213
2056	199
2056.2	147
2056.4	180
2056.6	75
2056.8	52
2057	80
2057.2	26
2057.4	57
2057.6	66
2057.8	7
2058	24
2058.2	100
2058.4	12
2058.6	36
2058.8	1
2059	1
2059.2	112
2059.4	20
2059.6	1
2059.8	37
2060	1
2060.2	1
2060.4	2
2060.6	14
2060.8	21
2061	66
2061.2	1
2061.4	80
2061.6	92
2061.8	114
2062	135
2062.2	71
2062.4	69
2062.6	121
2062.8	81
2063	169
2063.2	122
2063.4	41
2063.6	129
2063.8	177
2064	181
2064.2	258
2064.4	182
2064.6	137
2064.8	211
2065	158
2065.2	192
2065.4	239
2065.6	135
2065.8	130
2066	171
2066.2	166
2066.4	118
2066.6	138
2066.8	107
2067	135
2067.2	102
2067.4	152
2067.6	152
2067.8	105
2068	98
2068.2	148
2068.4	160
2068.6	134
2068.8	170
2069	56
2069.2	175
2069.4	101
2069.6	120
2069.8	151
2070	144
2070.2	78
2070.4	204
2070.6	109
2070.8	80
2071	166
2071.2	109
2071.4	149
2071.6	181
2071.8	133
2072	119
2072.2	81
2072.4	50
2072.6	124
2072.8	93
2073	96
2073.2	48
2073.4	1
2073.6	60
2073.8	129
2074	68
2074.2	122
2074.4	47
2074.6	25
2074.8	120
2075	92
2075.2	61
2075.4	54
2075.6	26
2075.8	5
2076	130
2076.2	31
2076.4	126
2076.6	76
2076.8	38
2077	117
2077.2	207
2077.4	203
2077.6	153
2077.8	153
2078	122
2078.2	117
2078.4	148
2078.6	148
2078.8	91
2079	63
2079.2	85
2079.4	113
2079.6	106
2079.8	75
2080	144
2080.2	102
2080.4	57
2080.6	50
2080.8	1
2081	55
2081.2	1
2081.4	1
2081.6	24
2081.8	22
2082	1
2082.2	8
2082.4	1
2082.6	6
2082.8	1
2083	18
2083.2	53
2083.4	75
2083.6	77
2083.8	146
2084	153
2084.2	82
2084.4	139
2084.6	78
2084.8	80
2085	137
2085.2	164
2085.4	147
2085.6	78
2085.8	71
2086	281
2086.2	193
2086.4	93
2086.6	129
2086.8	17
2087	157
2087.2	181
2087.4	108
2087.6	115
2087.8	51
2088	75
2088.2	151
2088.4	122
2088.6	101
2088.8	144
2089	44
2089.2	101
2089.4	83
2089.6	118
2089.8	57
2090	90
2090.2	71
2090.4	154
2090.6	59
2090.8	62
2091	124
2091.2	102
2091.4	62
2091.6	100
2091.8	44
2092	96
2092.2	153
2092.4	23
2092.6	122
2092.8	127
2093	151
2093.2	122
2093.4	104
2093.6	1
2093.8	75
2094	109
2094.2	42
2094.4	66
2094.6	43
2094.8	64
2095	100
2095.2	64
2095.4	88
2095.6	98
2095.8	29
2096	13
2096.2	53
2096.4	51
2096.6	67
2096.8	77
2097	101
2097.2	148
2097.4	30
2097.6	11
2097.8	47
2098	101
2098.2	132
2098.4	125
2098.6	116
2098.8	206
2099	159
2099.2	154
2099.4	171
2099.6	228
2099.8	121
2100	200
2100.2	121
2100.4	102
2100.6	217
2100.8	124
2101	224
2101.2	124
2101.4	115
2101.6	162
2101.8	191
2102	106
2102.2	172
2102.4	70
2102.6	111
2102.8	149
2103	28
2103.2	33
2103.4	35
2103.6	1
2103.8	26
2104	50
2104.2	1
2104.4	69
2104.6	1
2104.8	1
2105	36
2105.2	22
2105.4	29
2105.6	20
2105.8	1
2106	1
2106.2	1
2106.4	6
2106.6	1
2106.8	4
2107	23
2107.2	1
2107.4	42
2107.6	82
2107.8	35
2108	12
2108.2	57
2108.4	154
2108.6	76
2108.8	166
2109	202
2109.2	112
2109.4	157
2109.6	178
2109.8	209
2110	62
2110.2	100
2110.4	79
2110.6	153
2110.8	138
2111	184
2111.2	191
2111.4	87
2111.6	156
2111.8	151
2112	146
2112.2	211
2112.4	168
2112.6	94
2112.8	80
2113	230
2113.2	109
2113.4	126
2113.6	88
2113.8	57
2114	107
2114.2	74
2114.4	124
2114.6	126
2114.8	43
2115	105
2115.2	148
2115.4	27
2115.6	101
2115.8	53
2116	4
2116.2	87
2116.4	89
2116.6	118
2116.8	101
2117	42
2117.2	116
2117.4	132
2117.6	90
2117.8	133
2118	126
2118.2	104
2118.4	149
2118.6	145
2118.8	138
2119	202
2119.2	128
2119.4	150
2119.6	226
2119.8	243
2120	186
2120.2	174
2120.4	65
2120.6	287
2120.8	272
2121	206
2121.2	163
2121.4	113
2121.6	96
2121.8	225
2122	109
2122.2	135
2122.4	104
2122.6	12
2122.8	80
2123	107
2123.2	78
2123.4	62
2123.6	71
2123.8	1
2124	1
2124.2	67
2124.4	25
2124.6	48
2124.8	1
2125	1
2125.2	105
2125.4	1
2125.6	16
2125.8	42
2126	1
2126.2	40
2126.4	70
2126.6	49
2126.8	80
2127	99
2127.2	12
2127.4	83
2127.6	102
2127.8	83
2128	97
2128.2	1
2128.4	57
2128.6	107
2128.8	86
2129	103
2129.2	81
2129.4	65
2129.6	148
2129.8	186
2130	98
2130.2	120
2130.4	120
2130.6	75
2130.8	108
2131	132
2131.2	111
2131.4	123
2131.6	125
2131.8	170
2132	140
2132.2	76
2132.4	185
2132.6	128
2132.8	88
2133	183
2133.2	176
2133.4	131
2133.6	226
2133.8	143
2134	200
2134.2	250
2134.4	203
2134.6	239
2134.8	193
2135	134
2135.2	201
2135.4	208
2135.6	199
2135.8	196
2136	154
2136.2	142
2136.4	235
2136.6	147
2136.8	154
2137	81
2137.2	97
2137.4	154
2137.6	154
2137.8	152
2138	81
2138.2	39
2138.4	1
2138.6	96
2138.8	27
2139	41
2139.2	82
2139.4	34
2139.6	25
2139.8	125
2140	106
2140.2	115
2140.4	42
2140.6	14
2140.8	142
2141	111
2141.2	50
2141.4	142
2141.6	69
2141.8	85
2142	223
2142.2	64
2142.4	176
2142.6	150
2142.8	107
2143	200
2143.2	191
2143.4	188
2143.6	155
2143.8	93
2144	91
2144.2	160
2144.4	151
2144.6	137
2144.8	175
2145	61
2145.2	142
2145.4	215
2145.6	118
2145.8	104
2146	125
2146.2	88
2146.4	130
2146.6	107
2146.8	145
2147	252
2147.2	133
2147.4	91
2147.6	181
2147.8	98
2148	126
2148.2	100
2148.4	58
2148.6	129
2148.8	115
2149	115
2149.2	91
2149.4	125
2149.6	168
2149.8	189
2150	182
2150.2	137
2150.4	106
2150.6	78
2150.8	159
2151	152
2151.2	126
2151.4	107
2151.6	105
2151.8	107
2152	86
2152.2	83
2152.4	84
2152.6	114
2152.8	41
2153	91
2153.2	155
2153.4	49
2153.6	117
2153.8	65
2154	122
2154.2	96
2154.4	89
2154.6	99
2154.8	108
2155	1
2155.2	35
2155.4	114
2155.6	109
2155.8	76
2156	123
2156.2	59
2156.4	147
2156.6	200
2156.8	152
2157	190
2157.2	117
2157.4	117
2157.6	207
2157.8	129
2158	222
2158.2	212
2158.4	125
2158.6	165
2158.8	284
2159	179
2159.2	187
2159.4	187
2159.6	158
2159.8	230
2160	223
2160.2	230
2160.4	202
2160.6	173
2160.8	207
2161	211
2161.2	152
2161.4	262
2161.6	167
2161.8	178
2162	131
2162.2	200
2162.4	150
2162.6	191
2162.8	155
2163	155
2163.2	174
2163.4	141
2163.6	177
2163.8	127
2164	104
2164.2	97
2164.4	161
2164.6	78
2164.8	69
2165	194
2165.2	55
2165.4	218
2165.6	159
2165.8	176
2166	219
2166.2	166
2166.4	209
2166.6	221
2166.8	193
2167	217
2167.2	229
2167.4	167
2167.6	272
2167.8	229
2168	141
2168.2	208
2168.4	141
2168.6	123
2168.8	118
2169	151
2169.2	106
2169.4	159
2169.6	50
2169.8	152
2170	154
2170.2	78
2170.4	150
2170.6	36
2170.8	31
2171	110
2171.2	148
2171.4	119
2171.6	91
2171.8	56
2172	27
2172.2	136
2172.4	72
2172.6	134
2172.8	148
2173	111
2173.2	146
2173.4	104
2173.6	135
2173.8	154
2174	144
2174.2	168
2174.4	237
2174.6	123
2174.8	123
2175	226
2175.2	116
2175.4	178
2175.6	259
2175.8	212
2176	214
2176.2	110
2176.4	131
2176.6	167
2176.8	122
2177	139
2177.2	146
2177.4	51
2177.6	106
2177.8	99
2178	108
2178.2	116
2178.4	101
2178.6	2
2178.8	132
2179	102
2179.2	92
2179.4	50
2179.6	43
2179.8	62
2180	150
2180.2	72
2180.4	39
2180.6	69
2180.8	25
2181	129
2181.2	93
2181.4	27
2181.6	94
2181.8	106
2182	39
2182.2	151
2182.4	115
2182.6	165
2182.8	108
2183	92
2183.2	156
2183.4	113
2183.6	111
2183.8	137
2184	128
2184.2	100
2184.4	192
2184.6	81
2184.8	50
2185	95
2185.2	46
2185.4	74
2185.6	148
2185.8	51
2186	82
2186.2	42
2186.4	11
2186.6	103
2186.8	129
2187	80
2187.2	146
2187.4	47
2187.6	116
2187.8	170
2188	94
2188.2	113
2188.4	140
2188.6	47
2188.8	130
2189	149
2189.2	140
2189.4	211
2189.6	207
2189.8	121
2190	255
2190.2	200
2190.4	231
2190.6	238
2190.8	146
2191	177
2191.2	246
2191.4	184
2191.6	165
2191.8	172
2192	196
2192.2	241
2192.4	187
2192.6	201
2192.8	239
2193	99
2193.2	187
2193.4	244
2193.6	130
2193.8	268
2194	183
2194.2	152
2194.4	145
2194.6	129
2194.8	131
2195	176
2195.2	98
2195.4	155
2195.6	188
2195.8	127
2196	146
2196.2	136
2196.4	54
2196.6	153
2196.8	184
2197	151
2197.2	246
2197.4	139
2197.6	83
2197.8	197
2198	121
2198.2	171
2198.4	173
2198.6	90
2198.8	133
2199	207
2199.2	152
2199.4	193
2199.6	157
2199.8	148
2200	115
