# Optical absorption spectrum of Program fragment delivered error ``Can't call method "sample_" on an undefined value at abs.template line 1.'':LUAG (Tm:Lu3Al5O12)
# assuming unity concentration per meter.  This data was part of the NASA 
# Laser Spectra Database found on the web until December of 2005 which
# was created by Pat Cross working at NASA Langley Research Center, Internal
# Operations Group, Aerospace Electronics Systems Division, Remote Sensing.
#
# The spectra was collected by BMW on  5 June 1993 and was 
# annotated on 12 March 1993.  The sample name was "" was a 9.9300
# long piece of :.   
# The incident light had unknown polarization.
#
# Spectra were recorded from 1000 to 1400nm
# every 0.2nm at room temperature.
#
# FILE NAME ON IBM-PC = LUAG7.SP ON MAC= P12033.02 NO_POINTS = 2001. pts DATA_INTV = .00020 _m MIN_LAMBDA = 1.000000 _m MIN_DATA = .60200 MAX_LAMBDA = 1.400000 _m MAX_DATA = .84820 SCANSPEED = 15.000000 nm/min SLITWIDTH= .20000 nmITA = 0. RESP = .500 sec ISMS = 0. DATE=93/05/06 INST = 509. ? = 0. ITHACA CORP SAMPLE 0:10:17 12-03-1993.
#
##Wavelength (nm)	Absorbance (/meter) 
1000	72
1000.2	118
1000.4	152
1000.6	17
1000.8	68
1001	121
1001.2	63
1001.4	123
1001.6	92
1001.8	165
1002	53
1002.2	80
1002.4	140
1002.6	68
1002.8	68
1003	10
1003.2	37
1003.4	20
1003.6	32
1003.8	94
1004	66
1004.2	32
1004.4	1
1004.6	90
1004.8	78
1005	27
1005.2	153
1005.4	15
1005.6	54
1005.8	143
1006	71
1006.2	100
1006.4	119
1006.6	71
1006.8	114
1007	141
1007.2	44
1007.4	75
1007.6	44
1007.8	54
1008	13
1008.2	51
1008.4	22
1008.6	71
1008.8	73
1009	71
1009.2	95
1009.4	90
1009.6	83
1009.8	102
1010	131
1010.2	136
1010.4	175
1010.6	243
1010.8	32
1011	25
1011.2	28
1011.4	13
1011.6	1
1011.8	1
1012	1
1012.2	23
1012.4	64
1012.6	28
1012.8	95
1013	88
1013.2	52
1013.4	139
1013.6	129
1013.8	173
1014	144
1014.2	122
1014.4	98
1014.6	100
1014.8	64
1015	1
1015.2	21
1015.4	4
1015.6	4
1015.8	16
1016	59
1016.2	71
1016.4	30
1016.6	64
1016.8	83
1017	30
1017.2	91
1017.4	91
1017.6	11
1017.8	168
1018	74
1018.2	86
1018.4	1
1018.6	1
1018.8	1
1019	1
1019.2	6
1019.4	1
1019.6	1
1019.8	1
1020	40
1020.2	45
1020.4	103
1020.6	91
1020.8	2
1021	74
1021.2	81
1021.4	89
1021.6	127
1021.8	62
1022	50
1022.2	77
1022.4	79
1022.6	69
1022.8	166
1023	14
1023.2	91
1023.4	96
1023.6	28
1023.8	45
1024	161
1024.2	74
1024.4	55
1024.6	103
1024.8	48
1025	67
1025.2	1
1025.4	1
1025.6	74
1025.8	60
1026	70
1026.2	5
1026.4	46
1026.6	118
1026.8	84
1027	50
1027.2	87
1027.4	1
1027.6	113
1027.8	34
1028	87
1028.2	75
1028.4	1
1028.6	1
1028.8	17
1029	48
1029.2	63
1029.4	94
1029.6	1
1029.8	133
1030	92
1030.2	164
1030.4	121
1030.6	164
1030.8	176
1031	169
1031.2	77
1031.4	118
1031.6	72
1031.8	1
1032	106
1032.2	22
1032.4	19
1032.6	7
1032.8	1
1033	27
1033.2	68
1033.4	24
1033.6	165
1033.8	1
1034	1
1034.2	123
1034.4	102
1034.6	145
1034.8	136
1035	15
1035.2	65
1035.4	174
1035.6	39
1035.8	70
1036	1
1036.2	8
1036.4	1
1036.6	5
1036.8	80
1037	70
1037.2	25
1037.4	17
1037.6	136
1037.8	138
1038	165
1038.2	104
1038.4	143
1038.6	206
1038.8	61
1039	133
1039.2	148
1039.4	59
1039.6	51
1039.8	92
1040	1
1040.2	78
1040.4	1
1040.6	39
1040.8	102
1041	112
1041.2	102
1041.4	112
1041.6	61
1041.8	180
1042	59
1042.2	68
1042.4	148
1042.6	83
1042.8	73
1043	155
1043.2	32
1043.4	66
1043.6	64
1043.8	3
1044	143
1044.2	35
1044.4	1
1044.6	119
1044.8	71
1045	25
1045.2	66
1045.4	23
1045.6	134
1045.8	86
1046	1
1046.2	105
1046.4	66
1046.6	1
1046.8	136
1047	23
1047.2	1
1047.4	103
1047.6	117
1047.8	57
1048	98
1048.2	103
1048.4	107
1048.6	95
1048.8	62
1049	88
1049.2	6
1049.4	4
1049.6	103
1049.8	91
1050	98
1050.2	76
1050.4	74
1050.6	149
1050.8	98
1051	79
1051.2	142
1051.4	98
1051.6	26
1051.8	156
1052	84
1052.2	55
1052.4	23
1052.6	1
1052.8	33
1053	38
1053.2	1
1053.4	74
1053.6	1
1053.8	1
1054	2
1054.2	9
1054.4	154
1054.6	28
1054.8	91
1055	118
1055.2	195
1055.4	60
1055.6	98
1055.8	45
1056	98
1056.2	65
1056.4	1
1056.6	24
1056.8	45
1057	19
1057.2	7
1057.4	1
1057.6	1
1057.8	38
1058	60
1058.2	45
1058.4	108
1058.6	89
1058.8	178
1059	137
1059.2	99
1059.4	142
1059.6	67
1059.8	48
1060	103
1060.2	1
1060.4	33
1060.6	101
1060.8	1
1061	1
1061.2	1
1061.4	12
1061.6	1
1061.8	9
1062	87
1062.2	133
1062.4	82
1062.6	36
1062.8	65
1063	5
1063.2	72
1063.4	106
1063.6	72
1063.8	108
1064	169
1064.2	1
1064.4	121
1064.6	14
1064.8	55
1065	53
1065.2	46
1065.4	58
1065.6	106
1065.8	104
1066	87
1066.2	84
1066.4	68
1066.6	65
1066.8	68
1067	92
1067.2	104
1067.4	44
1067.6	44
1067.8	1
1068	32
1068.2	75
1068.4	51
1068.6	87
1068.8	73
1069	46
1069.2	22
1069.4	87
1069.6	53
1069.8	17
1070	29
1070.2	1
1070.4	22
1070.6	82
1070.8	73
1071	128
1071.2	1
1071.4	111
1071.6	145
1071.8	124
1072	46
1072.2	97
1072.4	165
1072.6	111
1072.8	126
1073	194
1073.2	56
1073.4	87
1073.6	196
1073.8	104
1074	61
1074.2	90
1074.4	49
1074.6	10
1074.8	46
1075	155
1075.2	37
1075.4	90
1075.6	6
1075.8	90
1076	138
1076.2	73
1076.4	129
1076.6	165
1076.8	90
1077	131
1077.2	47
1077.4	47
1077.6	107
1077.8	27
1078	18
1078.2	97
1078.4	27
1078.6	68
1078.8	76
1079	105
1079.2	59
1079.4	100
1079.6	83
1079.8	211
1080	192
1080.2	233
1080.4	243
1080.6	61
1080.8	129
1081	81
1081.2	170
1081.4	144
1081.6	85
1081.8	16
1082	59
1082.2	13
1082.4	136
1082.6	122
1082.8	168
1083	161
1083.2	33
1083.4	93
1083.6	110
1083.8	110
1084	100
1084.2	124
1084.4	71
1084.6	214
1084.8	83
1085	88
1085.2	52
1085.4	54
1085.6	47
1085.8	81
1086	21
1086.2	81
1086.4	79
1086.6	62
1086.8	110
1087	129
1087.2	180
1087.4	197
1087.6	141
1087.8	120
1088	146
1088.2	163
1088.4	112
1088.6	88
1088.8	67
1089	134
1089.2	120
1089.4	127
1089.6	156
1089.8	149
1090	120
1090.2	130
1090.4	93
1090.6	144
1090.8	163
1091	45
1091.2	154
1091.4	149
1091.6	125
1091.8	26
1092	79
1092.2	98
1092.4	72
1092.6	79
1092.8	86
1093	164
1093.2	110
1093.4	115
1093.6	181
1093.8	62
1094	101
1094.2	96
1094.4	125
1094.6	98
1094.8	77
1095	200
1095.2	77
1095.4	41
1095.6	207
1095.8	79
1096	132
1096.2	106
1096.4	62
1096.6	77
1096.8	132
1097	208
1097.2	149
1097.4	77
1097.6	149
1097.8	157
1098	77
1098.2	91
1098.4	169
1098.6	74
1098.8	149
1099	94
1099.2	171
1099.4	77
1099.6	82
1099.8	120
1100	166
1100.2	130
1100.4	210
1100.6	135
1100.8	150
1101	266
1101.2	167
1101.4	99
1101.6	104
1101.8	106
1102	26
1102.2	116
1102.4	55
1102.6	60
1102.8	92
1103	41
1103.2	80
1103.4	94
1103.6	116
1103.8	172
1104	60
1104.2	121
1104.4	230
1104.6	167
1104.8	223
1105	208
1105.2	191
1105.4	123
1105.6	193
1105.8	160
1106	172
1106.2	82
1106.4	70
1106.6	89
1106.8	51
1107	85
1107.2	198
1107.4	155
1107.6	186
1107.8	160
1108	215
1108.2	143
1108.4	206
1108.6	216
1108.8	230
1109	196
1109.2	150
1109.4	138
1109.6	162
1109.8	145
1110	136
1110.2	25
1110.4	172
1110.6	82
1110.8	87
1111	150
1111.2	194
1111.4	143
1111.6	153
1111.8	211
1112	240
1112.2	194
1112.4	313
1112.6	301
1112.8	148
1113	282
1113.2	226
1113.4	165
1113.6	177
1113.8	133
1114	148
1114.2	262
1114.4	250
1114.6	158
1114.8	228
1115	213
1115.2	201
1115.4	265
1115.6	228
1115.8	238
1116	199
1116.2	184
1116.4	238
1116.6	284
1116.8	216
1117	211
1117.2	134
1117.4	214
1117.6	187
1117.8	143
1118	189
1118.2	158
1118.4	182
1118.6	238
1118.8	245
1119	185
1119.2	304
1119.4	248
1119.6	306
1119.8	277
1120	265
1120.2	338
1120.4	323
1120.6	277
1120.8	323
1121	292
1121.2	231
1121.4	311
1121.6	250
1121.8	245
1122	404
1122.2	348
1122.4	333
1122.6	299
1122.8	263
1123	373
1123.2	331
1123.4	333
1123.6	333
1123.8	219
1124	358
1124.2	326
1124.4	243
1124.6	353
1124.8	285
1125	270
1125.2	331
1125.4	287
1125.6	292
1125.8	373
1126	277
1126.2	307
1126.4	304
1126.6	287
1126.8	304
1127	336
1127.2	231
1127.4	290
1127.6	356
1127.8	297
1128	427
1128.2	292
1128.4	437
1128.6	383
1128.8	422
1129	520
1129.2	419
1129.4	329
1129.6	476
1129.8	417
1130	368
1130.2	363
1130.4	302
1130.6	361
1130.8	444
1131	265
1131.2	385
1131.4	270
1131.6	270
1131.8	375
1132	373
1132.2	368
1132.4	398
1132.6	331
1132.8	402
1133	508
1133.2	429
1133.4	459
1133.6	437
1133.8	442
1134	454
1134.2	354
1134.4	385
1134.6	403
1134.8	344
1135	376
1135.2	417
1135.4	329
1135.6	444
1135.8	447
1136	486
1136.2	481
1136.4	508
1136.6	531
1136.8	555
1137	511
1137.2	536
1137.4	588
1137.6	444
1137.8	575
1138	440
1138.2	481
1138.4	449
1138.6	469
1138.8	413
1139	454
1139.2	481
1139.4	526
1139.6	511
1139.8	516
1140	603
1140.2	506
1140.4	538
1140.6	575
1140.8	575
1141	563
1141.2	504
1141.4	489
1141.6	575
1141.8	565
1142	605
1142.2	546
1142.4	491
1142.6	452
1142.8	479
1143	457
1143.2	598
1143.4	553
1143.6	546
1143.8	677
1144	670
1144.2	715
1144.4	692
1144.6	762
1144.8	615
1145	687
1145.2	727
1145.4	707
1145.6	655
1145.8	675
1146	717
1146.2	655
1146.4	652
1146.6	690
1146.8	615
1147	737
1147.2	807
1147.4	707
1147.6	765
1147.8	707
1148	700
1148.2	772
1148.4	730
1148.6	737
1148.8	707
1149	745
1149.2	740
1149.4	772
1149.6	762
1149.8	770
1150	735
1150.2	663
1150.4	800
1150.6	730
1150.8	810
1151	745
1151.2	772
1151.4	693
1151.6	757
1151.8	770
1152	867
1152.2	725
1152.4	750
1152.6	762
1152.8	730
1153	730
1153.2	790
1153.4	827
1153.6	805
1153.8	822
1154	880
1154.2	915
1154.4	865
1154.6	835
1154.8	946
1155	873
1155.2	893
1155.4	878
1155.6	865
1155.8	936
1156	981
1156.2	936
1156.4	973
1156.6	933
1156.8	981
1157	1082
1157.2	1042
1157.4	1159
1157.6	1174
1157.8	1087
1158	1204
1158.2	1302
1158.4	1240
1158.6	1279
1158.8	1189
1159	1291
1159.2	1358
1159.4	1248
1159.6	1325
1159.8	1317
1160	1230
1160.2	1397
1160.4	1474
1160.6	1480
1160.8	1456
1161	1511
1161.2	1602
1161.4	1724
1161.6	1769
1161.8	1800
1162	1919
1162.2	1843
1162.4	1864
1162.6	1985
1162.8	1935
1163	1975
1163.2	1914
1163.4	2020
1163.6	2020
1163.8	2057
1164	2039
1164.2	2081
1164.4	2068
1164.6	2167
1164.8	2161
1165	2215
1165.2	2339
1165.4	2239
1165.6	2255
1165.8	2274
1166	2339
1166.2	2350
1166.4	2296
1166.6	2242
1166.8	2245
1167	2253
1167.2	2169
1167.4	2132
1167.6	2071
1167.8	2167
1168	2253
1168.2	2280
1168.4	2317
1168.6	2334
1168.8	2320
1169	2431
1169.2	2464
1169.4	2523
1169.6	2529
1169.8	2578
1170	2633
1170.2	2679
1170.4	2707
1170.6	2798
1170.8	2790
1171	2795
1171.2	2859
1171.4	2934
1171.6	2779
1171.8	3048
1172	3040
1172.2	3023
1172.4	3166
1172.6	3068
1172.8	3076
1173	3076
1173.2	3015
1173.4	3087
1173.6	3146
1173.8	3101
1174	3068
1174.2	3059
1174.4	3104
1174.6	3296
1174.8	3273
1175	3441
1175.2	3447
1175.4	3541
1175.6	3838
1175.8	4102
1176	4205
1176.2	4552
1176.4	4804
1176.6	5248
1176.8	5553
1177	5872
1177.2	6161
1177.4	6433
1177.6	6626
1177.8	6656
1178	6596
1178.2	6354
1178.4	6259
1178.6	5933
1178.8	5699
1179	5389
1179.2	5242
1179.4	4985
1179.6	4795
1179.8	4807
1180	4618
1180.2	4622
1180.4	4324
1180.6	4390
1180.8	4336
1181	4435
1181.2	4498
1181.4	4435
1181.6	4564
1181.8	4486
1182	4591
1182.2	4700
1182.4	4603
1182.6	4752
1182.8	4776
1183	4661
1183.2	4783
1183.4	4700
1183.6	4582
1183.8	4492
1184	4185
1184.2	4005
1184.4	3862
1184.6	3648
1184.8	3419
1185	3282
1185.2	3049
1185.4	2979
1185.6	2810
1185.8	2645
1186	2562
1186.2	2535
1186.4	2391
1186.6	2375
1186.8	2240
1187	2200
1187.2	2195
1187.4	2088
1187.6	2045
1187.8	1979
1188	1783
1188.2	1749
1188.4	1760
1188.6	1564
1188.8	1668
1189	1450
1189.2	1458
1189.4	1546
1189.6	1422
1189.8	1437
1190	1422
1190.2	1463
1190.4	1515
1190.6	1447
1190.8	1375
1191	1419
1191.2	1344
1191.4	1344
1191.6	1244
1191.8	1285
1192	1280
1192.2	1227
1192.4	1188
1192.6	1188
1192.8	1255
1193	1265
1193.2	1181
1193.4	1311
1193.6	1401
1193.8	1381
1194	1388
1194.2	1411
1194.4	1388
1194.6	1440
1194.8	1396
1195	1486
1195.2	1621
1195.4	1593
1195.6	1705
1195.8	1786
1196	1781
1196.2	1958
1196.4	2184
1196.6	2359
1196.8	2577
1197	2716
1197.2	2904
1197.4	3207
1197.6	3522
1197.8	3758
1198	4024
1198.2	4109
1198.4	4400
1198.6	4604
1198.8	4508
1199	4701
1199.2	4656
1199.4	4532
1199.6	4445
1199.8	4313
1200	4103
1200.2	4012
1200.4	3816
1200.6	3764
1200.8	3793
1201	3672
1201.2	3712
1201.4	3732
1201.6	3686
1201.8	3889
1202	4041
1202.2	4198
1202.4	4433
1202.6	4635
1202.8	4949
1203	5240
1203.2	5532
1203.4	5915
1203.6	6061
1203.8	6188
1204	6382
1204.2	6339
1204.4	6306
1204.6	6234
1204.8	5944
1205	5710
1205.2	5409
1205.4	5066
1205.6	4814
1205.8	4562
1206	4201
1206.2	4068
1206.4	3767
1206.6	3683
1206.8	3517
1207	3323
1207.2	3360
1207.4	3227
1207.6	3120
1207.8	3103
1208	3025
1208.2	2961
1208.4	3033
1208.6	3000
1208.8	3019
1209	3005
1209.2	3008
1209.4	3067
1209.6	3109
1209.8	3050
1210	3112
1210.2	3137
1210.4	3014
1210.6	3159
1210.8	2994
1211	3078
1211.2	2977
1211.4	2827
1211.6	2963
1211.8	2927
1212	2811
1212.2	2908
1212.4	2756
1212.6	2778
1212.8	2863
1213	2756
1213.2	2709
1213.4	2756
1213.6	2528
1213.8	2679
1214	2670
1214.2	2531
1214.4	2545
1214.6	2433
1214.8	2384
1215	2355
1215.2	2279
1215.4	2276
1215.6	2129
1215.8	2156
1216	2092
1216.2	2017
1216.4	1890
1216.6	1903
1216.8	1714
1217	1635
1217.2	1737
1217.4	1542
1217.6	1602
1217.8	1526
1218	1397
1218.2	1371
1218.4	1376
1218.6	1343
1218.8	1389
1219	1289
1219.2	1305
1219.4	1415
1219.6	1274
1219.8	1310
1220	1258
1220.2	1187
1220.4	1238
1220.6	1177
1220.8	1197
1221	1184
1221.2	1052
1221.4	1106
1221.6	1078
1221.8	1009
1222	1063
1222.2	1141
1222.4	1045
1222.6	1151
1222.8	1154
1223	1060
1223.2	1167
1223.4	1129
1223.6	1149
1223.8	1174
1224	1167
1224.2	1136
1224.4	1129
1224.6	1042
1224.8	1180
1225	1091
1225.2	1144
1225.4	1205
1225.6	1106
1225.8	1113
1226	1144
1226.2	1213
1226.4	1295
1226.6	1307
1226.8	1356
1227	1405
1227.2	1436
1227.4	1446
1227.6	1418
1227.8	1382
1228	1421
1228.2	1447
1228.4	1369
1228.6	1390
1228.8	1428
1229	1359
1229.2	1259
1229.4	1354
1229.6	1315
1229.8	1359
1230	1305
1230.2	1315
1230.4	1338
1230.6	1277
1230.8	1277
1231	1262
1231.2	1246
1231.4	1290
1231.6	1290
1231.8	1233
1232	1290
1232.2	1205
1232.4	1182
1232.6	1213
1232.8	1076
1233	1129
1233.2	1088
1233.4	1028
1233.6	1099
1233.8	1050
1234	1081
1234.2	1096
1234.4	1106
1234.6	1119
1234.8	1132
1235	1167
1235.2	1096
1235.4	1165
1235.6	1078
1235.8	1106
1236	1188
1236.2	1106
1236.4	1183
1236.6	1147
1236.8	1132
1237	1229
1237.2	1144
1237.4	1239
1237.6	1290
1237.8	1252
1238	1277
1238.2	1367
1238.4	1282
1238.6	1254
1238.8	1272
1239	1236
1239.2	1252
1239.4	1252
1239.6	1252
1239.8	1193
1240	1073
1240.2	1180
1240.4	1084
1240.6	1010
1240.8	1030
1241	975
1241.2	894
1241.4	922
1241.6	837
1241.8	922
1242	829
1242.2	757
1242.4	802
1242.6	772
1242.8	759
1243	722
1243.2	749
1243.4	647
1243.6	727
1243.8	707
1244	749
1244.2	744
1244.4	650
1244.6	692
1244.8	692
1245	627
1245.2	724
1245.4	682
1245.6	563
1245.8	672
1246	642
1246.2	637
1246.4	590
1246.6	519
1246.8	627
1247	632
1247.2	580
1247.4	548
1247.6	509
1247.8	551
1248	511
1248.2	578
1248.4	630
1248.6	603
1248.8	578
1249	583
1249.2	593
1249.4	563
1249.6	472
1249.8	474
1250	558
1250.2	563
1250.4	487
1250.6	538
1250.8	571
1251	457
1251.2	546
1251.4	561
1251.6	521
1251.8	531
1252	492
1252.2	588
1252.4	608
1252.6	551
1252.8	588
1253	586
1253.2	502
1253.4	524
1253.6	548
1253.8	443
1254	460
1254.2	398
1254.4	418
1254.6	433
1254.8	507
1255	418
1255.2	384
1255.4	384
1255.6	482
1255.8	357
1256	428
1256.2	352
1256.4	408
1256.6	443
1256.8	536
1257	438
1257.2	403
1257.4	396
1257.6	359
1257.8	381
1258	325
1258.2	369
1258.4	293
1258.6	308
1258.8	408
1259	457
1259.2	381
1259.4	423
1259.6	435
1259.8	435
1260	438
1260.2	507
1260.4	443
1260.6	494
1260.8	492
1261	438
1261.2	318
1261.4	413
1261.6	369
1261.8	377
1262	325
1262.2	374
1262.4	399
1262.6	377
1262.8	335
1263	294
1263.2	389
1263.4	411
1263.6	482
1263.8	477
1264	404
1264.2	475
1264.4	477
1264.6	423
1264.8	458
1265	414
1265.2	318
1265.4	365
1265.6	406
1265.8	374
1266	418
1266.2	369
1266.4	316
1266.6	374
1266.8	362
1267	347
1267.2	369
1267.4	436
1267.6	421
1267.8	475
1268	426
1268.2	547
1268.4	446
1268.6	360
1268.8	532
1269	365
1269.2	350
1269.4	345
1269.6	326
1269.8	387
1270	279
1270.2	287
1270.4	316
1270.6	294
1270.8	340
1271	372
1271.2	306
1271.4	333
1271.6	333
1271.8	294
1272	311
1272.2	335
1272.4	289
1272.6	355
1272.8	262
1273	375
1273.2	402
1273.4	277
1273.6	345
1273.8	326
1274	267
1274.2	333
1274.4	236
1274.6	296
1274.8	360
1275	299
1275.2	253
1275.4	321
1275.6	299
1275.8	272
1276	236
1276.2	275
1276.4	253
1276.6	297
1276.8	272
1277	363
1277.2	262
1277.4	275
1277.6	297
1277.8	326
1278	407
1278.2	260
1278.4	233
1278.6	331
1278.8	263
1279	306
1279.2	297
1279.4	170
1279.6	319
1279.8	299
1280	163
1280.2	263
1280.4	321
1280.6	209
1280.8	255
1281	289
1281.2	238
1281.4	253
1281.6	238
1281.8	299
1282	324
1282.2	289
1282.4	282
1282.6	346
1282.8	282
1283	292
1283.2	287
1283.4	263
1283.6	243
1283.8	122
1284	175
1284.2	216
1284.4	163
1284.6	183
1284.8	134
1285	134
1285.2	212
1285.4	255
1285.6	273
1285.8	292
1286	270
1286.2	343
1286.4	338
1286.6	275
1286.8	405
1287	302
1287.2	253
1287.4	326
1287.6	282
1287.8	280
1288	292
1288.2	202
1288.4	251
1288.6	290
1288.8	222
1289	241
1289.2	287
1289.4	260
1289.6	341
1289.8	251
1290	348
1290.2	317
1290.4	299
1290.6	297
1290.8	290
1291	219
1291.2	243
1291.4	183
1291.6	173
1291.8	231
1292	202
1292.2	144
1292.4	183
1292.6	117
1292.8	154
1293	212
1293.2	178
1293.4	265
1293.6	202
1293.8	258
1294	290
1294.2	251
1294.4	195
1294.6	309
1294.8	173
1295	178
1295.2	249
1295.4	130
1295.6	173
1295.8	219
1296	156
1296.2	168
1296.4	183
1296.6	202
1296.8	190
1297	137
1297.2	156
1297.4	290
1297.6	193
1297.8	207
1298	139
1298.2	156
1298.4	217
1298.6	198
1298.8	144
1299	137
1299.2	147
1299.4	185
1299.6	234
1299.8	110
1300	144
1300.2	74
1300.4	173
1300.6	159
1300.8	106
1301	67
1301.2	79
1301.4	96
1301.6	26
1301.8	140
1302	41
1302.2	176
1302.4	135
1302.6	57
1302.8	125
1303	157
1303.2	164
1303.4	137
1303.6	82
1303.8	137
1304	222
1304.2	208
1304.4	193
1304.6	108
1304.8	101
1305	178
1305.2	174
1305.4	67
1305.6	38
1305.8	79
1306	46
1306.2	106
1306.4	99
1306.6	132
1306.8	91
1307	58
1307.2	103
1307.4	48
1307.6	48
1307.8	72
1308	1
1308.2	113
1308.4	87
1308.6	137
1308.8	157
1309	65
1309.2	41
1309.4	63
1309.6	1
1309.8	22
1310	63
1310.2	2
1310.4	7
1310.6	34
1310.8	1
1311	162
1311.2	94
1311.4	36
1311.6	154
1311.8	191
1312	242
1312.2	140
1312.4	135
1312.6	99
1312.8	121
1313	116
1313.2	84
1313.4	31
1313.6	70
1313.8	1
1314	22
1314.2	1
1314.4	65
1314.6	1
1314.8	84
1315	96
1315.2	53
1315.4	46
1315.6	70
1315.8	1
1316	99
1316.2	164
1316.4	109
1316.6	89
1316.8	1
1317	87
1317.2	87
1317.4	1
1317.6	15
1317.8	51
1318	15
1318.2	44
1318.4	80
1318.6	1
1318.8	44
1319	24
1319.2	58
1319.4	109
1319.6	184
1319.8	179
1320	24
1320.2	68
1320.4	150
1320.6	174
1320.8	85
1321	27
1321.2	1
1321.4	1
1321.6	135
1321.8	1
1322	1
1322.2	1
1322.4	1
1322.6	53
1322.8	22
1323	131
1323.2	32
1323.4	27
1323.6	34
1323.8	63
1324	87
1324.2	80
1324.4	61
1324.6	17
1324.8	109
1325	85
1325.2	44
1325.4	68
1325.6	17
1325.8	13
1326	99
1326.2	8
1326.4	94
1326.6	104
1326.8	1
1327	85
1327.2	87
1327.4	41
1327.6	58
1327.8	34
1328	1
1328.2	107
1328.4	41
1328.6	104
1328.8	10
1329	27
1329.2	102
1329.4	90
1329.6	54
1329.8	138
1330	42
1330.2	83
1330.4	114
1330.6	102
1330.8	179
1331	66
1331.2	30
1331.4	80
1331.6	37
1331.8	42
1332	68
1332.2	22
1332.4	42
1332.6	15
1332.8	37
1333	68
1333.2	63
1333.4	56
1333.6	162
1333.8	199
1334	124
1334.2	116
1334.4	47
1334.6	131
1334.8	177
1335	71
1335.2	104
1335.4	1
1335.6	1
1335.8	61
1336	30
1336.2	6
1336.4	47
1336.6	1
1336.8	1
1337	117
1337.2	59
1337.4	126
1337.6	153
1337.8	143
1338	153
1338.2	206
1338.4	192
1338.6	153
1338.8	71
1339	92
1339.2	138
1339.4	83
1339.6	155
1339.8	59
1340	44
1340.2	8
1340.4	105
1340.6	131
1340.8	124
1341	129
1341.2	124
1341.4	160
1341.6	88
1341.8	192
1342	143
1342.2	122
1342.4	177
1342.6	163
1342.8	187
1343	110
1343.2	105
1343.4	141
1343.6	126
1343.8	49
1344	56
1344.2	32
1344.4	25
1344.6	78
1344.8	47
1345	141
1345.2	110
1345.4	69
1345.6	158
1345.8	131
1346	170
1346.2	146
1346.4	175
1346.6	85
1346.8	194
1347	153
1347.2	127
1347.4	148
1347.6	52
1347.8	129
1348	153
1348.2	153
1348.4	156
1348.6	165
1348.8	153
1349	175
1349.2	158
1349.4	241
1349.6	107
1349.8	59
1350	161
1350.2	115
1350.4	119
1350.6	144
1350.8	93
1351	110
1351.2	173
1351.4	86
1351.6	76
1351.8	158
1352	119
1352.2	192
1352.4	107
1352.6	139
1352.8	173
1353	54
1353.2	122
1353.4	144
1353.6	141
1353.8	158
1354	66
1354.2	6
1354.4	134
1354.6	183
1354.8	95
1355	115
1355.2	180
1355.4	93
1355.6	153
1355.8	62
1356	173
1356.2	219
1356.4	221
1356.6	280
1356.8	217
1357	183
1357.2	358
1357.4	187
1357.6	144
1357.8	251
1358	105
1358.2	50
1358.4	88
1358.6	93
1358.8	57
1359	112
1359.2	93
1359.4	166
1359.6	185
1359.8	67
1360	185
1360.2	76
1360.4	185
1360.6	115
1360.8	120
1361	144
1361.2	236
1361.4	202
1361.6	270
1361.8	81
1362	79
1362.2	142
1362.4	125
1362.6	62
1362.8	62
1363	26
1363.2	50
1363.4	1
1363.6	57
1363.8	81
1364	178
1364.2	178
1364.4	185
1364.6	185
1364.8	200
1365	163
1365.2	147
1365.4	207
1365.6	159
1365.8	62
1366	118
1366.2	156
1366.4	67
1366.6	166
1366.8	57
1367	183
1367.2	217
1367.4	103
1367.6	103
1367.8	176
1368	91
1368.2	108
1368.4	154
1368.6	36
1368.8	86
1369	62
1369.2	183
1369.4	183
1369.6	9
1369.8	67
1370	118
1370.2	96
1370.4	171
1370.6	135
1370.8	91
1371	154
1371.2	166
1371.4	125
1371.6	139
1371.8	98
1372	139
1372.2	198
1372.4	108
1372.6	183
1372.8	1
1373	57
1373.2	33
1373.4	57
1373.6	43
1373.8	74
1374	43
1374.2	60
1374.4	106
1374.6	82
1374.8	103
1375	48
1375.2	137
1375.4	232
1375.6	113
1375.8	127
1376	166
1376.2	45
1376.4	137
1376.6	79
1376.8	48
1377	82
1377.2	72
1377.4	45
1377.6	12
1377.8	65
1378	1
1378.2	132
1378.4	21
1378.6	130
1378.8	171
1379	62
1379.2	254
1379.4	108
1379.6	74
1379.8	137
1380	1
1380.2	154
1380.4	162
1380.6	84
1380.8	94
1381	48
1381.2	7
1381.4	1
1381.6	1
1381.8	1
1382	1
1382.2	1
1382.4	62
1382.6	58
1382.8	89
1383	125
1383.2	237
1383.4	87
1383.6	72
1383.8	24
1384	91
1384.2	159
1384.4	135
1384.6	92
1384.8	104
1385	10
1385.2	137
1385.4	96
1385.6	94
1385.8	58
1386	63
1386.2	1
1386.4	118
1386.6	113
1386.8	70
1387	24
1387.2	55
1387.4	84
1387.6	36
1387.8	48
1388	55
1388.2	48
1388.4	31
1388.6	75
1388.8	63
1389	5
1389.2	17
1389.4	1
1389.6	22
1389.8	109
1390	60
1390.2	80
1390.4	46
1390.6	22
1390.8	53
1391	1
1391.2	63
1391.4	68
1391.6	15
1391.8	22
1392	43
1392.2	1
1392.4	17
1392.6	84
1392.8	48
1393	121
1393.2	89
1393.4	155
1393.6	186
1393.8	196
1394	218
1394.2	135
1394.4	128
1394.6	155
1394.8	143
1395	60
1395.2	87
1395.4	29
1395.6	12
1395.8	75
1396	1
1396.2	5
1396.4	82
1396.6	97
1396.8	51
1397	8
1397.2	92
1397.4	123
1397.6	189
1397.8	87
1398	116
1398.2	80
1398.4	29
1398.6	143
1398.8	99
1399	126
1399.2	1
1399.4	87
1399.6	82
1399.8	1
1400	1
