# Optical absorption spectrum of Program fragment delivered error ``Can't call method "sample_" on an undefined value at abs.template line 1.'':LUAG (Tm:Lu3Al5O12)
# assuming unity concentration per meter.  This data was part of the NASA 
# Laser Spectra Database found on the web until December of 2005 which
# was created by Pat Cross working at NASA Langley Research Center, Internal
# Operations Group, Aerospace Electronics Systems Division, Remote Sensing.
#
# The spectra was collected by BMW on  5 June 1993 and was 
# annotated on 12 March 1993.  The sample name was "" was a 9.9300
# long piece of :.   
# The incident light had unknown polarization.
#
# Spectra were recorded from 630 to 730nm
# every 0.1nm at room temperature.
#
# FILE NAME ON IBM-PC = LUAG9.SP ON MAC= P12033.04 NO_POINTS = 1001. pts DATA_INTV = .00010 _m MIN_LAMBDA = .630000 _m MIN_DATA = .07410 MAX_LAMBDA = .730000 _m MAX_DATA = .85490 SCANSPEED = 15.000000 nm/min SLITWIDTH= .20000 nmITA = 0. RESP = .500 sec ISMS = 0. DATE=93/05/06 INST = 509. ? = 0. ITHACA CORP SAMPLE 0:22:49 12-03-1993.
#
##Wavelength (nm)	Absorbance (/meter) 
630	178
630.1	252
630.2	216
630.3	130
630.4	173
630.5	159
630.6	168
630.7	269
630.8	219
630.9	161
631	207
631.1	219
631.2	216
631.3	178
631.4	114
631.5	133
631.6	219
631.7	138
631.8	107
631.9	46
632	174
632.1	145
632.2	129
632.3	276
632.4	179
632.5	176
632.6	183
632.7	143
632.8	91
632.9	255
633	153
633.1	243
633.2	110
633.3	127
633.4	224
633.5	188
633.6	239
633.7	306
633.8	177
633.9	148
634	275
634.1	127
634.2	310
634.3	35
634.4	311
634.5	117
634.6	189
634.7	84
634.8	313
634.9	289
635	168
635.1	227
635.2	284
635.3	222
635.4	249
635.5	256
635.6	388
635.7	285
635.8	175
635.9	175
636	213
636.1	227
636.2	38
636.3	130
636.4	251
636.5	275
636.6	170
636.7	199
636.8	323
636.9	254
637	135
637.1	252
637.2	5
637.3	40
637.4	266
637.5	240
637.6	126
637.7	223
637.8	240
637.9	140
638	114
638.1	169
638.2	154
638.3	211
638.4	245
638.5	202
638.6	176
638.7	212
638.8	169
638.9	221
639	185
639.1	188
639.2	269
639.3	193
639.4	129
639.5	112
639.6	105
639.7	248
639.8	183
639.9	181
640	133
640.1	281
640.2	193
640.3	236
640.4	298
640.5	191
640.6	253
640.7	172
640.8	222
640.9	191
641	177
641.1	284
641.2	191
641.3	220
641.4	222
641.5	279
641.6	291
641.7	313
641.8	310
641.9	277
642	282
642.1	239
642.2	213
642.3	253
642.4	70
642.5	395
642.6	239
642.7	251
642.8	237
642.9	108
643	306
643.1	320
643.2	285
643.3	246
643.4	239
643.5	125
643.6	99
643.7	189
643.8	232
643.9	187
644	333
644.1	321
644.2	247
644.3	451
644.4	398
644.5	182
644.6	173
644.7	194
644.8	264
644.9	386
645	128
645.1	307
645.2	130
645.3	295
645.4	164
645.5	257
645.6	242
645.7	355
645.8	171
645.9	355
646	321
646.1	444
646.2	319
646.3	338
646.4	281
646.5	324
646.6	317
646.7	257
646.8	269
646.9	485
647	43
647.1	176
647.2	430
647.3	252
647.4	293
647.5	219
647.6	233
647.7	250
647.8	114
647.9	300
648	320
648.1	351
648.2	433
648.3	534
648.4	447
648.5	450
648.6	358
648.7	389
648.8	329
648.9	227
649	370
649.1	365
649.2	351
649.3	270
649.4	215
649.5	334
649.6	301
649.7	375
649.8	370
649.9	327
650	385
650.1	280
650.2	320
650.3	253
650.4	232
650.5	316
650.6	373
650.7	361
650.8	400
650.9	354
651	297
651.1	323
651.2	371
651.3	496
651.4	239
651.5	436
651.6	450
651.7	443
651.8	220
651.9	475
652	422
652.1	484
652.2	285
652.3	137
652.4	147
652.5	424
652.6	350
652.7	367
652.8	292
652.9	448
653	381
653.1	420
653.2	420
653.3	439
653.4	449
653.5	458
653.6	456
653.7	425
653.8	437
653.9	305
654	396
654.1	427
654.2	442
654.3	507
654.4	410
654.5	490
654.6	367
654.7	437
654.8	449
654.9	597
655	568
655.1	640
655.2	782
655.3	750
655.4	915
655.5	1096
655.6	1329
655.7	987
655.8	935
655.9	1109
656	817
656.1	851
656.2	893
656.3	896
656.4	707
656.5	714
656.6	712
656.7	751
656.8	775
656.9	714
657	626
657.1	797
657.2	682
657.3	1077
657.4	834
657.5	874
657.6	901
657.7	977
657.8	871
657.9	1079
658	928
658.1	1089
658.2	901
658.3	1157
658.4	1127
658.5	1114
658.6	1075
658.7	983
658.8	1017
658.9	975
659	993
659.1	874
659.2	961
659.3	857
659.4	887
659.5	887
659.6	946
659.7	1082
659.8	1207
659.9	1247
660	1275
660.1	1282
660.2	1205
660.3	1185
660.4	1142
660.5	1165
660.6	961
660.7	1152
660.8	944
660.9	966
661	791
661.1	737
661.2	796
661.3	789
661.4	669
661.5	620
661.6	625
661.7	497
661.8	623
661.9	723
662	572
662.1	633
662.2	608
662.3	784
662.4	674
662.5	621
662.6	669
662.7	750
662.8	782
662.9	550
663	691
663.1	550
663.2	635
663.3	597
663.4	709
663.5	626
663.6	633
663.7	856
663.8	704
663.9	868
664	785
664.1	937
664.2	989
664.3	994
664.4	1059
664.5	861
664.6	1074
664.7	1076
664.8	1229
664.9	1259
665	1241
665.1	1339
665.2	1171
665.3	1327
665.4	1385
665.5	1415
665.6	1249
665.7	1067
665.8	1104
665.9	1136
666	1044
666.1	1052
666.2	1111
666.3	1020
666.4	982
666.5	953
666.6	918
666.7	982
666.8	1172
666.9	776
667	970
667.1	1052
667.2	1104
667.3	973
667.4	1214
667.5	1232
667.6	1114
667.7	1224
667.8	1212
667.9	1209
668	1199
668.1	1172
668.2	1184
668.3	1290
668.4	1335
668.5	1137
668.6	1057
668.7	1353
668.8	1165
668.9	1025
669	998
669.1	926
669.2	988
669.3	919
669.4	1065
669.5	848
669.6	1006
669.7	954
669.8	1043
669.9	848
670	875
670.1	902
670.2	959
670.3	870
670.4	836
670.5	764
670.6	821
670.7	718
670.8	838
670.9	907
671	772
671.1	772
671.2	855
671.3	831
671.4	907
671.5	962
671.6	811
671.7	878
671.8	981
671.9	829
672	873
672.1	826
672.2	898
672.3	1048
672.4	1039
672.5	1056
672.6	994
672.7	952
672.8	974
672.9	1091
673	920
673.1	1044
673.2	1031
673.3	1002
673.4	1151
673.5	1069
673.6	903
673.7	994
673.8	1264
673.9	1188
674	1304
674.1	1397
674.2	1109
674.3	1264
674.4	1249
674.5	1405
674.6	1269
674.7	1307
674.8	1327
674.9	1410
675	1456
675.1	1377
675.2	1562
675.3	1527
675.4	1621
675.5	1453
675.6	1545
675.7	1760
675.8	1842
675.9	1631
676	1716
676.1	1555
676.2	1775
676.3	1868
676.4	1837
676.5	1988
676.6	1990
676.7	2076
676.8	2205
676.9	2108
677	2058
677.1	2252
677.2	2576
677.3	2654
677.4	2716
677.5	2668
677.6	2955
677.7	3018
677.8	3139
677.9	3263
678	3523
678.1	3823
678.2	3726
678.3	4055
678.4	4203
678.5	4319
678.6	4816
678.7	5356
678.8	6336
678.9	7872
679	9591
679.1	11935
679.2	15241
679.3	19586
679.4	23495
679.5	24306
679.6	21882
679.7	18412
679.8	15822
679.9	14414
680	14608
680.1	15266
680.2	17707
680.3	21020
680.4	24761
680.5	27734
680.6	28140
680.7	26145
680.8	23330
680.9	21229
681	20459
681.1	21249
681.2	24299
681.3	28361
681.4	34277
681.5	42091
681.6	48058
681.7	49245
681.8	46176
681.9	43168
682	41714
682.1	41978
682.2	42341
682.3	41789
682.4	38843
682.5	33110
682.6	26609
682.7	20801
682.8	16565
682.9	13630
683	11398
683.1	10284
683.2	9551
683.3	9359
683.4	9555
683.5	10213
683.6	10708
683.7	11200
683.8	12446
683.9	15147
684	18703
684.1	19606
684.2	16523
684.3	12512
684.4	8965
684.5	6584
684.6	5116
684.7	4570
684.8	3876
684.9	3522
685	3094
685.1	2982
685.2	2845
685.3	2767
685.4	2710
685.5	2563
685.6	2339
685.7	2480
685.8	2453
685.9	2651
686	2517
686.1	2681
686.2	2501
686.3	2533
686.4	2384
686.5	2358
686.6	2443
686.7	2360
686.8	2440
686.9	2437
687	2614
687.1	2555
687.2	2453
687.3	2582
687.4	2846
687.5	2930
687.6	2909
687.7	3244
687.8	3316
687.9	3700
688	4118
688.1	4654
688.2	5291
688.3	5662
688.4	6536
688.5	7372
688.6	8440
688.7	9173
688.8	9942
688.9	9993
689	9942
689.1	9537
689.2	8258
689.3	7297
689.4	6306
689.5	5270
689.6	4661
689.7	4310
689.8	4066
689.9	3735
690	3403
690.1	3272
690.2	3153
690.3	3068
690.4	2849
690.5	2945
690.6	3173
690.7	3217
690.8	3308
690.9	3582
691	3661
691.1	3450
691.2	3644
691.3	3571
691.4	3356
691.5	3187
691.6	2918
691.7	2720
691.8	2484
691.9	2264
692	2333
692.1	2167
692.2	2067
692.3	1986
692.4	2101
692.5	1968
692.6	1810
692.7	1919
692.8	2125
692.9	2373
693	2209
693.1	2639
693.2	2766
693.3	2984
693.4	2978
693.5	3292
693.6	3387
693.7	3353
693.8	3572
693.9	3679
694	3889
694.1	4134
694.2	4262
694.3	4473
694.4	4757
694.5	4808
694.6	4620
694.7	4306
694.8	4082
694.9	3776
695	3606
695.1	3326
695.2	3011
695.3	2837
695.4	2624
695.5	2370
695.6	2259
695.7	2099
695.8	1878
695.9	1667
696	1706
696.1	1545
696.2	1302
696.3	1527
696.4	1491
696.5	1431
696.6	1340
696.7	1277
696.8	1159
696.9	1072
697	1352
697.1	1345
697.2	1358
697.3	1378
697.4	1292
697.5	1282
697.6	1300
697.7	1209
697.8	1482
697.9	1205
698	1275
698.1	1345
698.2	1245
698.3	1202
698.4	996
698.5	1080
698.6	1055
698.7	1215
698.8	1127
698.9	1192
699	1187
699.1	1237
699.2	1026
699.3	1268
699.4	1115
699.5	1013
699.6	1093
699.7	1222
699.8	1167
699.9	1150
700	1230
700.1	1090
700.2	966
700.3	1093
700.4	1118
700.5	1265
700.6	1100
700.7	1245
700.8	1123
700.9	1230
701	1253
701.1	1245
701.2	1056
701.3	1063
701.4	1271
701.5	1465
701.6	1140
701.7	1088
701.8	1175
701.9	1238
702	1331
702.1	1344
702.2	1356
702.3	1339
702.4	1161
702.5	1341
702.6	1171
702.7	1206
702.8	1251
702.9	1228
703	1276
703.1	1485
703.2	1351
703.3	1506
703.4	1465
703.5	1463
703.6	1679
703.7	1470
703.8	1392
703.9	1491
704	1524
704.1	1592
704.2	1281
704.3	1587
704.4	1471
704.5	1453
704.6	1744
704.7	1575
704.8	1654
704.9	1585
705	1511
705.1	1400
705.2	1580
705.3	1476
705.4	1509
705.5	1468
705.6	1231
705.7	1309
705.8	1134
705.9	1067
706	1176
706.1	1214
706.2	1082
706.3	1292
706.4	1087
706.5	879
706.6	1129
706.7	1177
706.8	1157
706.9	1127
707	1127
707.1	1214
707.2	1087
707.3	995
707.4	1037
707.5	1134
707.6	1027
707.7	1000
707.8	1144
707.9	941
708	1110
708.1	1229
708.2	1187
708.3	1159
708.4	1040
708.5	1232
708.6	1197
708.7	1090
708.8	902
708.9	889
709	954
709.1	850
709.2	870
709.3	924
709.4	1140
709.5	1132
709.6	1090
709.7	752
709.8	971
709.9	828
710	983
710.1	1055
710.2	863
710.3	909
710.4	981
710.5	853
710.6	769
710.7	860
710.8	843
710.9	841
711	855
711.1	777
711.2	853
711.3	981
711.4	833
711.5	833
711.6	755
711.7	1115
711.8	885
711.9	944
712	831
712.1	829
712.2	846
712.3	679
712.4	1043
712.5	851
712.6	809
712.7	888
712.8	721
712.9	940
713	814
713.1	655
713.2	697
713.3	660
713.4	597
713.5	765
713.6	648
713.7	716
713.8	711
713.9	758
714	629
714.1	660
714.2	653
714.3	697
714.4	622
714.5	544
714.6	443
714.7	583
714.8	815
714.9	741
715	609
715.1	644
715.2	486
715.3	573
715.4	651
715.5	580
715.6	788
715.7	702
715.8	834
715.9	719
716	467
716.1	566
716.2	641
716.3	651
716.4	561
716.5	467
716.6	627
716.7	685
716.8	661
716.9	746
717	717
717.1	705
717.2	446
717.3	581
717.4	528
717.5	620
717.6	676
717.7	756
717.8	625
717.9	465
718	642
718.1	693
718.2	542
718.3	521
718.4	562
718.5	342
718.6	475
718.7	299
718.8	468
718.9	499
719	552
719.1	674
719.2	369
719.3	214
719.4	381
719.5	424
719.6	458
719.7	567
719.8	531
719.9	444
720	273
720.1	252
720.2	321
720.3	369
720.4	446
720.5	384
720.6	494
720.7	357
720.8	204
720.9	245
721	276
721.1	389
721.2	389
721.3	449
721.4	334
721.5	408
721.6	205
721.7	240
721.8	245
721.9	276
722	444
722.1	471
722.2	329
722.3	214
722.4	110
722.5	327
722.6	317
722.7	284
722.8	319
722.9	269
723	343
723.1	212
723.2	293
723.3	167
723.4	272
723.5	481
723.6	243
723.7	234
723.8	227
723.9	56
724	184
724.1	334
724.2	94
724.3	224
724.4	411
724.5	148
724.6	365
724.7	198
724.8	227
724.9	234
725	404
725.1	120
725.2	289
725.3	177
725.4	194
725.5	232
725.6	301
725.7	179
725.8	1
725.9	529
726	315
726.1	342
726.2	318
726.3	118
726.4	172
726.5	380
726.6	335
726.7	111
726.8	368
726.9	385
727	289
727.1	125
727.2	457
727.3	510
727.4	165
727.5	270
727.6	364
727.7	414
727.8	297
727.9	441
728	278
728.1	180
728.2	266
728.3	268
728.4	102
728.5	182
728.6	462
728.7	328
728.8	318
728.9	333
729	326
729.1	354
729.2	297
729.3	290
729.4	133
729.5	259
729.6	90
729.7	254
729.8	145
729.9	338
730	381
