# Optical absorption spectrum of Program fragment delivered error ``Can't call method "sample_" on an undefined value at abs.template line 1.'':YAG (Tm:Y3Al5O12)
# assuming unity concentration per meter.  This data was part of the NASA 
# Laser Spectra Database found on the web until December of 2005 which
# was created by Pat Cross working at NASA Langley Research Center, Internal
# Operations Group, Aerospace Electronics Systems Division, Remote Sensing.
#
# The spectra was collected by TLL on 25 July 1988 and was 
# annotated on  9 August 1988.  The sample name was "" was a 4.0000
# long piece of :.   
# The incident light had unknown polarization.
#
# Spectra were recorded from 300 to 1950nm
# every 0.2nm at room temperature.
#
# FILE NAME ON PE-3600 = 002T3.SP ON PC = 002T0003.SP NO_POINTS = 8251. pts DATA_INTV = .000200 æm MIN_LAMBDA = .300000 æm MIN_DATA = 0.000000 MAX_LAMBDA = 1.950000 æm MAX_DATA = 61305.00 SCANSPEED = .03000000 æm/min SLITWIDTH= .00020 æmITA = 0. RESP = .500 sec ISMS = 0. DATE=88/07/25 INST = 509. ? = 0.
#
##Wavelength (nm)	Absorbance (/meter) 
300	708
300.2	907
300.4	955
300.6	546
300.8	757
301	980
301.2	501
301.4	811
301.6	495
301.8	482
302	736
302.2	815
302.4	554
302.6	703
302.8	881
303	453
303.2	366
303.4	291
303.6	933
303.8	619
304	720
304.2	582
304.4	693
304.6	345
304.8	530
305	724
305.2	530
305.4	546
305.6	622
305.8	638
306	279
306.2	338
306.4	576
306.6	565
306.8	454
307	586
307.2	390
307.4	627
307.6	608
307.8	468
308	351
308.2	611
308.4	562
308.6	664
308.8	551
309	614
309.2	495
309.4	602
309.6	486
309.8	484
310	342
310.2	414
310.4	491
310.6	606
310.8	542
311	441
311.2	628
311.4	353
311.6	481
311.8	397
312	510
312.2	511
312.4	429
312.6	339
312.8	420
313	344
313.2	418
313.4	475
313.6	558
313.8	370
314	537
314.2	545
314.4	596
314.6	405
314.8	401
315	251
315.2	650
315.4	355
315.6	477
315.8	364
316	421
316.2	400
316.4	392
316.6	408
316.8	462
317	639
317.2	554
317.4	463
317.6	477
317.8	637
318	626
318.2	603
318.4	558
318.6	457
318.8	489
319	495
319.2	376
319.4	284
319.6	627
319.8	458
320	571
320.2	509
320.4	605
320.6	418
320.8	354
321	374
321.2	290
321.4	186
321.6	344
321.8	448
322	566
322.2	416
322.4	232
322.6	524
322.8	331
323	607
323.2	592
323.4	462
323.6	634
323.8	613
324	379
324.2	483
324.4	706
324.6	656
324.8	452
325	511
325.2	628
325.4	716
325.6	518
325.8	579
326	451
326.2	637
326.4	518
326.6	472
326.8	374
327	532
327.2	499
327.4	431
327.6	586
327.8	491
328	462
328.2	500
328.4	453
328.6	306
328.8	372
329	469
329.2	473
329.4	460
329.6	392
329.8	422
330	593
330.2	456
330.4	422
330.6	663
330.8	495
331	382
331.2	345
331.4	450
331.6	394
331.8	416
332	371
332.2	507
332.4	323
332.6	385
332.8	382
333	435
333.2	416
333.4	362
333.6	412
333.8	471
334	534
334.2	594
334.4	359
334.6	546
334.8	341
335	485
335.2	519
335.4	380
335.6	400
335.8	552
336	566
336.2	471
336.4	389
336.6	421
336.8	373
337	458
337.2	264
337.4	292
337.6	483
337.8	680
338	559
338.2	295
338.4	470
338.6	659
338.8	249
339	378
339.2	395
339.4	285
339.6	559
339.8	359
340	125
340.2	317
340.4	436
340.6	496
340.8	782
341	536
341.2	295
341.4	507
341.6	548
341.8	416
342	499
342.2	447
342.4	618
342.6	306
342.8	494
343	514
343.2	448
343.4	388
343.6	532
343.8	419
344	430
344.2	364
344.4	455
344.6	383
344.8	235
345	331
345.2	458
345.4	574
345.6	487
345.8	442
346	396
346.2	634
346.4	435
346.6	546
346.8	566
347	437
347.2	438
347.4	676
347.6	491
347.8	535
348	284
348.2	485
348.4	608
348.6	448
348.8	607
349	692
349.2	468
349.4	614
349.6	379
349.8	523
350	708
350.2	668
350.4	647
350.6	636
350.8	649
351	718
351.2	746
351.4	891
351.6	908
351.8	990
352	1033
352.2	865
352.4	1278
352.6	972
352.8	981
353	1063
353.2	1013
353.4	1336
353.6	1216
353.8	1248
354	1362
354.2	1238
354.4	1346
354.6	1422
354.8	1532
355	1706
355.2	1855
355.4	2034
355.6	2620
355.8	3831
356	6218
356.2	7349
356.4	4790
356.6	4163
356.8	5783
357	9499
357.2	11088
357.4	4643
357.6	2325
357.8	1863
358	1704
358.2	2131
358.4	2331
358.6	4072
358.8	5552
359	6999
359.2	4924
359.4	3676
359.6	3381
359.8	2994
360	1992
360.2	1581
360.4	1656
360.6	1459
360.8	1694
361	1581
361.2	1848
361.4	1906
361.6	2642
361.8	3842
362	4377
362.2	2924
362.4	2071
362.6	1710
362.8	1725
363	1520
363.2	1486
363.4	1691
363.6	1841
363.8	2059
364	2227
364.2	2399
364.4	2331
364.6	2418
364.8	1930
365	1722
365.2	1246
365.4	1112
365.6	948
365.8	960
366	1016
366.2	962
366.4	1016
366.6	1168
366.8	1147
367	1262
367.2	1074
367.4	781
367.6	1016
367.8	687
368	844
368.2	553
368.4	629
368.6	540
368.8	495
369	289
369.2	236
369.4	313
369.6	387
369.8	354
370	442
370.2	239
370.4	513
370.6	283
370.8	129
371	211
371.2	318
371.4	142
371.6	270
371.8	255
372	67
372.2	152
372.4	211
372.6	239
372.8	217
373	261
373.2	328
373.4	281
373.6	316
373.8	293
374	75
374.2	382
374.4	324
374.6	424
374.8	409
375	126
375.2	455
375.4	190
375.6	368
375.8	539
376	414
376.2	482
376.4	233
376.6	531
376.8	410
377	264
377.2	281
377.4	292
377.6	222
377.8	141
378	88
378.2	399
378.4	426
378.6	350
378.8	1
379	173
379.2	234
379.4	327
379.6	258
379.8	295
380	344
380.2	289
380.4	358
380.6	418
380.8	344
381	337
381.2	356
381.4	399
381.6	333
381.8	318
382	174
382.2	296
382.4	416
382.6	340
382.8	301
383	552
383.2	264
383.4	205
383.6	326
383.8	327
384	270
384.2	363
384.4	284
384.6	297
384.8	318
385	296
385.2	195
385.4	244
385.6	295
385.8	300
386	273
386.2	435
386.4	248
386.6	237
386.8	369
387	366
387.2	274
387.4	212
387.6	390
387.8	387
388	372
388.2	268
388.4	303
388.6	314
388.8	329
389	147
389.2	206
389.4	416
389.6	337
389.8	426
390	236
390.2	305
390.4	306
390.6	250
390.8	299
391	268
391.2	111
391.4	260
391.6	404
391.8	288
392	319
392.2	366
392.4	403
392.6	323
392.8	288
393	281
393.2	356
393.4	170
393.6	227
393.8	326
394	424
394.2	340
394.4	423
394.6	215
394.8	280
395	287
395.2	230
395.4	262
395.6	384
395.8	415
396	283
396.2	393
396.4	216
396.6	392
396.8	399
397	205
397.2	272
397.4	345
397.6	310
397.8	204
398	307
398.2	407
398.4	245
398.6	201
398.8	190
399	257
399.2	236
399.4	444
399.6	348
399.8	274
400	287
400.2	342
400.4	269
400.6	243
400.8	351
401	321
401.2	342
401.4	303
401.6	320
401.8	429
402	384
402.2	380
402.4	244
402.6	289
402.8	451
403	422
403.2	292
403.4	299
403.6	317
403.8	314
404	442
404.2	215
404.4	176
404.6	305
404.8	202
405	259
405.2	362
405.4	266
405.6	375
405.8	270
406	246
406.2	384
406.4	397
406.6	241
406.8	265
407	304
407.2	293
407.4	226
407.6	260
407.8	340
408	471
408.2	313
408.4	201
408.6	250
408.8	197
409	298
409.2	317
409.4	309
409.6	370
409.8	407
410	296
410.2	296
410.4	420
410.6	320
410.8	393
411	187
411.2	318
411.4	315
411.6	308
411.8	282
412	213
412.2	284
412.4	294
412.6	386
412.8	300
413	425
413.2	317
413.4	310
413.6	323
413.8	243
414	256
414.2	139
414.4	318
414.6	216
414.8	337
415	268
415.2	315
415.4	341
415.6	324
415.8	207
416	195
416.2	296
416.4	363
416.6	260
416.8	340
417	297
417.2	210
417.4	343
417.6	273
417.8	270
418	327
418.2	358
418.4	316
418.6	265
418.8	265
419	314
419.2	285
419.4	330
419.6	190
419.8	331
420	282
420.2	316
420.4	333
420.6	246
420.8	276
421	343
421.2	304
421.4	301
421.6	245
421.8	374
422	267
422.2	400
422.4	250
422.6	285
422.8	321
423	306
423.2	357
423.4	269
423.6	184
423.8	331
424	384
424.2	332
424.4	203
424.6	406
424.8	272
425	337
425.2	452
425.4	382
425.6	237
425.8	338
426	292
426.2	371
426.4	360
426.6	188
426.8	351
427	246
427.2	276
427.4	235
427.6	222
427.8	314
428	393
428.2	312
428.4	340
428.6	301
428.8	368
429	272
429.2	307
429.4	318
429.6	178
429.8	321
430	322
430.2	254
430.4	105
430.6	287
430.8	425
431	251
431.2	293
431.4	210
431.6	217
431.8	299
432	206
432.2	261
432.4	358
432.6	160
432.8	301
433	400
433.2	344
433.4	281
433.6	241
433.8	388
434	191
434.2	311
434.4	348
434.6	329
434.8	237
435	256
435.2	250
435.4	299
435.6	272
435.8	308
436	209
436.2	226
436.4	270
436.6	243
436.8	378
437	350
437.2	467
437.4	299
437.6	344
437.8	251
438	275
438.2	214
438.4	243
438.6	245
438.8	332
439	385
439.2	413
439.4	529
439.6	503
439.8	315
440	228
440.2	414
440.4	381
440.6	345
440.8	346
441	215
441.2	329
441.4	406
441.6	277
441.8	265
442	328
442.2	366
442.4	351
442.6	278
442.8	360
443	443
443.2	231
443.4	294
443.6	291
443.8	283
444	296
444.2	525
444.4	462
444.6	328
444.8	286
445	341
445.2	354
445.4	366
445.6	325
445.8	357
446	430
446.2	333
446.4	279
446.6	344
446.8	338
447	359
447.2	384
447.4	336
447.6	393
447.8	363
448	428
448.2	423
448.4	351
448.6	342
448.8	340
449	367
449.2	404
449.4	474
449.6	491
449.8	261
450	294
450.2	340
450.4	397
450.6	350
450.8	394
451	409
451.2	363
451.4	386
451.6	397
451.8	431
452	348
452.2	424
452.4	453
452.6	400
452.8	474
453	369
453.2	488
453.4	416
453.6	423
453.8	375
454	426
454.2	384
454.4	479
454.6	379
454.8	382
455	455
455.2	497
455.4	458
455.6	470
455.8	487
456	538
456.2	470
456.4	567
456.6	544
456.8	556
457	491
457.2	590
457.4	560
457.6	603
457.8	711
458	780
458.2	856
458.4	1044
458.6	1276
458.8	1998
459	3188
459.2	3315
459.4	3155
459.6	4156
459.8	4601
460	3918
460.2	3148
460.4	3755
460.6	3484
460.8	2174
461	1578
461.2	1277
461.4	1019
461.6	892
461.8	740
462	769
462.2	727
462.4	721
462.6	724
462.8	741
463	759
463.2	916
463.4	962
463.6	1148
463.8	1338
464	1757
464.2	2226
464.4	2119
464.6	1775
464.8	1446
465	1423
465.2	1414
465.4	1542
465.6	1462
465.8	1242
466	1179
466.2	1245
466.4	1254
466.6	1146
466.8	993
467	963
467.2	1023
467.4	981
467.6	1010
467.8	1002
468	1103
468.2	1122
468.4	943
468.6	874
468.8	856
469	719
469.2	758
469.4	613
469.6	612
469.8	572
470	623
470.2	617
470.4	539
470.6	734
470.8	915
471	1031
471.2	1128
471.4	1573
471.6	1911
471.8	1922
472	1542
472.2	1110
472.4	937
472.6	700
472.8	768
473	738
473.2	662
473.4	533
473.6	693
473.8	609
474	646
474.2	588
474.4	691
474.6	599
474.8	529
475	582
475.2	466
475.4	649
475.6	549
475.8	546
476	673
476.2	738
476.4	714
476.6	794
476.8	687
477	601
477.2	547
477.4	602
477.6	524
477.8	543
478	584
478.2	594
478.4	617
478.6	545
478.8	493
479	414
479.2	366
479.4	333
479.6	385
479.8	444
480	422
480.2	627
480.4	664
480.6	522
480.8	406
481	333
481.2	371
481.4	460
481.6	314
481.8	285
482	295
482.2	428
482.4	308
482.6	353
482.8	212
483	382
483.2	356
483.4	301
483.6	351
483.8	312
484	292
484.2	369
484.4	335
484.6	372
484.8	288
485	491
485.2	491
485.4	701
485.6	734
485.8	742
486	801
486.2	717
486.4	524
486.6	391
486.8	323
487	320
487.2	225
487.4	279
487.6	385
487.8	324
488	300
488.2	297
488.4	240
488.6	262
488.8	338
489	267
489.2	273
489.4	346
489.6	288
489.8	283
490	271
490.2	220
490.4	298
490.6	311
490.8	291
491	236
491.2	221
491.4	243
491.6	257
491.8	286
492	254
492.2	247
492.4	265
492.6	294
492.8	189
493	213
493.2	239
493.4	228
493.6	206
493.8	300
494	225
494.2	258
494.4	212
494.6	211
494.8	249
495	242
495.2	274
495.4	266
495.6	285
495.8	281
496	258
496.2	258
496.4	311
496.6	305
496.8	316
497	354
497.2	251
497.4	251
497.6	260
497.8	256
498	303
498.2	283
498.4	264
498.6	294
498.8	261
499	273
499.2	283
499.4	278
499.6	239
499.8	257
500	299
500.2	276
500.4	290
500.6	289
500.8	255
501	210
501.2	262
501.4	293
501.6	229
501.8	222
502	324
502.2	308
502.4	275
502.6	262
502.8	244
503	308
503.2	287
503.4	216
503.6	292
503.8	256
504	239
504.2	237
504.4	262
504.6	256
504.8	269
505	231
505.2	264
505.4	372
505.6	314
505.8	305
506	291
506.2	246
506.4	280
506.6	277
506.8	329
507	282
507.2	248
507.4	259
507.6	297
507.8	351
508	272
508.2	247
508.4	279
508.6	307
508.8	347
509	258
509.2	273
509.4	229
509.6	252
509.8	286
510	243
510.2	325
510.4	283
510.6	339
510.8	310
511	255
511.2	285
511.4	262
511.6	298
511.8	336
512	203
512.2	291
512.4	264
512.6	280
512.8	317
513	291
513.2	313
513.4	360
513.6	346
513.8	321
514	285
514.2	292
514.4	312
514.6	235
514.8	303
515	307
515.2	314
515.4	273
515.6	255
515.8	252
516	153
516.2	266
516.4	301
516.6	285
516.8	303
517	326
517.2	267
517.4	420
517.6	333
517.8	316
518	288
518.2	311
518.4	279
518.6	248
518.8	232
519	376
519.2	323
519.4	178
519.6	254
519.8	292
520	301
520.2	319
520.4	202
520.6	204
520.8	288
521	309
521.2	305
521.4	198
521.6	296
521.8	257
522	295
522.2	289
522.4	300
522.6	358
522.8	307
523	214
523.2	202
523.4	282
523.6	148
523.8	176
524	222
524.2	183
524.4	310
524.6	285
524.8	168
525	180
525.2	232
525.4	177
525.6	307
525.8	373
526	250
526.2	264
526.4	265
526.6	311
526.8	285
527	270
527.2	320
527.4	271
527.6	329
527.8	242
528	260
528.2	262
528.4	285
528.6	317
528.8	240
529	324
529.2	259
529.4	313
529.6	301
529.8	286
530	181
530.2	223
530.4	331
530.6	261
530.8	314
531	189
531.2	316
531.4	321
531.6	391
531.8	258
532	205
532.2	273
532.4	265
532.6	214
532.8	230
533	203
533.2	253
533.4	313
533.6	250
533.8	375
534	261
534.2	263
534.4	281
534.6	317
534.8	256
535	400
535.2	235
535.4	256
535.6	169
535.8	237
536	290
536.2	293
536.4	262
536.6	191
536.8	185
537	265
537.2	335
537.4	317
537.6	268
537.8	320
538	358
538.2	178
538.4	234
538.6	288
538.8	231
539	247
539.2	249
539.4	188
539.6	222
539.8	292
540	295
540.2	319
540.4	175
540.6	213
540.8	298
541	263
541.2	285
541.4	129
541.6	403
541.8	372
542	340
542.2	277
542.4	220
542.6	274
542.8	261
543	273
543.2	311
543.4	274
543.6	260
543.8	187
544	134
544.2	240
544.4	204
544.6	242
544.8	310
545	299
545.2	269
545.4	220
545.6	318
545.8	280
546	352
546.2	257
546.4	192
546.6	290
546.8	203
547	257
547.2	166
547.4	214
547.6	195
547.8	354
548	279
548.2	309
548.4	258
548.6	284
548.8	318
549	200
549.2	164
549.4	303
549.6	324
549.8	207
550	249
550.2	200
550.4	177
550.6	272
550.8	217
551	315
551.2	337
551.4	163
551.6	274
551.8	179
552	215
552.2	218
552.4	299
552.6	240
552.8	187
553	201
553.2	291
553.4	171
553.6	201
553.8	221
554	370
554.2	212
554.4	307
554.6	187
554.8	270
555	304
555.2	384
555.4	178
555.6	177
555.8	252
556	166
556.2	340
556.4	281
556.6	353
556.8	290
557	354
557.2	321
557.4	222
557.6	191
557.8	221
558	282
558.2	180
558.4	198
558.6	262
558.8	236
559	360
559.2	358
559.4	145
559.6	272
559.8	381
560	376
560.2	300
560.4	190
560.6	198
560.8	218
561	233
561.2	209
561.4	160
561.6	178
561.8	373
562	268
562.2	386
562.4	299
562.6	333
562.8	290
563	262
563.2	320
563.4	273
563.6	311
563.8	333
564	236
564.2	401
564.4	352
564.6	348
564.8	218
565	379
565.2	286
565.4	328
565.6	281
565.8	277
566	290
566.2	215
566.4	338
566.6	269
566.8	402
567	367
567.2	326
567.4	288
567.6	308
567.8	253
568	279
568.2	191
568.4	296
568.6	378
568.8	360
569	327
569.2	305
569.4	193
569.6	272
569.8	350
570	271
570.2	159
570.4	274
570.6	328
570.8	296
571	251
571.2	297
571.4	201
571.6	205
571.8	207
572	328
572.2	301
572.4	359
572.6	306
572.8	245
573	209
573.2	281
573.4	262
573.6	423
573.8	298
574	306
574.2	315
574.4	163
574.6	343
574.8	357
575	340
575.2	297
575.4	228
575.6	285
575.8	280
576	227
576.2	292
576.4	364
576.6	317
576.8	266
577	334
577.2	292
577.4	194
577.6	311
577.8	420
578	215
578.2	276
578.4	223
578.6	364
578.8	299
579	270
579.2	262
579.4	388
579.6	273
579.8	265
580	335
580.2	298
580.4	318
580.6	298
580.8	412
581	341
581.2	307
581.4	338
581.6	362
581.8	382
582	220
582.2	341
582.4	264
582.6	375
582.8	292
583	237
583.2	347
583.4	323
583.6	244
583.8	284
584	219
584.2	242
584.4	244
584.6	252
584.8	233
585	284
585.2	297
585.4	248
585.6	193
585.8	296
586	294
586.2	267
586.4	247
586.6	355
586.8	383
587	278
587.2	292
587.4	364
587.6	319
587.8	274
588	193
588.2	338
588.4	356
588.6	311
588.8	351
589	258
589.2	274
589.4	241
589.6	257
589.8	315
590	299
590.2	280
590.4	215
590.6	275
590.8	289
591	374
591.2	321
591.4	236
591.6	209
591.8	290
592	384
592.2	396
592.4	311
592.6	225
592.8	174
593	219
593.2	414
593.4	323
593.6	365
593.8	365
594	276
594.2	295
594.4	236
594.6	270
594.8	258
595	334
595.2	209
595.4	231
595.6	220
595.8	216
596	173
596.2	312
596.4	421
596.6	311
596.8	246
597	195
597.2	300
597.4	405
597.6	302
597.8	329
598	283
598.2	220
598.4	294
598.6	237
598.8	384
599	293
599.2	383
599.4	278
599.6	247
599.8	326
600	180
600.2	267
600.4	311
600.6	325
600.8	403
601	397
601.2	257
601.4	360
601.6	216
601.8	203
602	229
602.2	348
602.4	420
602.6	372
602.8	335
603	318
603.2	397
603.4	263
603.6	269
603.8	228
604	177
604.2	280
604.4	360
604.6	206
604.8	279
605	396
605.2	240
605.4	387
605.6	387
605.8	320
606	408
606.2	242
606.4	258
606.6	191
606.8	231
607	336
607.2	344
607.4	337
607.6	383
607.8	345
608	326
608.2	372
608.4	283
608.6	208
608.8	377
609	435
609.2	380
609.4	358
609.6	279
609.8	319
610	229
610.2	363
610.4	362
610.6	368
610.8	275
611	210
611.2	399
611.4	379
611.6	425
611.8	451
612	388
612.2	295
612.4	361
612.6	399
612.8	407
613	338
613.2	329
613.4	392
613.6	187
613.8	357
614	83
614.2	309
614.4	394
614.6	353
614.8	335
615	342
615.2	316
615.4	251
615.6	370
615.8	293
616	331
616.2	235
616.4	285
616.6	346
616.8	204
617	270
617.2	238
617.4	304
617.6	211
617.8	291
618	321
618.2	228
618.4	252
618.6	437
618.8	358
619	303
619.2	368
619.4	436
619.6	375
619.8	347
620	324
620.2	368
620.4	232
620.6	378
620.8	306
621	336
621.2	383
621.4	398
621.6	366
621.8	287
622	286
622.2	373
622.4	360
622.6	382
622.8	244
623	309
623.2	309
623.4	312
623.6	348
623.8	291
624	192
624.2	309
624.4	410
624.6	231
624.8	294
625	279
625.2	311
625.4	303
625.6	522
625.8	322
626	336
626.2	219
626.4	303
626.6	181
626.8	282
627	428
627.2	322
627.4	380
627.6	372
627.8	412
628	353
628.2	306
628.4	395
628.6	425
628.8	299
629	293
629.2	430
629.4	310
629.6	397
629.8	417
630	398
630.2	313
630.4	337
630.6	317
630.8	351
631	421
631.2	401
631.4	382
631.6	406
631.8	400
632	219
632.2	296
632.4	479
632.6	384
632.8	460
633	343
633.2	522
633.4	409
633.6	403
633.8	378
634	181
634.2	179
634.4	355
634.6	209
634.8	308
635	316
635.2	291
635.4	317
635.6	410
635.8	446
636	480
636.2	429
636.4	265
636.6	380
636.8	329
637	405
637.2	377
637.4	281
637.6	342
637.8	273
638	335
638.2	248
638.4	342
638.6	356
638.8	441
639	325
639.2	341
639.4	258
639.6	231
639.8	286
640	299
640.2	293
640.4	404
640.6	390
640.8	397
641	429
641.2	473
641.4	386
641.6	386
641.8	390
642	286
642.2	113
642.4	277
642.6	352
642.8	420
643	436
643.2	524
643.4	536
643.6	395
643.8	489
644	459
644.2	434
644.4	480
644.6	379
644.8	478
645	487
645.2	521
645.4	523
645.6	462
645.8	262
646	387
646.2	306
646.4	382
646.6	376
646.8	412
647	343
647.2	371
647.4	542
647.6	572
647.8	479
648	549
648.2	458
648.4	393
648.6	423
648.8	530
649	536
649.2	587
649.4	647
649.6	492
649.8	391
650	510
650.2	534
650.4	497
650.6	436
650.8	519
651	518
651.2	470
651.4	530
651.6	511
651.8	451
652	529
652.2	569
652.4	589
652.6	566
652.8	449
653	423
653.2	521
653.4	434
653.6	611
653.8	693
654	630
654.2	608
654.4	830
654.6	1070
654.8	1399
655	1347
655.2	950
655.4	910
655.6	997
655.8	991
656	1111
656.2	1059
656.4	853
656.6	704
656.8	756
657	730
657.2	857
657.4	1050
657.6	1075
657.8	1219
658	1239
658.2	1350
658.4	1413
658.6	1391
658.8	1361
659	1500
659.2	1482
659.4	1502
659.6	1319
659.8	1307
660	1178
660.2	1067
660.4	966
660.6	818
660.8	953
661	768
661.2	971
661.4	955
661.6	825
661.8	759
662	664
662.2	860
662.4	776
662.6	821
662.8	855
663	829
663.2	699
663.4	788
663.6	947
663.8	828
664	701
664.2	801
664.4	871
664.6	740
664.8	993
665	997
665.2	1149
665.4	1153
665.6	1289
665.8	1394
666	1262
666.2	1325
666.4	1309
666.6	1242
666.8	1163
667	1071
667.2	1085
667.4	1071
667.6	1124
667.8	1040
668	1064
668.2	1178
668.4	1048
668.6	1215
668.8	1231
669	1248
669.2	1435
669.4	1338
669.6	1168
669.8	1089
670	1109
670.2	1146
670.4	1021
670.6	1165
670.8	1212
671	1186
671.2	1178
671.4	1045
671.6	1043
671.8	1268
672	1179
672.2	1196
672.4	1228
672.6	1154
672.8	1245
673	1376
673.2	1341
673.4	1431
673.6	1452
673.8	1428
674	1410
674.2	1437
674.4	1467
674.6	1689
674.8	1809
675	1618
675.2	1801
675.4	1824
675.6	1949
675.8	1986
676	2314
676.2	2444
676.4	2491
676.6	2843
676.8	3147
677	3454
677.2	4295
677.4	5950
677.6	9487
677.8	16962
678	24281
678.2	17715
678.4	10485
678.6	8331
678.8	8463
679	10617
679.2	14195
679.4	22317
679.6	32087
679.8	26981
680	19232
680.2	18268
680.4	23654
680.6	38064
680.8	61304
681	59720
681.2	36155
681.4	22461
681.6	18682
681.8	21888
682	22325
682.2	15564
682.4	10984
682.6	9773
682.8	10323
683	16230
683.2	24256
683.4	16572
683.6	8553
683.8	4951
684	3659
684.2	2788
684.4	2322
684.6	2043
684.8	1896
685	1948
685.2	1793
685.4	1984
685.6	1759
685.8	1843
686	1999
686.2	2084
686.4	1834
686.6	1793
686.8	1699
687	1748
687.2	1786
687.4	1769
687.6	1941
687.8	1960
688	1944
688.2	2058
688.4	2198
688.6	2612
688.8	3100
689	3608
689.2	4377
689.4	4934
689.6	5414
689.8	5928
690	6567
690.2	7540
690.4	7071
690.6	5761
690.8	4517
691	3787
691.2	3262
691.4	2962
691.6	2845
691.8	2754
692	3034
692.2	2755
692.4	2531
692.6	2353
692.8	2298
693	2044
693.2	2099
693.4	2282
693.6	2668
693.8	2802
694	2687
694.2	2567
694.4	2610
694.6	2623
694.8	2895
695	3473
695.2	3601
695.4	3402
695.6	3327
695.8	3392
696	3418
696.2	3172
696.4	2761
696.6	2480
696.8	2077
697	1851
697.2	1631
697.4	1454
697.6	1289
697.8	1275
698	1389
698.2	1284
698.4	1428
698.6	1353
698.8	1562
699	1505
699.2	1568
699.4	1516
699.6	1571
699.8	1633
700	1439
700.2	1502
700.4	1419
700.6	1403
700.8	1434
701	1555
701.2	1424
701.4	1578
701.6	1386
701.8	1421
702	1242
702.2	1440
702.4	1471
702.6	1645
702.8	1666
703	1658
703.2	1856
703.4	1879
703.6	1757
703.8	1906
704	1653
704.2	1490
704.4	1449
704.6	1407
704.8	1127
705	1328
705.2	1219
705.4	1063
705.6	1164
705.8	943
706	1044
706.2	1089
706.4	1063
706.6	1061
706.8	979
707	1013
707.2	903
707.4	925
707.6	1082
707.8	1291
708	1239
708.2	1021
708.4	1055
708.6	1027
708.8	851
709	899
709.2	1028
709.4	886
709.6	882
709.8	828
710	927
710.2	891
710.4	939
710.6	862
710.8	858
711	888
711.2	1033
711.4	919
711.6	765
711.8	1032
712	777
712.2	638
712.4	734
712.6	738
712.8	633
713	681
713.2	753
713.4	755
713.6	644
713.8	549
714	786
714.2	619
714.4	603
714.6	749
714.8	779
715	501
715.2	579
715.4	674
715.6	744
715.8	713
716	479
716.2	717
716.4	710
716.6	696
716.8	629
717	732
717.2	759
717.4	550
717.6	626
717.8	582
718	634
718.2	746
718.4	726
718.6	560
718.8	627
719	642
719.2	694
719.4	430
719.6	422
719.8	623
720	583
720.2	578
720.4	606
720.6	534
720.8	422
721	585
721.2	515
721.4	500
721.6	330
721.8	319
722	530
722.2	231
722.4	227
722.6	472
722.8	470
723	526
723.2	455
723.4	453
723.6	351
723.8	493
724	271
724.2	448
724.4	466
724.6	354
724.8	327
725	246
725.2	292
725.4	375
725.6	361
725.8	419
726	401
726.2	313
726.4	278
726.6	160
726.8	345
727	322
727.2	116
727.4	240
727.6	411
727.8	311
728	217
728.2	475
728.4	357
728.6	302
728.8	208
729	317
729.2	272
729.4	440
729.6	369
729.8	357
730	454
730.2	153
730.4	220
730.6	398
730.8	315
731	343
731.2	182
731.4	229
731.6	304
731.8	504
732	453
732.2	370
732.4	473
732.6	310
732.8	332
733	514
733.2	557
733.4	417
733.6	260
733.8	355
734	361
734.2	227
734.4	381
734.6	291
734.8	295
735	429
735.2	433
735.4	329
735.6	298
735.8	422
736	350
736.2	484
736.4	411
736.6	356
736.8	406
737	424
737.2	371
737.4	510
737.6	547
737.8	516
738	396
738.2	402
738.4	371
738.6	422
738.8	409
739	385
739.2	386
739.4	459
739.6	345
739.8	369
740	327
740.2	245
740.4	356
740.6	397
740.8	358
741	315
741.2	441
741.4	668
741.6	420
741.8	642
742	649
742.2	415
742.4	408
742.6	435
742.8	376
743	381
743.2	581
743.4	524
743.6	405
743.8	390
744	621
744.2	357
744.4	517
744.6	561
744.8	636
745	597
745.2	613
745.4	741
745.6	538
745.8	642
746	571
746.2	490
746.4	535
746.6	633
746.8	411
747	560
747.2	406
747.4	541
747.6	581
747.8	541
748	506
748.2	520
748.4	485
748.6	461
748.8	594
749	580
749.2	563
749.4	539
749.6	587
749.8	703
750	845
750.2	532
750.4	456
750.6	722
750.8	738
751	545
751.2	417
751.4	469
751.6	584
751.8	705
752	626
752.2	662
752.4	637
752.6	684
752.8	762
753	552
753.2	691
753.4	430
753.6	626
753.8	656
754	567
754.2	830
754.4	753
754.6	685
754.8	749
755	614
755.2	676
755.4	796
755.6	758
755.8	998
756	804
756.2	877
756.4	825
756.6	817
756.8	814
757	978
757.2	940
757.4	1216
757.6	1148
757.8	969
758	979
758.2	1046
758.4	1106
758.6	1179
758.8	1380
759	1069
759.2	1291
759.4	1464
759.6	1265
759.8	1375
760	1491
760.2	1549
760.4	1496
760.6	1494
760.8	1890
761	1740
761.2	2043
761.4	1961
761.6	2264
761.8	2413
762	2634
762.2	2668
762.4	2952
762.6	2937
762.8	3130
763	3006
763.2	2855
763.4	3034
763.6	3131
763.8	3371
764	3311
764.2	3473
764.4	3558
764.6	3543
764.8	3728
765	3672
765.2	3470
765.4	3629
765.6	3579
765.8	3590
766	3534
766.2	3113
766.4	3160
766.6	3207
766.8	3240
767	3291
767.2	2975
767.4	2903
767.6	2546
767.8	2538
768	2475
768.2	2459
768.4	2413
768.6	2392
768.8	2313
769	2068
769.2	1971
769.4	1862
769.6	1982
769.8	1760
770	1995
770.2	2055
770.4	1672
770.6	1623
770.8	1570
771	1655
771.2	1770
771.4	1716
771.6	1466
771.8	1684
772	1619
772.2	1385
772.4	1481
772.6	1329
772.8	1575
773	1547
773.2	1756
773.4	1466
773.6	1558
773.8	1903
774	1837
774.2	1922
774.4	1866
774.6	1760
774.8	1782
775	1818
775.2	1875
775.4	2130
775.6	2161
775.8	2330
776	2452
776.2	2442
776.4	2543
776.6	2981
776.8	3171
777	3214
777.2	3781
777.4	3939
777.6	3910
777.8	4042
778	4550
778.2	4563
778.4	5625
778.6	6134
778.8	7105
779	7937
779.2	8180
779.4	8353
779.6	7731
779.8	7387
780	7295
780.2	7720
780.4	8597
780.6	9574
780.8	10365
781	10103
781.2	8917
781.4	7635
781.6	6147
781.8	5278
782	4716
782.2	4452
782.4	4242
782.6	4039
782.8	3998
783	4110
783.2	4612
783.4	5112
783.6	5821
783.8	6552
784	6557
784.2	5959
784.4	5780
784.6	6176
784.8	7069
785	8588
785.2	10053
785.4	11970
785.6	11845
785.8	10125
786	7936
786.2	6418
786.4	4908
786.6	4223
786.8	3535
787	3296
787.2	3056
787.4	2561
787.6	2419
787.8	2144
788	2080
788.2	1834
788.4	1804
788.6	1728
788.8	1396
789	1692
789.2	1645
789.4	1494
789.6	1028
789.8	1264
790	1290
790.2	1034
790.4	1321
790.6	1129
790.8	1311
791	1259
791.2	1300
791.4	1558
791.6	1471
791.8	1728
792	1841
792.2	2008
792.4	2176
792.6	2135
792.8	2296
793	2665
793.2	2558
793.4	2464
793.6	2118
793.8	1628
794	1295
794.2	1334
794.4	1046
794.6	1018
794.8	1197
795	1089
795.2	1131
795.4	1033
795.6	963
795.8	919
796	1000
796.2	1426
796.4	1363
796.6	1317
796.8	1638
797	1817
797.2	1961
797.4	2110
797.6	2318
797.8	2312
798	2411
798.2	2313
798.4	2217
798.6	2439
798.8	2257
799	1976
799.2	2241
799.4	1764
799.6	1654
799.8	1526
800	1622
800.2	1445
800.4	1502
800.6	1285
800.8	1259
801	1300
801.2	1127
801.4	1191
801.6	1198
801.8	1047
802	1251
802.2	1231
802.4	1186
802.6	1417
802.8	1556
803	1446
803.2	1438
803.4	1230
803.6	1524
803.8	1704
804	1877
804.2	2139
804.4	2456
804.6	2129
804.8	2382
805	1872
805.2	2025
805.4	1864
805.6	1737
805.8	1707
806	1505
806.2	1668
806.4	1200
806.6	1463
806.8	1331
807	911
807.2	649
807.4	1255
807.6	1312
807.8	1072
808	1015
808.2	869
808.4	1192
808.6	1348
808.8	963
809	984
809.2	854
809.4	715
809.6	781
809.8	805
810	857
810.2	756
810.4	284
810.6	574
810.8	934
811	787
811.2	529
811.4	598
811.6	618
811.8	370
812	790
812.2	683
812.4	479
812.6	737
812.8	297
813	662
813.2	801
813.4	885
813.6	416
813.8	631
814	296
814.2	604
814.4	442
814.6	391
814.8	397
815	453
815.2	629
815.4	321
815.6	398
815.8	614
816	426
816.2	370
816.4	270
816.6	433
816.8	294
817	570
817.2	453
817.4	655
817.6	482
817.8	549
818	585
818.2	662
818.4	416
818.6	469
818.8	576
819	649
819.2	656
819.4	745
819.6	1129
819.8	542
820	651
820.2	692
820.4	586
820.6	725
820.8	848
821	503
821.2	674
821.4	736
821.6	579
821.8	534
822	615
822.2	631
822.4	485
822.6	608
822.8	654
823	217
823.2	362
823.4	231
823.6	479
823.8	414
824	316
824.2	571
824.4	634
824.6	439
824.8	524
825	449
825.2	621
825.4	416
825.6	517
825.8	377
826	350
826.2	706
826.4	571
826.6	637
826.8	566
827	679
827.2	420
827.4	303
827.6	297
827.8	380
828	260
828.2	143
828.4	493
828.6	261
828.8	671
829	373
829.2	119
829.4	399
829.6	151
829.8	200
830	345
830.2	289
830.4	395
830.6	608
830.8	616
831	696
831.2	439
831.4	577
831.6	347
831.8	169
832	418
832.2	115
832.4	399
832.6	207
832.8	374
833	304
833.2	408
833.4	806
833.6	558
833.8	521
834	342
834.2	116
834.4	251
834.6	366
834.8	483
835	212
835.2	487
835.4	117
835.6	807
835.8	118
836	118
836.2	425
836.4	481
836.6	383
836.8	119
837	119
837.2	492
837.4	376
837.6	264
837.8	120
838	120
838.2	288
838.4	218
838.6	430
838.8	413
839	456
839.2	656
839.4	744
839.6	414
839.8	304
840	361
840.2	440
840.4	454
840.6	184
840.8	122
841	270
841.2	453
841.4	189
841.6	123
841.8	123
842	630
842.2	123
842.4	472
842.6	124
842.8	764
843	686
843.2	326
843.4	132
843.6	440
843.8	638
844	504
844.2	421
844.4	538
844.6	183
844.8	230
845	365
845.2	126
845.4	184
845.6	126
845.8	478
846	127
846.2	377
846.4	665
846.6	281
846.8	127
847	462
847.2	305
847.4	628
847.6	128
847.8	265
848	128
848.2	826
848.4	733
848.6	701
848.8	205
849	161
849.2	309
849.4	597
849.6	140
849.8	740
850	60
850.2	57
850.4	57
850.6	54
850.8	53
851	54
851.2	52
851.4	51
851.6	51
851.8	48
852	47
852.2	46
852.4	46
852.6	42
852.8	42
853	43
853.2	40
853.4	40
853.6	40
853.8	40
854	40
854.2	40
854.4	40
854.6	40
854.8	40
855	40
855.2	40
855.4	40
855.6	40
855.8	40
856	40
856.2	40
856.4	40
856.6	40
856.8	40
857	40
857.2	40
857.4	40
857.6	40
857.8	40
858	40
858.2	40
858.4	40
858.6	40
858.8	40
859	40
859.2	40
859.4	40
859.6	40
859.8	40
860	40
860.2	40
860.4	40
860.6	40
860.8	40
861	40
861.2	40
861.4	40
861.6	40
861.8	40
862	40
862.2	40
862.4	40
862.6	40
862.8	40
863	40
863.2	40
863.4	40
863.6	40
863.8	40
864	40
864.2	40
864.4	40
864.6	40
864.8	40
865	40
865.2	40
865.4	40
865.6	40
865.8	40
866	39
866.2	39
866.4	39
866.6	39
866.8	39
867	39
867.2	39
867.4	39
867.6	39
867.8	39
868	39
868.2	39
868.4	39
868.6	39
868.8	39
869	39
869.2	39
869.4	39
869.6	39
869.8	39
870	39
870.2	39
870.4	39
870.6	39
870.8	39
871	39
871.2	39
871.4	39
871.6	39
871.8	39
872	39
872.2	39
872.4	39
872.6	39
872.8	39
873	39
873.2	39
873.4	39
873.6	39
873.8	39
874	39
874.2	39
874.4	39
874.6	39
874.8	39
875	39
875.2	39
875.4	39
875.6	39
875.8	39
876	39
876.2	39
876.4	39
876.6	39
876.8	39
877	39
877.2	39
877.4	39
877.6	39
877.8	39
878	39
878.2	39
878.4	39
878.6	39
878.8	39
879	39
879.2	38
879.4	38
879.6	38
879.8	38
880	38
880.2	38
880.4	39
880.6	38
880.8	38
881	38
881.2	38
881.4	38
881.6	39
881.8	38
882	38
882.2	38
882.4	38
882.6	39
882.8	38
883	38
883.2	38
883.4	39
883.6	38
883.8	38
884	38
884.2	38
884.4	38
884.6	40
884.8	40
885	38
885.2	38
885.4	38
885.6	39
885.8	39
886	39
886.2	39
886.4	38
886.6	38
886.8	38
887	39
887.2	38
887.4	38
887.6	39
887.8	38
888	39
888.2	39
888.4	39
888.6	39
888.8	40
889	40
889.2	42
889.4	38
889.6	40
889.8	40
890	39
890.2	40
890.4	39
890.6	38
890.8	39
891	39
891.2	40
891.4	40
891.6	41
891.8	40
892	42
892.2	42
892.4	42
892.6	41
892.8	41
893	44
893.2	41
893.4	45
893.6	42
893.8	40
894	43
894.2	43
894.4	43
894.6	42
894.8	41
895	43
895.2	41
895.4	42
895.6	43
895.8	42
896	42
896.2	42
896.4	41
896.6	42
896.8	43
897	41
897.2	43
897.4	42
897.6	44
897.8	43
898	44
898.2	41
898.4	43
898.6	43
898.8	45
899	44
899.2	43
899.4	43
899.6	43
899.8	44
900	45
900.2	45
900.4	45
900.6	44
900.8	44
901	46
901.2	45
901.4	45
901.6	45
901.8	45
902	45
902.2	46
902.4	46
902.6	44
902.8	45
903	45
903.2	45
903.4	45
903.6	44
903.8	42
904	45
904.2	45
904.4	46
904.6	44
904.8	48
905	44
905.2	45
905.4	46
905.6	44
905.8	43
906	44
906.2	46
906.4	44
906.6	45
906.8	43
907	43
907.2	44
907.4	43
907.6	45
907.8	43
908	43
908.2	45
908.4	45
908.6	44
908.8	45
909	43
909.2	45
909.4	45
909.6	44
909.8	45
910	44
910.2	44
910.4	44
910.6	43
910.8	44
911	43
911.2	44
911.4	43
911.6	45
911.8	43
912	43
912.2	45
912.4	44
912.6	45
912.8	44
913	44
913.2	43
913.4	43
913.6	44
913.8	42
914	42
914.2	44
914.4	43
914.6	44
914.8	43
915	42
915.2	43
915.4	43
915.6	43
915.8	43
916	42
916.2	43
916.4	43
916.6	43
916.8	44
917	44
917.2	42
917.4	42
917.6	42
917.8	44
918	43
918.2	44
918.4	43
918.6	42
918.8	43
919	44
919.2	44
919.4	44
919.6	42
919.8	43
920	43
920.2	43
920.4	42
920.6	40
920.8	43
921	42
921.2	43
921.4	43
921.6	42
921.8	43
922	43
922.2	42
922.4	43
922.6	41
922.8	43
923	42
923.2	42
923.4	42
923.6	41
923.8	42
924	41
924.2	43
924.4	42
924.6	42
924.8	42
925	42
925.2	41
925.4	42
925.6	42
925.8	43
926	42
926.2	42
926.4	43
926.6	43
926.8	44
927	44
927.2	42
927.4	41
927.6	42
927.8	42
928	44
928.2	42
928.4	44
928.6	40
928.8	41
929	41
929.2	42
929.4	42
929.6	41
929.8	42
930	39
930.2	40
930.4	41
930.6	40
930.8	41
931	42
931.2	44
931.4	43
931.6	40
931.8	41
932	40
932.2	41
932.4	41
932.6	41
932.8	41
933	39
933.2	41
933.4	41
933.6	43
933.8	40
934	41
934.2	42
934.4	41
934.6	39
934.8	40
935	39
935.2	39
935.4	43
935.6	41
935.8	40
936	38
936.2	39
936.4	41
936.6	40
936.8	40
937	39
937.2	39
937.4	38
937.6	39
937.8	40
938	39
938.2	40
938.4	39
938.6	41
938.8	41
939	39
939.2	39
939.4	38
939.6	39
939.8	38
940	39
940.2	39
940.4	38
940.6	38
940.8	38
941	38
941.2	39
941.4	38
941.6	38
941.8	39
942	40
942.2	39
942.4	36
942.6	38
942.8	36
943	37
943.2	39
943.4	36
943.6	38
943.8	37
944	38
944.2	39
944.4	39
944.6	38
944.8	36
945	37
945.2	38
945.4	38
945.6	37
945.8	37
946	38
946.2	37
946.4	37
946.6	39
946.8	38
947	37
947.2	36
947.4	37
947.6	37
947.8	37
948	38
948.2	37
948.4	39
948.6	37
948.8	36
949	35
949.2	36
949.4	36
949.6	37
949.8	36
950	35
950.2	34
950.4	36
950.6	35
950.8	36
951	36
951.2	34
951.4	37
951.6	37
951.8	35
952	37
952.2	35
952.4	35
952.6	37
952.8	36
953	36
953.2	35
953.4	35
953.6	35
953.8	35
954	36
954.2	33
954.4	34
954.6	35
954.8	35
955	35
955.2	34
955.4	33
955.6	33
955.8	34
956	34
956.2	33
956.4	34
956.6	33
956.8	35
957	34
957.2	34
957.4	35
957.6	33
957.8	34
958	35
958.2	35
958.4	35
958.6	34
958.8	34
959	33
959.2	34
959.4	33
959.6	32
959.8	33
960	33
960.2	34
960.4	35
960.6	34
960.8	33
961	34
961.2	34
961.4	34
961.6	34
961.8	34
962	34
962.2	35
962.4	35
962.6	33
962.8	33
963	33
963.2	33
963.4	33
963.6	32
963.8	33
964	32
964.2	32
964.4	33
964.6	33
964.8	36
965	33
965.2	33
965.4	33
965.6	34
965.8	32
966	33
966.2	32
966.4	32
966.6	32
966.8	32
967	32
967.2	32
967.4	32
967.6	33
967.8	32
968	32
968.2	32
968.4	32
968.6	32
968.8	32
969	34
969.2	33
969.4	33
969.6	32
969.8	32
970	32
970.2	33
970.4	32
970.6	32
970.8	32
971	32
971.2	32
971.4	32
971.6	32
971.8	32
972	32
972.2	32
972.4	33
972.6	32
972.8	32
973	32
973.2	33
973.4	33
973.6	33
973.8	31
974	31
974.2	31
974.4	31
974.6	31
974.8	31
975	31
975.2	31
975.4	32
975.6	31
975.8	31
976	31
976.2	31
976.4	31
976.6	31
976.8	31
977	31
977.2	31
977.4	32
977.6	31
977.8	31
978	32
978.2	31
978.4	31
978.6	31
978.8	31
979	31
979.2	31
979.4	31
979.6	31
979.8	31
980	31
980.2	31
980.4	31
980.6	31
980.8	31
981	31
981.2	31
981.4	31
981.6	31
981.8	31
982	32
982.2	31
982.4	31
982.6	31
982.8	31
983	31
983.2	31
983.4	31
983.6	31
983.8	31
984	31
984.2	31
984.4	31
984.6	31
984.8	31
985	31
985.2	31
985.4	31
985.6	30
985.8	30
986	31
986.2	31
986.4	32
986.6	30
986.8	30
987	30
987.2	31
987.4	30
987.6	30
987.8	33
988	30
988.2	30
988.4	30
988.6	32
988.8	30
989	30
989.2	30
989.4	30
989.6	30
989.8	30
990	30
990.2	30
990.4	30
990.6	31
990.8	31
991	30
991.2	30
991.4	31
991.6	31
991.8	30
992	30
992.2	30
992.4	30
992.6	30
992.8	30
993	30
993.2	30
993.4	30
993.6	30
993.8	30
994	30
994.2	30
994.4	30
994.6	30
994.8	30
995	30
995.2	30
995.4	30
995.6	30
995.8	31
996	30
996.2	30
996.4	30
996.6	30
996.8	30
997	30
997.2	30
997.4	30
997.6	30
997.8	30
998	30
998.2	30
998.4	30
998.6	30
998.8	30
999	29
999.2	29
999.4	29
999.6	29
999.8	29
1000	29
1000.2	29
1000.4	29
1000.6	29
1000.8	29
1001	29
1001.2	29
1001.4	29
1001.6	29
1001.8	29
1002	29
1002.2	29
1002.4	29
1002.6	29
1002.8	29
1003	30
1003.2	29
1003.4	29
1003.6	29
1003.8	29
1004	29
1004.2	29
1004.4	30
1004.6	31
1004.8	31
1005	30
1005.2	29
1005.4	29
1005.6	29
1005.8	30
1006	29
1006.2	29
1006.4	29
1006.6	30
1006.8	31
1007	30
1007.2	29
1007.4	30
1007.6	30
1007.8	30
1008	31
1008.2	29
1008.4	29
1008.6	30
1008.8	29
1009	30
1009.2	31
1009.4	29
1009.6	29
1009.8	32
1010	29
1010.2	31
1010.4	31
1010.6	29
1010.8	30
1011	30
1011.2	31
1011.4	32
1011.6	30
1011.8	31
1012	31
1012.2	31
1012.4	31
1012.6	30
1012.8	31
1013	30
1013.2	33
1013.4	32
1013.6	30
1013.8	30
1014	29
1014.2	30
1014.4	33
1014.6	31
1014.8	31
1015	28
1015.2	32
1015.4	31
1015.6	32
1015.8	31
1016	31
1016.2	32
1016.4	32
1016.6	31
1016.8	30
1017	30
1017.2	29
1017.4	31
1017.6	30
1017.8	31
1018	31
1018.2	31
1018.4	31
1018.6	32
1018.8	30
1019	30
1019.2	31
1019.4	31
1019.6	31
1019.8	32
1020	30
1020.2	32
1020.4	31
1020.6	32
1020.8	32
1021	32
1021.2	33
1021.4	32
1021.6	31
1021.8	31
1022	31
1022.2	32
1022.4	30
1022.6	30
1022.8	30
1023	32
1023.2	31
1023.4	31
1023.6	31
1023.8	31
1024	31
1024.2	31
1024.4	30
1024.6	30
1024.8	29
1025	31
1025.2	33
1025.4	32
1025.6	32
1025.8	31
1026	32
1026.2	30
1026.4	30
1026.6	30
1026.8	31
1027	31
1027.2	32
1027.4	32
1027.6	32
1027.8	31
1028	31
1028.2	32
1028.4	31
1028.6	31
1028.8	30
1029	32
1029.2	31
1029.4	31
1029.6	32
1029.8	32
1030	33
1030.2	32
1030.4	32
1030.6	32
1030.8	31
1031	31
1031.2	30
1031.4	31
1031.6	31
1031.8	32
1032	31
1032.2	31
1032.4	31
1032.6	33
1032.8	32
1033	34
1033.2	32
1033.4	32
1033.6	33
1033.8	33
1034	32
1034.2	33
1034.4	31
1034.6	30
1034.8	31
1035	31
1035.2	32
1035.4	32
1035.6	31
1035.8	33
1036	33
1036.2	33
1036.4	33
1036.6	33
1036.8	33
1037	33
1037.2	35
1037.4	34
1037.6	35
1037.8	34
1038	35
1038.2	34
1038.4	35
1038.6	34
1038.8	34
1039	32
1039.2	34
1039.4	34
1039.6	31
1039.8	34
1040	32
1040.2	32
1040.4	34
1040.6	33
1040.8	33
1041	35
1041.2	34
1041.4	35
1041.6	36
1041.8	36
1042	36
1042.2	37
1042.4	36
1042.6	38
1042.8	37
1043	36
1043.2	36
1043.4	36
1043.6	36
1043.8	37
1044	35
1044.2	36
1044.4	37
1044.6	37
1044.8	38
1045	36
1045.2	37
1045.4	39
1045.6	39
1045.8	39
1046	39
1046.2	41
1046.4	39
1046.6	40
1046.8	40
1047	41
1047.2	39
1047.4	39
1047.6	40
1047.8	42
1048	41
1048.2	40
1048.4	40
1048.6	40
1048.8	40
1049	41
1049.2	41
1049.4	39
1049.6	42
1049.8	41
1050	43
1050.2	42
1050.4	41
1050.6	42
1050.8	43
1051	43
1051.2	44
1051.4	42
1051.6	42
1051.8	42
1052	43
1052.2	45
1052.4	44
1052.6	43
1052.8	42
1053	44
1053.2	44
1053.4	43
1053.6	45
1053.8	43
1054	44
1054.2	45
1054.4	44
1054.6	44
1054.8	46
1055	44
1055.2	45
1055.4	47
1055.6	46
1055.8	45
1056	46
1056.2	44
1056.4	47
1056.6	46
1056.8	44
1057	46
1057.2	45
1057.4	45
1057.6	46
1057.8	46
1058	46
1058.2	46
1058.4	47
1058.6	49
1058.8	48
1059	48
1059.2	49
1059.4	50
1059.6	49
1059.8	50
1060	50
1060.2	49
1060.4	48
1060.6	47
1060.8	49
1061	50
1061.2	51
1061.4	51
1061.6	50
1061.8	52
1062	52
1062.2	51
1062.4	53
1062.6	52
1062.8	53
1063	53
1063.2	53
1063.4	55
1063.6	54
1063.8	56
1064	55
1064.2	55
1064.4	54
1064.6	54
1064.8	56
1065	55
1065.2	55
1065.4	57
1065.6	55
1065.8	55
1066	57
1066.2	58
1066.4	59
1066.6	57
1066.8	59
1067	57
1067.2	60
1067.4	60
1067.6	59
1067.8	60
1068	59
1068.2	62
1068.4	60
1068.6	60
1068.8	60
1069	60
1069.2	60
1069.4	60
1069.6	60
1069.8	61
1070	59
1070.2	61
1070.4	60
1070.6	62
1070.8	61
1071	60
1071.2	60
1071.4	61
1071.6	63
1071.8	63
1072	64
1072.2	63
1072.4	63
1072.6	65
1072.8	66
1073	65
1073.2	66
1073.4	64
1073.6	64
1073.8	66
1074	65
1074.2	65
1074.4	64
1074.6	66
1074.8	67
1075	69
1075.2	67
1075.4	65
1075.6	68
1075.8	68
1076	68
1076.2	70
1076.4	69
1076.6	71
1076.8	70
1077	71
1077.2	72
1077.4	70
1077.6	71
1077.8	71
1078	72
1078.2	73
1078.4	73
1078.6	74
1078.8	74
1079	74
1079.2	76
1079.4	76
1079.6	76
1079.8	76
1080	77
1080.2	78
1080.4	79
1080.6	80
1080.8	79
1081	80
1081.2	80
1081.4	81
1081.6	81
1081.8	81
1082	82
1082.2	83
1082.4	85
1082.6	85
1082.8	85
1083	85
1083.2	85
1083.4	86
1083.6	88
1083.8	86
1084	86
1084.2	85
1084.4	89
1084.6	87
1084.8	88
1085	90
1085.2	88
1085.4	89
1085.6	90
1085.8	91
1086	90
1086.2	89
1086.4	91
1086.6	91
1086.8	91
1087	92
1087.2	91
1087.4	92
1087.6	94
1087.8	95
1088	95
1088.2	95
1088.4	96
1088.6	96
1088.8	98
1089	98
1089.2	98
1089.4	99
1089.6	99
1089.8	101
1090	101
1090.2	100
1090.4	101
1090.6	101
1090.8	102
1091	103
1091.2	103
1091.4	103
1091.6	103
1091.8	105
1092	105
1092.2	106
1092.4	106
1092.6	106
1092.8	107
1093	109
1093.2	109
1093.4	112
1093.6	111
1093.8	112
1094	114
1094.2	115
1094.4	117
1094.6	116
1094.8	115
1095	118
1095.2	118
1095.4	118
1095.6	119
1095.8	120
1096	119
1096.2	120
1096.4	120
1096.6	122
1096.8	124
1097	122
1097.2	124
1097.4	126
1097.6	128
1097.8	129
1098	127
1098.2	128
1098.4	130
1098.6	130
1098.8	130
1099	130
1099.2	131
1099.4	130
1099.6	132
1099.8	133
1100	134
1100.2	133
1100.4	134
1100.6	136
1100.8	138
1101	137
1101.2	140
1101.4	140
1101.6	142
1101.8	142
1102	143
1102.2	143
1102.4	143
1102.6	145
1102.8	146
1103	147
1103.2	147
1103.4	146
1103.6	148
1103.8	148
1104	151
1104.2	152
1104.4	151
1104.6	152
1104.8	153
1105	154
1105.2	156
1105.4	155
1105.6	157
1105.8	158
1106	159
1106.2	160
1106.4	161
1106.6	163
1106.8	163
1107	165
1107.2	167
1107.4	168
1107.6	169
1107.8	168
1108	170
1108.2	172
1108.4	173
1108.6	174
1108.8	175
1109	176
1109.2	178
1109.4	179
1109.6	181
1109.8	181
1110	183
1110.2	184
1110.4	186
1110.6	188
1110.8	188
1111	191
1111.2	190
1111.4	193
1111.6	193
1111.8	195
1112	195
1112.2	195
1112.4	197
1112.6	197
1112.8	198
1113	199
1113.2	199
1113.4	202
1113.6	205
1113.8	203
1114	206
1114.2	205
1114.4	208
1114.6	211
1114.8	212
1115	213
1115.2	213
1115.4	216
1115.6	216
1115.8	218
1116	222
1116.2	222
1116.4	224
1116.6	225
1116.8	228
1117	229
1117.2	231
1117.4	234
1117.6	237
1117.8	240
1118	241
1118.2	244
1118.4	246
1118.6	247
1118.8	250
1119	251
1119.2	256
1119.4	257
1119.6	259
1119.8	261
1120	264
1120.2	266
1120.4	269
1120.6	269
1120.8	272
1121	273
1121.2	276
1121.4	277
1121.6	280
1121.8	280
1122	282
1122.2	284
1122.4	287
1122.6	291
1122.8	293
1123	293
1123.2	297
1123.4	299
1123.6	300
1123.8	302
1124	305
1124.2	306
1124.4	310
1124.6	311
1124.8	313
1125	312
1125.2	315
1125.4	316
1125.6	321
1125.8	324
1126	326
1126.2	328
1126.4	333
1126.6	336
1126.8	341
1127	342
1127.2	342
1127.4	344
1127.6	348
1127.8	349
1128	354
1128.2	357
1128.4	359
1128.6	363
1128.8	368
1129	371
1129.2	372
1129.4	373
1129.6	378
1129.8	380
1130	381
1130.2	386
1130.4	389
1130.6	390
1130.8	394
1131	399
1131.2	402
1131.4	405
1131.6	409
1131.8	412
1132	416
1132.2	422
1132.4	426
1132.6	431
1132.8	435
1133	440
1133.2	448
1133.4	452
1133.6	458
1133.8	465
1134	469
1134.2	476
1134.4	484
1134.6	492
1134.8	499
1135	510
1135.2	516
1135.4	523
1135.6	532
1135.8	540
1136	547
1136.2	556
1136.4	564
1136.6	572
1136.8	578
1137	581
1137.2	589
1137.4	595
1137.6	601
1137.8	604
1138	608
1138.2	611
1138.4	615
1138.6	619
1138.8	621
1139	623
1139.2	624
1139.4	628
1139.6	628
1139.8	629
1140	628
1140.2	628
1140.4	625
1140.6	626
1140.8	624
1141	624
1141.2	620
1141.4	619
1141.6	617
1141.8	617
1142	614
1142.2	610
1142.4	608
1142.6	607
1142.8	607
1143	606
1143.2	605
1143.4	603
1143.6	603
1143.8	603
1144	606
1144.2	606
1144.4	608
1144.6	608
1144.8	612
1145	615
1145.2	617
1145.4	617
1145.6	620
1145.8	624
1146	627
1146.2	630
1146.4	634
1146.6	637
1146.8	640
1147	647
1147.2	650
1147.4	654
1147.6	660
1147.8	665
1148	670
1148.2	674
1148.4	678
1148.6	681
1148.8	685
1149	687
1149.2	689
1149.4	691
1149.6	688
1149.8	690
1150	692
1150.2	692
1150.4	693
1150.6	694
1150.8	696
1151	695
1151.2	699
1151.4	701
1151.6	704
1151.8	708
1152	712
1152.2	719
1152.4	723
1152.6	731
1152.8	738
1153	743
1153.2	749
1153.4	756
1153.6	764
1153.8	771
1154	780
1154.2	787
1154.4	793
1154.6	804
1154.8	812
1155	823
1155.2	833
1155.4	844
1155.6	859
1155.8	872
1156	888
1156.2	905
1156.4	923
1156.6	938
1156.8	957
1157	978
1157.2	998
1157.4	1020
1157.6	1039
1157.8	1061
1158	1082
1158.2	1103
1158.4	1121
1158.6	1145
1158.8	1169
1159	1192
1159.2	1218
1159.4	1242
1159.6	1269
1159.8	1298
1160	1326
1160.2	1356
1160.4	1386
1160.6	1416
1160.8	1448
1161	1478
1161.2	1509
1161.4	1538
1161.6	1565
1161.8	1592
1162	1614
1162.2	1635
1162.4	1656
1162.6	1672
1162.8	1690
1163	1706
1163.2	1721
1163.4	1737
1163.6	1751
1163.8	1767
1164	1782
1164.2	1797
1164.4	1818
1164.6	1838
1164.8	1859
1165	1884
1165.2	1909
1165.4	1935
1165.6	1965
1165.8	1990
1166	2020
1166.2	2045
1166.4	2073
1166.6	2102
1166.8	2130
1167	2164
1167.2	2195
1167.4	2232
1167.6	2274
1167.8	2314
1168	2359
1168.2	2402
1168.4	2451
1168.6	2499
1168.8	2550
1169	2600
1169.2	2647
1169.4	2697
1169.6	2744
1169.8	2791
1170	2840
1170.2	2895
1170.4	2952
1170.6	3019
1170.8	3099
1171	3195
1171.2	3306
1171.4	3428
1171.6	3574
1171.8	3737
1172	3916
1172.2	4121
1172.4	4331
1172.6	4535
1172.8	4736
1173	4929
1173.2	5105
1173.4	5252
1173.6	5363
1173.8	5450
1174	5500
1174.2	5522
1174.4	5518
1174.6	5491
1174.8	5452
1175	5399
1175.2	5340
1175.4	5268
1175.6	5194
1175.8	5116
1176	5042
1176.2	4974
1176.4	4914
1176.6	4867
1176.8	4832
1177	4806
1177.2	4804
1177.4	4812
1177.6	4841
1177.8	4874
1178	4907
1178.2	4944
1178.4	4975
1178.6	4991
1178.8	4985
1179	4958
1179.2	4907
1179.4	4833
1179.6	4735
1179.8	4608
1180	4477
1180.2	4324
1180.4	4157
1180.6	3999
1180.8	3842
1181	3690
1181.2	3539
1181.4	3392
1181.6	3254
1181.8	3125
1182	2998
1182.2	2893
1182.4	2790
1182.6	2686
1182.8	2600
1183	2528
1183.2	2455
1183.4	2381
1183.6	2312
1183.8	2250
1184	2185
1184.2	2128
1184.4	2076
1184.6	2025
1184.8	1975
1185	1930
1185.2	1888
1185.4	1846
1185.6	1810
1185.8	1773
1186	1741
1186.2	1711
1186.4	1682
1186.6	1655
1186.8	1629
1187	1609
1187.2	1588
1187.4	1569
1187.6	1549
1187.8	1530
1188	1514
1188.2	1498
1188.4	1483
1188.6	1467
1188.8	1451
1189	1435
1189.2	1422
1189.4	1408
1189.6	1394
1189.8	1379
1190	1367
1190.2	1356
1190.4	1345
1190.6	1330
1190.8	1319
1191	1304
1191.2	1294
1191.4	1284
1191.6	1272
1191.8	1261
1192	1251
1192.2	1242
1192.4	1232
1192.6	1222
1192.8	1213
1193	1203
1193.2	1199
1193.4	1193
1193.6	1190
1193.8	1187
1194	1185
1194.2	1188
1194.4	1192
1194.6	1196
1194.8	1204
1195	1212
1195.2	1225
1195.4	1243
1195.6	1264
1195.8	1293
1196	1323
1196.2	1356
1196.4	1401
1196.6	1452
1196.8	1516
1197	1588
1197.2	1675
1197.4	1776
1197.6	1895
1197.8	2034
1198	2188
1198.2	2366
1198.4	2572
1198.6	2808
1198.8	3058
1199	3325
1199.2	3591
1199.4	3844
1199.6	4095
1199.8	4349
1200	4574
1200.2	4759
1200.4	4896
1200.6	4986
1200.8	5028
1201	5031
1201.2	5006
1201.4	4963
1201.6	4923
1201.8	4896
1202	4898
1202.2	4936
1202.4	5004
1202.6	5116
1202.8	5261
1203	5450
1203.2	5643
1203.4	5833
1203.6	6025
1203.8	6171
1204	6260
1204.2	6280
1204.4	6228
1204.6	6096
1204.8	5898
1205	5658
1205.2	5382
1205.4	5095
1205.6	4810
1205.8	4542
1206	4283
1206.2	4051
1206.4	3842
1206.6	3650
1206.8	3480
1207	3346
1207.2	3221
1207.4	3119
1207.6	3043
1207.8	2979
1208	2927
1208.2	2882
1208.4	2853
1208.6	2836
1208.8	2823
1209	2814
1209.2	2810
1209.4	2812
1209.6	2810
1209.8	2813
1210	2816
1210.2	2815
1210.4	2811
1210.6	2807
1210.8	2803
1211	2794
1211.2	2782
1211.4	2771
1211.6	2759
1211.8	2749
1212	2738
1212.2	2726
1212.4	2716
1212.6	2710
1212.8	2703
1213	2699
1213.2	2692
1213.4	2687
1213.6	2680
1213.8	2675
1214	2665
1214.2	2650
1214.4	2628
1214.6	2602
1214.8	2567
1215	2526
1215.2	2479
1215.4	2426
1215.6	2362
1215.8	2305
1216	2246
1216.2	2184
1216.4	2116
1216.6	2053
1216.8	1998
1217	1942
1217.2	1891
1217.4	1841
1217.6	1796
1217.8	1753
1218	1710
1218.2	1670
1218.4	1629
1218.6	1590
1218.8	1551
1219	1511
1219.2	1473
1219.4	1435
1219.6	1395
1219.8	1359
1220	1320
1220.2	1285
1220.4	1252
1220.6	1221
1220.8	1189
1221	1160
1221.2	1135
1221.4	1110
1221.6	1086
1221.8	1065
1222	1042
1222.2	1022
1222.4	1004
1222.6	988
1222.8	972
1223	957
1223.2	942
1223.4	929
1223.6	918
1223.8	904
1224	895
1224.2	887
1224.4	876
1224.6	868
1224.8	858
1225	850
1225.2	840
1225.4	836
1225.6	827
1225.8	822
1226	817
1226.2	812
1226.4	807
1226.6	802
1226.8	799
1227	798
1227.2	797
1227.4	792
1227.6	793
1227.8	792
1228	792
1228.2	793
1228.4	795
1228.6	795
1228.8	797
1229	802
1229.2	808
1229.4	810
1229.6	816
1229.8	821
1230	831
1230.2	840
1230.4	848
1230.6	859
1230.8	868
1231	884
1231.2	898
1231.4	915
1231.6	930
1231.8	947
1232	964
1232.2	982
1232.4	996
1232.6	1014
1232.8	1027
1233	1042
1233.2	1056
1233.4	1068
1233.6	1078
1233.8	1084
1234	1093
1234.2	1093
1234.4	1097
1234.6	1097
1234.8	1094
1235	1089
1235.2	1083
1235.4	1078
1235.6	1073
1235.8	1064
1236	1057
1236.2	1046
1236.4	1037
1236.6	1027
1236.8	1015
1237	1003
1237.2	990
1237.4	977
1237.6	964
1237.8	950
1238	938
1238.2	924
1238.4	910
1238.6	898
1238.8	889
1239	878
1239.2	869
1239.4	860
1239.6	854
1239.8	848
1240	846
1240.2	843
1240.4	843
1240.6	845
1240.8	849
1241	855
1241.2	861
1241.4	870
1241.6	879
1241.8	890
1242	905
1242.2	919
1242.4	934
1242.6	947
1242.8	966
1243	981
1243.2	999
1243.4	1018
1243.6	1032
1243.8	1046
1244	1059
1244.2	1073
1244.4	1084
1244.6	1091
1244.8	1095
1245	1097
1245.2	1097
1245.4	1090
1245.6	1081
1245.8	1070
1246	1054
1246.2	1039
1246.4	1018
1246.6	996
1246.8	975
1247	949
1247.2	926
1247.4	902
1247.6	877
1247.8	851
1248	827
1248.2	805
1248.4	781
1248.6	761
1248.8	743
1249	724
1249.2	705
1249.4	690
1249.6	674
1249.8	659
1250	643
1250.2	628
1250.4	616
1250.6	605
1250.8	592
1251	581
1251.2	570
1251.4	559
1251.6	551
1251.8	542
1252	535
1252.2	525
1252.4	517
1252.6	512
1252.8	506
1253	502
1253.2	498
1253.4	492
1253.6	489
1253.8	486
1254	484
1254.2	482
1254.4	479
1254.6	476
1254.8	474
1255	472
1255.2	471
1255.4	468
1255.6	467
1255.8	465
1256	465
1256.2	462
1256.4	459
1256.6	458
1256.8	456
1257	454
1257.2	453
1257.4	451
1257.6	450
1257.8	448
1258	448
1258.2	447
1258.4	447
1258.6	445
1258.8	444
1259	444
1259.2	443
1259.4	442
1259.6	441
1259.8	440
1260	439
1260.2	438
1260.4	435
1260.6	435
1260.8	432
1261	430
1261.2	427
1261.4	425
1261.6	421
1261.8	420
1262	416
1262.2	413
1262.4	411
1262.6	406
1262.8	405
1263	401
1263.2	396
1263.4	394
1263.6	389
1263.8	386
1264	380
1264.2	375
1264.4	373
1264.6	370
1264.8	366
1265	364
1265.2	361
1265.4	356
1265.6	353
1265.8	352
1266	348
1266.2	345
1266.4	343
1266.6	339
1266.8	336
1267	335
1267.2	332
1267.4	328
1267.6	325
1267.8	322
1268	318
1268.2	315
1268.4	310
1268.6	305
1268.8	302
1269	298
1269.2	296
1269.4	292
1269.6	288
1269.8	285
1270	281
1270.2	278
1270.4	275
1270.6	269
1270.8	266
1271	264
1271.2	261
1271.4	258
1271.6	253
1271.8	249
1272	245
1272.2	241
1272.4	239
1272.6	235
1272.8	230
1273	225
1273.2	221
1273.4	220
1273.6	215
1273.8	212
1274	208
1274.2	207
1274.4	202
1274.6	201
1274.8	197
1275	193
1275.2	191
1275.4	188
1275.6	186
1275.8	185
1276	182
1276.2	179
1276.4	176
1276.6	175
1276.8	173
1277	169
1277.2	167
1277.4	163
1277.6	161
1277.8	160
1278	158
1278.2	156
1278.4	153
1278.6	151
1278.8	150
1279	150
1279.2	149
1279.4	145
1279.6	145
1279.8	145
1280	143
1280.2	142
1280.4	140
1280.6	140
1280.8	139
1281	138
1281.2	137
1281.4	136
1281.6	135
1281.8	132
1282	133
1282.2	132
1282.4	131
1282.6	131
1282.8	130
1283	130
1283.2	129
1283.4	129
1283.6	128
1283.8	129
1284	129
1284.2	129
1284.4	129
1284.6	129
1284.8	127
1285	129
1285.2	128
1285.4	128
1285.6	125
1285.8	125
1286	124
1286.2	125
1286.4	124
1286.6	125
1286.8	124
1287	124
1287.2	123
1287.4	125
1287.6	125
1287.8	124
1288	124
1288.2	124
1288.4	126
1288.6	126
1288.8	126
1289	126
1289.2	125
1289.4	127
1289.6	125
1289.8	126
1290	126
1290.2	124
1290.4	124
1290.6	124
1290.8	124
1291	125
1291.2	124
1291.4	124
1291.6	122
1291.8	122
1292	122
1292.2	121
1292.4	121
1292.6	119
1292.8	118
1293	118
1293.2	116
1293.4	114
1293.6	111
1293.8	110
1294	108
1294.2	108
1294.4	106
1294.6	102
1294.8	100
1295	99
1295.2	100
1295.4	97
1295.6	93
1295.8	93
1296	90
1296.2	90
1296.4	88
1296.6	86
1296.8	83
1297	82
1297.2	82
1297.4	81
1297.6	80
1297.8	77
1298	78
1298.2	76
1298.4	73
1298.6	70
1298.8	69
1299	68
1299.2	67
1299.4	66
1299.6	64
1299.8	63
1300	60
1300.2	61
1300.4	60
1300.6	59
1300.8	59
1301	56
1301.2	55
1301.4	55
1301.6	53
1301.8	53
1302	51
1302.2	51
1302.4	50
1302.6	51
1302.8	49
1303	48
1303.2	47
1303.4	47
1303.6	45
1303.8	45
1304	45
1304.2	44
1304.4	43
1304.6	44
1304.8	41
1305	43
1305.2	41
1305.4	39
1305.6	41
1305.8	39
1306	39
1306.2	40
1306.4	37
1306.6	39
1306.8	38
1307	38
1307.2	37
1307.4	36
1307.6	34
1307.8	36
1308	35
1308.2	35
1308.4	33
1308.6	32
1308.8	33
1309	32
1309.2	34
1309.4	32
1309.6	33
1309.8	32
1310	33
1310.2	33
1310.4	32
1310.6	31
1310.8	30
1311	30
1311.2	29
1311.4	30
1311.6	29
1311.8	28
1312	27
1312.2	27
1312.4	28
1312.6	29
1312.8	28
1313	26
1313.2	26
1313.4	26
1313.6	28
1313.8	27
1314	27
1314.2	26
1314.4	26
1314.6	26
1314.8	25
1315	25
1315.2	24
1315.4	24
1315.6	24
1315.8	24
1316	24
1316.2	23
1316.4	23
1316.6	22
1316.8	22
1317	22
1317.2	21
1317.4	22
1317.6	21
1317.8	21
1318	20
1318.2	20
1318.4	21
1318.6	20
1318.8	20
1319	21
1319.2	20
1319.4	21
1319.6	21
1319.8	21
1320	21
1320.2	20
1320.4	20
1320.6	18
1320.8	18
1321	17
1321.2	16
1321.4	18
1321.6	16
1321.8	18
1322	16
1322.2	15
1322.4	16
1322.6	16
1322.8	15
1323	15
1323.2	14
1323.4	15
1323.6	15
1323.8	15
1324	14
1324.2	17
1324.4	15
1324.6	14
1324.8	13
1325	11
1325.2	12
1325.4	13
1325.6	13
1325.8	13
1326	13
1326.2	12
1326.4	14
1326.6	13
1326.8	13
1327	12
1327.2	12
1327.4	12
1327.6	12
1327.8	12
1328	10
1328.2	11
1328.4	10
1328.6	10
1328.8	10
1329	11
1329.2	9
1329.4	10
1329.6	10
1329.8	11
1330	9
1330.2	9
1330.4	8
1330.6	9
1330.8	9
1331	10
1331.2	10
1331.4	11
1331.6	10
1331.8	8
1332	9
1332.2	9
1332.4	9
1332.6	8
1332.8	8
1333	9
1333.2	7
1333.4	7
1333.6	6
1333.8	6
1334	8
1334.2	7
1334.4	6
1334.6	6
1334.8	6
1335	7
1335.2	8
1335.4	7
1335.6	7
1335.8	5
1336	6
1336.2	8
1336.4	6
1336.6	7
1336.8	6
1337	7
1337.2	5
1337.4	5
1337.6	7
1337.8	4
1338	4
1338.2	4
1338.4	4
1338.6	4
1338.8	5
1339	4
1339.2	5
1339.4	4
1339.6	6
1339.8	4
1340	4
1340.2	5
1340.4	5
1340.6	5
1340.8	6
1341	5
1341.2	4
1341.4	4
1341.6	4
1341.8	4
1342	5
1342.2	5
1342.4	4
1342.6	4
1342.8	5
1343	4
1343.2	4
1343.4	4
1343.6	4
1343.8	5
1344	5
1344.2	5
1344.4	4
1344.6	5
1344.8	4
1345	7
1345.2	6
1345.4	4
1345.6	5
1345.8	5
1346	6
1346.2	4
1346.4	4
1346.6	3
1346.8	3
1347	5
1347.2	5
1347.4	3
1347.6	3
1347.8	4
1348	4
1348.2	5
1348.4	7
1348.6	5
1348.8	4
1349	7
1349.2	8
1349.4	8
1349.6	7
1349.8	6
1350	6
1350.2	5
1350.4	6
1350.6	3
1350.8	3
1351	3
1351.2	6
1351.4	5
1351.6	7
1351.8	7
1352	5
1352.2	4
1352.4	5
1352.6	4
1352.8	6
1353	7
1353.2	6
1353.4	4
1353.6	7
1353.8	7
1354	5
1354.2	3
1354.4	3
1354.6	5
1354.8	5
1355	6
1355.2	3
1355.4	3
1355.6	6
1355.8	8
1356	10
1356.2	7
1356.4	7
1356.6	7
1356.8	7
1357	7
1357.2	7
1357.4	3
1357.6	3
1357.8	3
1358	4
1358.2	4
1358.4	7
1358.6	7
1358.8	3
1359	3
1359.2	4
1359.4	4
1359.6	4
1359.8	7
1360	4
1360.2	3
1360.4	2
1360.6	4
1360.8	7
1361	9
1361.2	4
1361.4	2
1361.6	4
1361.8	2
1362	9
1362.2	9
1362.4	7
1362.6	5
1362.8	8
1363	14
1363.2	12
1363.4	12
1363.6	11
1363.8	4
1364	2
1364.2	2
1364.4	2
1364.6	2
1364.8	2
1365	2
1365.2	4
1365.4	6
1365.6	9
1365.8	8
1366	12
1366.2	13
1366.4	11
1366.6	11
1366.8	8
1367	4
1367.2	2
1367.4	2
1367.6	2
1367.8	2
1368	3
1368.2	6
1368.4	7
1368.6	6
1368.8	9
1369	10
1369.2	10
1369.4	7
1369.6	8
1369.8	9
1370	8
1370.2	2
1370.4	2
1370.6	3
1370.8	5
1371	7
1371.2	7
1371.4	7
1371.6	4
1371.8	7
1372	12
1372.2	11
1372.4	10
1372.6	7
1372.8	7
1373	7
1373.2	9
1373.4	9
1373.6	6
1373.8	2
1374	2
1374.2	5
1374.4	5
1374.6	4
1374.8	5
1375	5
1375.2	5
1375.4	7
1375.6	9
1375.8	11
1376	9
1376.2	9
1376.4	6
1376.6	5
1376.8	7
1377	8
1377.2	8
1377.4	8
1377.6	6
1377.8	7
1378	7
1378.2	9
1378.4	10
1378.6	7
1378.8	8
1379	7
1379.2	7
1379.4	9
1379.6	9
1379.8	9
1380	5
1380.2	9
1380.4	7
1380.6	6
1380.8	7
1381	10
1381.2	12
1381.4	11
1381.6	10
1381.8	11
1382	12
1382.2	12
1382.4	15
1382.6	13
1382.8	11
1383	11
1383.2	9
1383.4	12
1383.6	15
1383.8	13
1384	14
1384.2	16
1384.4	11
1384.6	12
1384.8	13
1385	12
1385.2	10
1385.4	3
1385.6	1
1385.8	1
1386	4
1386.2	10
1386.4	11
1386.6	9
1386.8	7
1387	9
1387.2	9
1387.4	6
1387.6	6
1387.8	5
1388	5
1388.2	7
1388.4	6
1388.6	8
1388.8	10
1389	10
1389.2	12
1389.4	15
1389.6	14
1389.8	11
1390	8
1390.2	8
1390.4	6
1390.6	6
1390.8	1
1391	2
1391.2	2
1391.4	5
1391.6	6
1391.8	5
1392	5
1392.2	7
1392.4	9
1392.6	9
1392.8	8
1393	10
1393.2	13
1393.4	15
1393.6	16
1393.8	16
1394	12
1394.2	4
1394.4	4
1394.6	7
1394.8	6
1395	4
1395.2	1
1395.4	2
1395.6	3
1395.8	5
1396	12
1396.2	22
1396.4	18
1396.6	14
1396.8	13
1397	12
1397.2	11
1397.4	11
1397.6	12
1397.8	13
1398	9
1398.2	1
1398.4	1
1398.6	1
1398.8	1
1399	1
1399.2	1
1399.4	1
1399.6	1
1399.8	2
1400	9
1400.2	16
1400.4	21
1400.6	30
1400.8	40
1401	35
1401.2	26
1401.4	22
1401.6	37
1401.8	42
1402	24
1402.2	24
1402.4	34
1402.6	38
1402.8	51
1403	17
1403.2	30
1403.4	23
1403.6	36
1403.8	36
1404	26
1404.2	26
1404.4	27
1404.6	33
1404.8	24
1405	15
1405.2	16
1405.4	10
1405.6	13
1405.8	17
1406	19
1406.2	22
1406.4	12
1406.6	21
1406.8	16
1407	19
1407.2	24
1407.4	17
1407.6	10
1407.8	13
1408	13
1408.2	17
1408.4	24
1408.6	26
1408.8	16
1409	19
1409.2	26
1409.4	25
1409.6	17
1409.8	15
1410	15
1410.2	31
1410.4	24
1410.6	16
1410.8	15
1411	20
1411.2	9
1411.4	7
1411.6	15
1411.8	19
1412	10
1412.2	6
1412.4	13
1412.6	17
1412.8	11
1413	15
1413.2	14
1413.4	12
1413.6	13
1413.8	18
1414	12
1414.2	22
1414.4	24
1414.6	29
1414.8	30
1415	19
1415.2	21
1415.4	21
1415.6	23
1415.8	20
1416	18
1416.2	7
1416.4	12
1416.6	1
1416.8	8
1417	12
1417.2	14
1417.4	10
1417.6	1
1417.8	12
1418	11
1418.2	15
1418.4	13
1418.6	9
1418.8	15
1419	10
1419.2	11
1419.4	12
1419.6	7
1419.8	3
1420	6
1420.2	13
1420.4	25
1420.6	17
1420.8	9
1421	18
1421.2	21
1421.4	17
1421.6	18
1421.8	15
1422	11
1422.2	14
1422.4	15
1422.6	18
1422.8	17
1423	15
1423.2	18
1423.4	24
1423.6	26
1423.8	25
1424	12
1424.2	12
1424.4	11
1424.6	18
1424.8	14
1425	11
1425.2	16
1425.4	14
1425.6	20
1425.8	25
1426	20
1426.2	24
1426.4	21
1426.6	21
1426.8	26
1427	22
1427.2	28
1427.4	20
1427.6	24
1427.8	22
1428	22
1428.2	20
1428.4	14
1428.6	12
1428.8	12
1429	20
1429.2	21
1429.4	17
1429.6	17
1429.8	11
1430	15
1430.2	16
1430.4	12
1430.6	12
1430.8	9
1431	9
1431.2	11
1431.4	15
1431.6	20
1431.8	20
1432	25
1432.2	25
1432.4	21
1432.6	23
1432.8	19
1433	24
1433.2	21
1433.4	20
1433.6	19
1433.8	14
1434	16
1434.2	18
1434.4	25
1434.6	22
1434.8	23
1435	21
1435.2	21
1435.4	16
1435.6	18
1435.8	13
1436	21
1436.2	14
1436.4	18
1436.6	21
1436.8	17
1437	16
1437.2	19
1437.4	28
1437.6	23
1437.8	35
1438	31
1438.2	29
1438.4	26
1438.6	26
1438.8	29
1439	37
1439.2	26
1439.4	25
1439.6	21
1439.8	24
1440	20
1440.2	19
1440.4	19
1440.6	27
1440.8	30
1441	25
1441.2	28
1441.4	18
1441.6	13
1441.8	14
1442	13
1442.2	19
1442.4	18
1442.6	12
1442.8	17
1443	21
1443.2	24
1443.4	25
1443.6	28
1443.8	28
1444	22
1444.2	28
1444.4	27
1444.6	24
1444.8	24
1445	24
1445.2	29
1445.4	29
1445.6	29
1445.8	25
1446	34
1446.2	31
1446.4	36
1446.6	32
1446.8	37
1447	29
1447.2	29
1447.4	29
1447.6	35
1447.8	26
1448	22
1448.2	23
1448.4	24
1448.6	25
1448.8	35
1449	38
1449.2	40
1449.4	38
1449.6	43
1449.8	45
1450	40
1450.2	44
1450.4	38
1450.6	51
1450.8	39
1451	38
1451.2	43
1451.4	33
1451.6	40
1451.8	32
1452	39
1452.2	46
1452.4	38
1452.6	35
1452.8	36
1453	31
1453.2	37
1453.4	34
1453.6	35
1453.8	28
1454	37
1454.2	31
1454.4	33
1454.6	36
1454.8	31
1455	34
1455.2	42
1455.4	48
1455.6	44
1455.8	39
1456	39
1456.2	40
1456.4	43
1456.6	39
1456.8	32
1457	33
1457.2	34
1457.4	37
1457.6	37
1457.8	44
1458	45
1458.2	43
1458.4	47
1458.6	46
1458.8	44
1459	41
1459.2	37
1459.4	44
1459.6	47
1459.8	47
1460	42
1460.2	37
1460.4	42
1460.6	38
1460.8	40
1461	48
1461.2	49
1461.4	53
1461.6	52
1461.8	46
1462	48
1462.2	42
1462.4	34
1462.6	37
1462.8	44
1463	46
1463.2	43
1463.4	46
1463.6	36
1463.8	38
1464	43
1464.2	54
1464.4	51
1464.6	40
1464.8	41
1465	45
1465.2	38
1465.4	37
1465.6	34
1465.8	39
1466	39
1466.2	45
1466.4	41
1466.6	37
1466.8	34
1467	40
1467.2	48
1467.4	49
1467.6	46
1467.8	52
1468	45
1468.2	44
1468.4	44
1468.6	43
1468.8	47
1469	39
1469.2	42
1469.4	45
1469.6	40
1469.8	45
1470	38
1470.2	47
1470.4	46
1470.6	60
1470.8	51
1471	52
1471.2	50
1471.4	44
1471.6	45
1471.8	52
1472	42
1472.2	49
1472.4	46
1472.6	46
1472.8	48
1473	53
1473.2	54
1473.4	51
1473.6	58
1473.8	55
1474	62
1474.2	58
1474.4	53
1474.6	49
1474.8	44
1475	51
1475.2	56
1475.4	50
1475.6	50
1475.8	47
1476	45
1476.2	51
1476.4	53
1476.6	60
1476.8	57
1477	63
1477.2	53
1477.4	58
1477.6	53
1477.8	47
1478	52
1478.2	59
1478.4	62
1478.6	58
1478.8	49
1479	54
1479.2	63
1479.4	55
1479.6	58
1479.8	60
1480	61
1480.2	58
1480.4	59
1480.6	62
1480.8	56
1481	53
1481.2	55
1481.4	58
1481.6	59
1481.8	54
1482	57
1482.2	58
1482.4	54
1482.6	63
1482.8	67
1483	68
1483.2	68
1483.4	65
1483.6	57
1483.8	58
1484	61
1484.2	51
1484.4	59
1484.6	56
1484.8	63
1485	61
1485.2	53
1485.4	61
1485.6	59
1485.8	64
1486	67
1486.2	70
1486.4	69
1486.6	58
1486.8	67
1487	60
1487.2	65
1487.4	63
1487.6	57
1487.8	61
1488	60
1488.2	61
1488.4	59
1488.6	60
1488.8	64
1489	65
1489.2	67
1489.4	66
1489.6	65
1489.8	63
1490	54
1490.2	57
1490.4	60
1490.6	58
1490.8	59
1491	57
1491.2	59
1491.4	52
1491.6	58
1491.8	54
1492	52
1492.2	57
1492.4	64
1492.6	68
1492.8	65
1493	61
1493.2	66
1493.4	52
1493.6	58
1493.8	66
1494	62
1494.2	66
1494.4	59
1494.6	57
1494.8	56
1495	56
1495.2	66
1495.4	74
1495.6	72
1495.8	76
1496	70
1496.2	77
1496.4	65
1496.6	66
1496.8	69
1497	72
1497.2	68
1497.4	63
1497.6	69
1497.8	63
1498	63
1498.2	63
1498.4	67
1498.6	74
1498.8	82
1499	84
1499.2	83
1499.4	70
1499.6	70
1499.8	60
1500	66
1500.2	68
1500.4	73
1500.6	79
1500.8	69
1501	67
1501.2	64
1501.4	74
1501.6	73
1501.8	73
1502	81
1502.2	80
1502.4	78
1502.6	79
1502.8	69
1503	74
1503.2	67
1503.4	75
1503.6	76
1503.8	77
1504	77
1504.2	71
1504.4	76
1504.6	80
1504.8	77
1505	83
1505.2	86
1505.4	86
1505.6	94
1505.8	84
1506	88
1506.2	85
1506.4	86
1506.6	80
1506.8	91
1507	89
1507.2	89
1507.4	87
1507.6	83
1507.8	86
1508	98
1508.2	90
1508.4	101
1508.6	99
1508.8	90
1509	100
1509.2	92
1509.4	92
1509.6	91
1509.8	91
1510	91
1510.2	96
1510.4	95
1510.6	87
1510.8	88
1511	87
1511.2	92
1511.4	99
1511.6	99
1511.8	106
1512	103
1512.2	102
1512.4	99
1512.6	100
1512.8	91
1513	89
1513.2	91
1513.4	96
1513.6	104
1513.8	104
1514	87
1514.2	94
1514.4	100
1514.6	105
1514.8	108
1515	112
1515.2	109
1515.4	109
1515.6	107
1515.8	106
1516	103
1516.2	102
1516.4	99
1516.6	113
1516.8	108
1517	109
1517.2	103
1517.4	99
1517.6	103
1517.8	117
1518	121
1518.2	127
1518.4	125
1518.6	127
1518.8	124
1519	117
1519.2	118
1519.4	117
1519.6	120
1519.8	124
1520	126
1520.2	123
1520.4	119
1520.6	114
1520.8	119
1521	119
1521.2	133
1521.4	131
1521.6	134
1521.8	133
1522	133
1522.2	132
1522.4	126
1522.6	124
1522.8	127
1523	133
1523.2	137
1523.4	141
1523.6	137
1523.8	135
1524	133
1524.2	140
1524.4	147
1524.6	155
1524.8	151
1525	151
1525.2	147
1525.4	143
1525.6	137
1525.8	136
1526	140
1526.2	133
1526.4	147
1526.6	145
1526.8	142
1527	145
1527.2	149
1527.4	152
1527.6	152
1527.8	156
1528	157
1528.2	160
1528.4	165
1528.6	159
1528.8	148
1529	154
1529.2	155
1529.4	159
1529.6	159
1529.8	163
1530	166
1530.2	163
1530.4	161
1530.6	167
1530.8	176
1531	179
1531.2	174
1531.4	182
1531.6	178
1531.8	172
1532	173
1532.2	169
1532.4	163
1532.6	160
1532.8	163
1533	170
1533.2	173
1533.4	171
1533.6	162
1533.8	168
1534	169
1534.2	177
1534.4	180
1534.6	185
1534.8	189
1535	184
1535.2	191
1535.4	189
1535.6	186
1535.8	188
1536	183
1536.2	194
1536.4	200
1536.6	196
1536.8	197
1537	199
1537.2	201
1537.4	207
1537.6	209
1537.8	209
1538	207
1538.2	207
1538.4	208
1538.6	198
1538.8	196
1539	192
1539.2	192
1539.4	197
1539.6	200
1539.8	200
1540	196
1540.2	199
1540.4	194
1540.6	200
1540.8	204
1541	212
1541.2	215
1541.4	210
1541.6	210
1541.8	217
1542	214
1542.2	218
1542.4	211
1542.6	215
1542.8	216
1543	222
1543.2	218
1543.4	214
1543.6	225
1543.8	224
1544	223
1544.2	226
1544.4	225
1544.6	231
1544.8	233
1545	229
1545.2	233
1545.4	229
1545.6	227
1545.8	221
1546	232
1546.2	227
1546.4	230
1546.6	231
1546.8	233
1547	232
1547.2	230
1547.4	241
1547.6	243
1547.8	238
1548	241
1548.2	244
1548.4	249
1548.6	249
1548.8	243
1549	234
1549.2	233
1549.4	233
1549.6	238
1549.8	241
1550	236
1550.2	236
1550.4	242
1550.6	242
1550.8	247
1551	238
1551.2	237
1551.4	240
1551.6	247
1551.8	252
1552	257
1552.2	253
1552.4	253
1552.6	249
1552.8	244
1553	250
1553.2	252
1553.4	258
1553.6	257
1553.8	260
1554	260
1554.2	255
1554.4	260
1554.6	257
1554.8	256
1555	263
1555.2	263
1555.4	268
1555.6	255
1555.8	256
1556	252
1556.2	251
1556.4	248
1556.6	246
1556.8	253
1557	254
1557.2	259
1557.4	264
1557.6	257
1557.8	261
1558	263
1558.2	264
1558.4	272
1558.6	276
1558.8	277
1559	266
1559.2	273
1559.4	273
1559.6	273
1559.8	268
1560	267
1560.2	274
1560.4	278
1560.6	285
1560.8	279
1561	274
1561.2	270
1561.4	273
1561.6	278
1561.8	282
1562	281
1562.2	282
1562.4	283
1562.6	277
1562.8	271
1563	268
1563.2	268
1563.4	267
1563.6	274
1563.8	280
1564	284
1564.2	280
1564.4	276
1564.6	277
1564.8	283
1565	288
1565.2	292
1565.4	287
1565.6	294
1565.8	298
1566	300
1566.2	292
1566.4	281
1566.6	282
1566.8	286
1567	291
1567.2	291
1567.4	292
1567.6	293
1567.8	289
1568	284
1568.2	288
1568.4	289
1568.6	290
1568.8	290
1569	291
1569.2	298
1569.4	302
1569.6	297
1569.8	287
1570	293
1570.2	289
1570.4	296
1570.6	301
1570.8	309
1571	312
1571.2	310
1571.4	309
1571.6	315
1571.8	312
1572	319
1572.2	322
1572.4	325
1572.6	327
1572.8	329
1573	327
1573.2	317
1573.4	318
1573.6	314
1573.8	317
1574	322
1574.2	322
1574.4	327
1574.6	334
1574.8	326
1575	328
1575.2	327
1575.4	324
1575.6	329
1575.8	339
1576	342
1576.2	347
1576.4	347
1576.6	341
1576.8	346
1577	342
1577.2	337
1577.4	342
1577.6	340
1577.8	353
1578	360
1578.2	356
1578.4	365
1578.6	352
1578.8	353
1579	358
1579.2	364
1579.4	368
1579.6	363
1579.8	366
1580	360
1580.2	371
1580.4	360
1580.6	348
1580.8	350
1581	360
1581.2	358
1581.4	372
1581.6	368
1581.8	368
1582	365
1582.2	372
1582.4	371
1582.6	373
1582.8	381
1583	383
1583.2	399
1583.4	397
1583.6	397
1583.8	390
1584	380
1584.2	380
1584.4	391
1584.6	392
1584.8	400
1585	396
1585.2	404
1585.4	411
1585.6	410
1585.8	413
1586	415
1586.2	413
1586.4	418
1586.6	428
1586.8	432
1587	434
1587.2	437
1587.4	440
1587.6	427
1587.8	429
1588	428
1588.2	431
1588.4	431
1588.6	441
1588.8	447
1589	451
1589.2	453
1589.4	453
1589.6	460
1589.8	460
1590	465
1590.2	474
1590.4	479
1590.6	476
1590.8	476
1591	479
1591.2	478
1591.4	469
1591.6	477
1591.8	479
1592	488
1592.2	491
1592.4	502
1592.6	502
1592.8	497
1593	502
1593.2	506
1593.4	518
1593.6	522
1593.8	526
1594	533
1594.2	537
1594.4	541
1594.6	539
1594.8	533
1595	536
1595.2	537
1595.4	551
1595.6	561
1595.8	567
1596	570
1596.2	564
1596.4	571
1596.6	564
1596.8	569
1597	576
1597.2	581
1597.4	586
1597.6	595
1597.8	603
1598	601
1598.2	589
1598.4	587
1598.6	591
1598.8	595
1599	601
1599.2	608
1599.4	618
1599.6	625
1599.8	638
1600	643
1600.2	642
1600.4	646
1600.6	659
1600.8	677
1601	687
1601.2	692
1601.4	708
1601.6	703
1601.8	708
1602	717
1602.2	722
1602.4	730
1602.6	730
1602.8	749
1603	762
1603.2	776
1603.4	782
1603.6	790
1603.8	800
1604	806
1604.2	812
1604.4	833
1604.6	837
1604.8	849
1605	856
1605.2	861
1605.4	872
1605.6	871
1605.8	873
1606	874
1606.2	886
1606.4	899
1606.6	917
1606.8	921
1607	923
1607.2	939
1607.4	951
1607.6	958
1607.8	966
1608	973
1608.2	991
1608.4	1006
1608.6	1024
1608.8	1034
1609	1045
1609.2	1054
1609.4	1064
1609.6	1089
1609.8	1108
1610	1127
1610.2	1156
1610.4	1175
1610.6	1204
1610.8	1238
1611	1254
1611.2	1281
1611.4	1318
1611.6	1346
1611.8	1391
1612	1429
1612.2	1468
1612.4	1508
1612.6	1549
1612.8	1579
1613	1622
1613.2	1664
1613.4	1705
1613.6	1761
1613.8	1820
1614	1877
1614.2	1946
1614.4	2011
1614.6	2075
1614.8	2157
1615	2237
1615.2	2343
1615.4	2451
1615.6	2570
1615.8	2703
1616	2861
1616.2	3025
1616.4	3208
1616.6	3404
1616.8	3634
1617	3903
1617.2	4193
1617.4	4538
1617.6	4924
1617.8	5356
1618	5841
1618.2	6344
1618.4	6914
1618.6	7505
1618.8	8078
1619	8663
1619.2	9317
1619.4	9980
1619.6	10584
1619.8	11166
1620	11668
1620.2	12077
1620.4	12392
1620.6	12583
1620.8	12659
1621	12633
1621.2	12491
1621.4	12249
1621.6	11937
1621.8	11572
1622	11167
1622.2	10718
1622.4	10269
1622.6	9859
1622.8	9487
1623	9100
1623.2	8744
1623.4	8440
1623.6	8190
1623.8	8000
1624	7873
1624.2	7797
1624.4	7783
1624.6	7836
1624.8	7955
1625	8157
1625.2	8434
1625.4	8775
1625.6	9195
1625.8	9701
1626	10248
1626.2	10918
1626.4	11578
1626.6	12292
1626.8	13091
1627	13747
1627.2	14301
1627.4	14841
1627.6	15254
1627.8	15487
1628	15540
1628.2	15422
1628.4	15136
1628.6	14692
1628.8	14117
1629	13454
1629.2	12736
1629.4	11958
1629.6	11153
1629.8	10363
1630	9608
1630.2	8891
1630.4	8191
1630.6	7551
1630.8	6949
1631	6399
1631.2	5883
1631.4	5428
1631.6	4983
1631.8	4610
1632	4279
1632.2	3963
1632.4	3692
1632.6	3441
1632.8	3210
1633	2995
1633.2	2806
1633.4	2625
1633.6	2465
1633.8	2323
1634	2191
1634.2	2073
1634.4	1964
1634.6	1876
1634.8	1781
1635	1700
1635.2	1629
1635.4	1559
1635.6	1504
1635.8	1447
1636	1398
1636.2	1351
1636.4	1306
1636.6	1264
1636.8	1233
1637	1205
1637.2	1183
1637.4	1140
1637.6	1116
1637.8	1088
1638	1059
1638.2	1047
1638.4	1022
1638.6	1000
1638.8	969
1639	960
1639.2	939
1639.4	923
1639.6	902
1639.8	885
1640	874
1640.2	871
1640.4	868
1640.6	863
1640.8	851
1641	845
1641.2	844
1641.4	845
1641.6	844
1641.8	848
1642	853
1642.2	853
1642.4	866
1642.6	866
1642.8	884
1643	889
1643.2	885
1643.4	899
1643.6	913
1643.8	920
1644	929
1644.2	933
1644.4	932
1644.6	936
1644.8	935
1645	924
1645.2	912
1645.4	902
1645.6	890
1645.8	897
1646	882
1646.2	869
1646.4	866
1646.6	864
1646.8	858
1647	863
1647.2	851
1647.4	852
1647.6	855
1647.8	862
1648	878
1648.2	888
1648.4	891
1648.6	905
1648.8	921
1649	927
1649.2	945
1649.4	954
1649.6	969
1649.8	995
1650	1021
1650.2	1042
1650.4	1068
1650.6	1087
1650.8	1124
1651	1154
1651.2	1198
1651.4	1243
1651.6	1295
1651.8	1345
1652	1400
1652.2	1471
1652.4	1547
1652.6	1622
1652.8	1702
1653	1774
1653.2	1870
1653.4	1962
1653.6	2064
1653.8	2150
1654	2235
1654.2	2318
1654.4	2390
1654.6	2453
1654.8	2506
1655	2539
1655.2	2557
1655.4	2551
1655.6	2547
1655.8	2528
1656	2489
1656.2	2427
1656.4	2357
1656.6	2284
1656.8	2209
1657	2120
1657.2	2032
1657.4	1947
1657.6	1866
1657.8	1785
1658	1709
1658.2	1643
1658.4	1571
1658.6	1507
1658.8	1448
1659	1401
1659.2	1344
1659.4	1293
1659.6	1259
1659.8	1222
1660	1192
1660.2	1163
1660.4	1128
1660.6	1098
1660.8	1070
1661	1055
1661.2	1036
1661.4	1016
1661.6	996
1661.8	981
1662	967
1662.2	947
1662.4	941
1662.6	923
1662.8	907
1663	899
1663.2	897
1663.4	892
1663.6	883
1663.8	874
1664	877
1664.2	870
1664.4	862
1664.6	859
1664.8	852
1665	853
1665.2	841
1665.4	849
1665.6	847
1665.8	852
1666	841
1666.2	833
1666.4	838
1666.6	830
1666.8	829
1667	825
1667.2	825
1667.4	827
1667.6	832
1667.8	835
1668	836
1668.2	835
1668.4	835
1668.6	840
1668.8	843
1669	838
1669.2	849
1669.4	848
1669.6	850
1669.8	855
1670	875
1670.2	875
1670.4	914
1670.6	913
1670.8	916
1671	927
1671.2	933
1671.4	928
1671.6	938
1671.8	954
1672	968
1672.2	978
1672.4	985
1672.6	992
1672.8	987
1673	997
1673.2	1024
1673.4	1031
1673.6	1048
1673.8	1052
1674	1068
1674.2	1076
1674.4	1091
1674.6	1106
1674.8	1104
1675	1129
1675.2	1142
1675.4	1173
1675.6	1194
1675.8	1218
1676	1241
1676.2	1268
1676.4	1290
1676.6	1313
1676.8	1337
1677	1361
1677.2	1393
1677.4	1434
1677.6	1472
1677.8	1503
1678	1548
1678.2	1572
1678.4	1619
1678.6	1660
1678.8	1707
1679	1754
1679.2	1807
1679.4	1865
1679.6	1931
1679.8	1986
1680	2051
1680.2	2107
1680.4	2169
1680.6	2237
1680.8	2298
1681	2380
1681.2	2444
1681.4	2517
1681.6	2590
1681.8	2674
1682	2753
1682.2	2823
1682.4	2903
1682.6	2975
1682.8	3058
1683	3145
1683.2	3229
1683.4	3317
1683.6	3408
1683.8	3513
1684	3611
1684.2	3723
1684.4	3840
1684.6	3941
1684.8	4054
1685	4172
1685.2	4308
1685.4	4439
1685.6	4583
1685.8	4725
1686	4865
1686.2	5016
1686.4	5151
1686.6	5297
1686.8	5431
1687	5564
1687.2	5687
1687.4	5799
1687.6	5893
1687.8	5969
1688	6027
1688.2	6075
1688.4	6097
1688.6	6102
1688.8	6083
1689	6039
1689.2	5977
1689.4	5918
1689.6	5831
1689.8	5733
1690	5620
1690.2	5504
1690.4	5376
1690.6	5252
1690.8	5132
1691	4992
1691.2	4866
1691.4	4737
1691.6	4627
1691.8	4519
1692	4398
1692.2	4299
1692.4	4182
1692.6	4075
1692.8	3991
1693	3921
1693.2	3839
1693.4	3756
1693.6	3684
1693.8	3615
1694	3547
1694.2	3480
1694.4	3403
1694.6	3336
1694.8	3272
1695	3214
1695.2	3159
1695.4	3102
1695.6	3065
1695.8	3018
1696	2993
1696.2	2983
1696.4	2969
1696.6	2967
1696.8	2959
1697	2978
1697.2	3010
1697.4	3053
1697.6	3113
1697.8	3172
1698	3262
1698.2	3356
1698.4	3485
1698.6	3617
1698.8	3766
1699	3946
1699.2	4141
1699.4	4383
1699.6	4664
1699.8	4953
1700	5283
1700.2	5652
1700.4	6052
1700.6	6456
1700.8	6888
1701	7301
1701.2	7678
1701.4	8054
1701.6	8432
1701.8	8742
1702	8974
1702.2	9115
1702.4	9167
1702.6	9120
1702.8	8995
1703	8780
1703.2	8489
1703.4	8154
1703.6	7791
1703.8	7393
1704	7002
1704.2	6601
1704.4	6230
1704.6	5868
1704.8	5523
1705	5206
1705.2	4893
1705.4	4634
1705.6	4390
1705.8	4165
1706	3983
1706.2	3805
1706.4	3640
1706.6	3481
1706.8	3336
1707	3204
1707.2	3083
1707.4	2970
1707.6	2862
1707.8	2777
1708	2686
1708.2	2616
1708.4	2544
1708.6	2473
1708.8	2415
1709	2359
1709.2	2307
1709.4	2266
1709.6	2229
1709.8	2198
1710	2169
1710.2	2146
1710.4	2126
1710.6	2102
1710.8	2077
1711	2050
1711.2	2033
1711.4	2009
1711.6	1993
1711.8	1971
1712	1947
1712.2	1930
1712.4	1917
1712.6	1895
1712.8	1872
1713	1851
1713.2	1816
1713.4	1792
1713.6	1772
1713.8	1745
1714	1721
1714.2	1702
1714.4	1680
1714.6	1670
1714.8	1650
1715	1631
1715.2	1613
1715.4	1602
1715.6	1592
1715.8	1596
1716	1592
1716.2	1601
1716.4	1601
1716.6	1608
1716.8	1621
1717	1637
1717.2	1660
1717.4	1666
1717.6	1683
1717.8	1702
1718	1738
1718.2	1767
1718.4	1798
1718.6	1838
1718.8	1876
1719	1929
1719.2	1975
1719.4	2031
1719.6	2086
1719.8	2142
1720	2207
1720.2	2277
1720.4	2345
1720.6	2423
1720.8	2486
1721	2552
1721.2	2622
1721.4	2682
1721.6	2734
1721.8	2778
1722	2815
1722.2	2839
1722.4	2865
1722.6	2881
1722.8	2868
1723	2851
1723.2	2813
1723.4	2771
1723.6	2720
1723.8	2657
1724	2591
1724.2	2511
1724.4	2444
1724.6	2370
1724.8	2294
1725	2213
1725.2	2127
1725.4	2047
1725.6	1974
1725.8	1905
1726	1835
1726.2	1766
1726.4	1690
1726.6	1637
1726.8	1583
1727	1534
1727.2	1478
1727.4	1437
1727.6	1372
1727.8	1344
1728	1302
1728.2	1262
1728.4	1223
1728.6	1189
1728.8	1158
1729	1140
1729.2	1116
1729.4	1090
1729.6	1063
1729.8	1039
1730	1026
1730.2	1001
1730.4	985
1730.6	958
1730.8	946
1731	923
1731.2	914
1731.4	906
1731.6	893
1731.8	888
1732	874
1732.2	866
1732.4	865
1732.6	860
1732.8	856
1733	854
1733.2	864
1733.4	867
1733.6	872
1733.8	878
1734	877
1734.2	886
1734.4	894
1734.6	904
1734.8	912
1735	916
1735.2	926
1735.4	946
1735.6	979
1735.8	993
1736	1014
1736.2	1039
1736.4	1065
1736.6	1097
1736.8	1137
1737	1178
1737.2	1223
1737.4	1279
1737.6	1345
1737.8	1420
1738	1500
1738.2	1590
1738.4	1692
1738.6	1794
1738.8	1905
1739	2024
1739.2	2163
1739.4	2306
1739.6	2469
1739.8	2634
1740	2828
1740.2	3022
1740.4	3210
1740.6	3402
1740.8	3580
1741	3763
1741.2	3941
1741.4	4090
1741.6	4206
1741.8	4293
1742	4351
1742.2	4367
1742.4	4344
1742.6	4294
1742.8	4204
1743	4096
1743.2	3966
1743.4	3821
1743.6	3672
1743.8	3500
1744	3349
1744.2	3191
1744.4	3030
1744.6	2877
1744.8	2729
1745	2594
1745.2	2461
1745.4	2352
1745.6	2250
1745.8	2147
1746	2052
1746.2	1978
1746.4	1904
1746.6	1846
1746.8	1793
1747	1737
1747.2	1682
1747.4	1642
1747.6	1601
1747.8	1569
1748	1527
1748.2	1496
1748.4	1475
1748.6	1456
1748.8	1441
1749	1426
1749.2	1406
1749.4	1387
1749.6	1381
1749.8	1366
1750	1366
1750.2	1356
1750.4	1357
1750.6	1352
1750.8	1357
1751	1361
1751.2	1358
1751.4	1356
1751.6	1351
1751.8	1348
1752	1358
1752.2	1349
1752.4	1350
1752.6	1345
1752.8	1345
1753	1352
1753.2	1346
1753.4	1353
1753.6	1346
1753.8	1349
1754	1340
1754.2	1339
1754.4	1341
1754.6	1328
1754.8	1330
1755	1331
1755.2	1339
1755.4	1345
1755.6	1342
1755.8	1349
1756	1350
1756.2	1346
1756.4	1355
1756.6	1359
1756.8	1367
1757	1371
1757.2	1385
1757.4	1393
1757.6	1411
1757.8	1425
1758	1433
1758.2	1445
1758.4	1454
1758.6	1469
1758.8	1481
1759	1489
1759.2	1499
1759.4	1517
1759.6	1527
1759.8	1532
1760	1533
1760.2	1528
1760.4	1527
1760.6	1525
1760.8	1516
1761	1503
1761.2	1488
1761.4	1472
1761.6	1462
1761.8	1452
1762	1437
1762.2	1418
1762.4	1395
1762.6	1378
1762.8	1356
1763	1340
1763.2	1321
1763.4	1291
1763.6	1275
1763.8	1253
1764	1241
1764.2	1230
1764.4	1206
1764.6	1192
1764.8	1179
1765	1166
1765.2	1150
1765.4	1134
1765.6	1129
1765.8	1122
1766	1118
1766.2	1115
1766.4	1105
1766.6	1111
1766.8	1105
1767	1106
1767.2	1103
1767.4	1102
1767.6	1103
1767.8	1099
1768	1105
1768.2	1109
1768.4	1118
1768.6	1126
1768.8	1121
1769	1123
1769.2	1120
1769.4	1123
1769.6	1119
1769.8	1110
1770	1103
1770.2	1092
1770.4	1096
1770.6	1088
1770.8	1080
1771	1075
1771.2	1065
1771.4	1063
1771.6	1051
1771.8	1040
1772	1031
1772.2	1013
1772.4	1011
1772.6	1003
1772.8	1004
1773	1007
1773.2	996
1773.4	990
1773.6	986
1773.8	979
1774	972
1774.2	957
1774.4	951
1774.6	952
1774.8	951
1775	955
1775.2	960
1775.4	957
1775.6	956
1775.8	956
1776	964
1776.2	959
1776.4	959
1776.6	962
1776.8	975
1777	968
1777.2	982
1777.4	990
1777.6	993
1777.8	1005
1778	1009
1778.2	1019
1778.4	1020
1778.6	1022
1778.8	1034
1779	1040
1779.2	1055
1779.4	1070
1779.6	1076
1779.8	1095
1780	1101
1780.2	1116
1780.4	1127
1780.6	1140
1780.8	1142
1781	1149
1781.2	1166
1781.4	1177
1781.6	1188
1781.8	1200
1782	1216
1782.2	1228
1782.4	1239
1782.6	1242
1782.8	1253
1783	1249
1783.2	1257
1783.4	1251
1783.6	1259
1783.8	1260
1784	1260
1784.2	1270
1784.4	1277
1784.6	1276
1784.8	1286
1785	1281
1785.2	1277
1785.4	1275
1785.6	1279
1785.8	1275
1786	1274
1786.2	1276
1786.4	1289
1786.6	1290
1786.8	1296
1787	1293
1787.2	1296
1787.4	1291
1787.6	1284
1787.8	1277
1788	1279
1788.2	1275
1788.4	1263
1788.6	1257
1788.8	1242
1789	1230
1789.2	1221
1789.4	1192
1789.6	1173
1789.8	1149
1790	1129
1790.2	1111
1790.4	1090
1790.6	1068
1790.8	1041
1791	1021
1791.2	1002
1791.4	987
1791.6	964
1791.8	936
1792	922
1792.2	894
1792.4	874
1792.6	857
1792.8	831
1793	820
1793.2	807
1793.4	800
1793.6	788
1793.8	774
1794	765
1794.2	747
1794.4	747
1794.6	729
1794.8	729
1795	729
1795.2	726
1795.4	725
1795.6	730
1795.8	746
1796	757
1796.2	756
1796.4	767
1796.6	770
1796.8	773
1797	783
1797.2	795
1797.4	803
1797.6	814
1797.8	825
1798	834
1798.2	834
1798.4	831
1798.6	821
1798.8	818
1799	801
1799.2	779
1799.4	766
1799.6	742
1799.8	719
1800	707
1800.2	688
1800.4	673
1800.6	648
1800.8	625
1801	613
1801.2	598
1801.4	581
1801.6	547
1801.8	538
1802	525
1802.2	517
1802.4	503
1802.6	494
1802.8	493
1803	477
1803.2	480
1803.4	465
1803.6	456
1803.8	450
1804	445
1804.2	439
1804.4	439
1804.6	445
1804.8	447
1805	441
1805.2	448
1805.4	450
1805.6	449
1805.8	442
1806	426
1806.2	430
1806.4	428
1806.6	427
1806.8	424
1807	421
1807.2	431
1807.4	428
1807.6	430
1807.8	426
1808	419
1808.2	416
1808.4	414
1808.6	417
1808.8	418
1809	427
1809.2	431
1809.4	436
1809.6	451
1809.8	451
1810	446
1810.2	447
1810.4	443
1810.6	444
1810.8	447
1811	444
1811.2	436
1811.4	432
1811.6	444
1811.8	443
1812	444
1812.2	441
1812.4	439
1812.6	435
1812.8	421
1813	426
1813.2	416
1813.4	409
1813.6	409
1813.8	407
1814	416
1814.2	421
1814.4	423
1814.6	418
1814.8	405
1815	405
1815.2	389
1815.4	382
1815.6	378
1815.8	377
1816	366
1816.2	363
1816.4	357
1816.6	357
1816.8	346
1817	339
1817.2	338
1817.4	342
1817.6	328
1817.8	320
1818	312
1818.2	311
1818.4	313
1818.6	316
1818.8	318
1819	325
1819.2	323
1819.4	322
1819.6	321
1819.8	318
1820	312
1820.2	308
1820.4	298
1820.6	297
1820.8	305
1821	298
1821.2	291
1821.4	292
1821.6	297
1821.8	298
1822	295
1822.2	281
1822.4	299
1822.6	292
1822.8	291
1823	294
1823.2	273
1823.4	288
1823.6	289
1823.8	297
1824	292
1824.2	282
1824.4	288
1824.6	281
1824.8	275
1825	285
1825.2	291
1825.4	292
1825.6	265
1825.8	266
1826	285
1826.2	299
1826.4	285
1826.6	275
1826.8	289
1827	291
1827.2	292
1827.4	302
1827.6	313
1827.8	314
1828	311
1828.2	311
1828.4	318
1828.6	318
1828.8	320
1829	310
1829.2	319
1829.4	317
1829.6	324
1829.8	324
1830	324
1830.2	326
1830.4	320
1830.6	323
1830.8	320
1831	316
1831.2	320
1831.4	322
1831.6	327
1831.8	323
1832	322
1832.2	323
1832.4	329
1832.6	331
1832.8	322
1833	320
1833.2	324
1833.4	332
1833.6	336
1833.8	346
1834	335
1834.2	333
1834.4	317
1834.6	323
1834.8	314
1835	332
1835.2	333
1835.4	312
1835.6	315
1835.8	312
1836	329
1836.2	331
1836.4	334
1836.6	329
1836.8	304
1837	302
1837.2	306
1837.4	308
1837.6	304
1837.8	301
1838	307
1838.2	305
1838.4	319
1838.6	300
1838.8	305
1839	308
1839.2	286
1839.4	289
1839.6	285
1839.8	278
1840	289
1840.2	287
1840.4	294
1840.6	294
1840.8	285
1841	296
1841.2	291
1841.4	293
1841.6	288
1841.8	283
1842	274
1842.2	259
1842.4	272
1842.6	267
1842.8	264
1843	267
1843.2	271
1843.4	278
1843.6	265
1843.8	253
1844	253
1844.2	241
1844.4	228
1844.6	234
1844.8	229
1845	232
1845.2	236
1845.4	243
1845.6	246
1845.8	267
1846	260
1846.2	247
1846.4	239
1846.6	262
1846.8	264
1847	272
1847.2	237
1847.4	239
1847.6	242
1847.8	234
1848	249
1848.2	245
1848.4	240
1848.6	232
1848.8	237
1849	227
1849.2	238
1849.4	230
1849.6	208
1849.8	211
1850	214
1850.2	220
1850.4	220
1850.6	199
1850.8	188
1851	197
1851.2	205
1851.4	221
1851.6	216
1851.8	219
1852	211
1852.2	224
1852.4	218
1852.6	232
1852.8	223
1853	220
1853.2	214
1853.4	204
1853.6	205
1853.8	203
1854	199
1854.2	191
1854.4	193
1854.6	193
1854.8	189
1855	198
1855.2	211
1855.4	199
1855.6	195
1855.8	192
1856	192
1856.2	189
1856.4	181
1856.6	181
1856.8	188
1857	184
1857.2	180
1857.4	187
1857.6	193
1857.8	201
1858	205
1858.2	207
1858.4	195
1858.6	191
1858.8	195
1859	200
1859.2	196
1859.4	181
1859.6	170
1859.8	162
1860	179
1860.2	186
1860.4	176
1860.6	176
1860.8	178
1861	191
1861.2	186
1861.4	189
1861.6	200
1861.8	189
1862	175
1862.2	164
1862.4	175
1862.6	183
1862.8	179
1863	183
1863.2	188
1863.4	181
1863.6	181
1863.8	174
1864	192
1864.2	183
1864.4	183
1864.6	175
1864.8	172
1865	178
1865.2	189
1865.4	190
1865.6	199
1865.8	205
1866	201
1866.2	202
1866.4	216
1866.6	223
1866.8	218
1867	198
1867.2	201
1867.4	206
1867.6	214
1867.8	215
1868	218
1868.2	207
1868.4	217
1868.6	224
1868.8	238
1869	249
1869.2	260
1869.4	269
1869.6	266
1869.8	271
1870	288
1870.2	278
1870.4	273
1870.6	270
1870.8	276
1871	284
1871.2	305
1871.4	336
1871.6	319
1871.8	332
1872	343
1872.2	354
1872.4	352
1872.6	340
1872.8	338
1873	337
1873.2	345
1873.4	347
1873.6	340
1873.8	335
1874	333
1874.2	346
1874.4	343
1874.6	346
1874.8	361
1875	357
1875.2	361
1875.4	369
1875.6	369
1875.8	355
1876	342
1876.2	352
1876.4	354
1876.6	358
1876.8	360
1877	359
1877.2	359
1877.4	365
1877.6	375
1877.8	377
1878	393
1878.2	396
1878.4	385
1878.6	394
1878.8	389
1879	388
1879.2	392
1879.4	392
1879.6	396
1879.8	400
1880	409
1880.2	413
1880.4	417
1880.6	438
1880.8	439
1881	444
1881.2	436
1881.4	435
1881.6	443
1881.8	452
1882	457
1882.2	459
1882.4	448
1882.6	459
1882.8	462
1883	460
1883.2	448
1883.4	430
1883.6	431
1883.8	428
1884	413
1884.2	416
1884.4	390
1884.6	383
1884.8	371
1885	371
1885.2	376
1885.4	376
1885.6	357
1885.8	335
1886	324
1886.2	311
1886.4	309
1886.6	296
1886.8	277
1887	274
1887.2	275
1887.4	272
1887.6	273
1887.8	265
1888	258
1888.2	248
1888.4	245
1888.6	240
1888.8	247
1889	231
1889.2	211
1889.4	210
1889.6	202
1889.8	209
1890	203
1890.2	204
1890.4	196
1890.6	187
1890.8	198
1891	195
1891.2	182
1891.4	188
1891.6	180
1891.8	179
1892	175
1892.2	169
1892.4	159
1892.6	159
1892.8	160
1893	156
1893.2	150
1893.4	157
1893.6	148
1893.8	153
1894	154
1894.2	146
1894.4	141
1894.6	137
1894.8	124
1895	123
1895.2	132
1895.4	132
1895.6	129
1895.8	126
1896	132
1896.2	139
1896.4	131
1896.6	122
1896.8	116
1897	115
1897.2	125
1897.4	135
1897.6	128
1897.8	117
1898	133
1898.2	144
1898.4	138
1898.6	138
1898.8	134
1899	122
1899.2	131
1899.4	133
1899.6	118
1899.8	118
1900	113
1900.2	112
1900.4	115
1900.6	122
1900.8	123
1901	126
1901.2	130
1901.4	126
1901.6	120
1901.8	115
1902	116
1902.2	101
1902.4	95
1902.6	97
1902.8	106
1903	100
1903.2	104
1903.4	112
1903.6	121
1903.8	117
1904	118
1904.2	115
1904.4	106
1904.6	103
1904.8	105
1905	116
1905.2	125
1905.4	112
1905.6	102
1905.8	102
1906	105
1906.2	104
1906.4	98
1906.6	107
1906.8	111
1907	123
1907.2	124
1907.4	111
1907.6	108
1907.8	113
1908	126
1908.2	108
1908.4	108
1908.6	84
1908.8	98
1909	98
1909.2	98
1909.4	102
1909.6	86
1909.8	81
1910	92
1910.2	92
1910.4	107
1910.6	108
1910.8	101
1911	104
1911.2	101
1911.4	106
1911.6	112
1911.8	116
1912	122
1912.2	125
1912.4	130
1912.6	128
1912.8	130
1913	121
1913.2	122
1913.4	126
1913.6	125
1913.8	117
1914	110
1914.2	108
1914.4	106
1914.6	109
1914.8	123
1915	120
1915.2	124
1915.4	120
1915.6	107
1915.8	114
1916	113
1916.2	112
1916.4	102
1916.6	99
1916.8	106
1917	113
1917.2	113
1917.4	114
1917.6	106
1917.8	111
1918	132
1918.2	130
1918.4	138
1918.6	131
1918.8	135
1919	134
1919.2	140
1919.4	128
1919.6	139
1919.8	130
1920	111
1920.2	118
1920.4	133
1920.6	132
1920.8	126
1921	113
1921.2	122
1921.4	133
1921.6	125
1921.8	125
1922	133
1922.2	139
1922.4	127
1922.6	119
1922.8	109
1923	100
1923.2	105
1923.4	111
1923.6	118
1923.8	117
1924	109
1924.2	121
1924.4	132
1924.6	131
1924.8	127
1925	130
1925.2	121
1925.4	117
1925.6	116
1925.8	116
1926	114
1926.2	113
1926.4	118
1926.6	118
1926.8	124
1927	116
1927.2	114
1927.4	114
1927.6	123
1927.8	129
1928	135
1928.2	137
1928.4	135
1928.6	136
1928.8	137
1929	142
1929.2	148
1929.4	142
1929.6	132
1929.8	130
1930	131
1930.2	123
1930.4	103
1930.6	109
1930.8	106
1931	112
1931.2	112
1931.4	111
1931.6	112
1931.8	116
1932	126
1932.2	125
1932.4	130
1932.6	129
1932.8	120
1933	124
1933.2	122
1933.4	129
1933.6	123
1933.8	116
1934	131
1934.2	136
1934.4	150
1934.6	143
1934.8	136
1935	140
1935.2	133
1935.4	123
1935.6	122
1935.8	115
1936	112
1936.2	114
1936.4	121
1936.6	132
1936.8	135
1937	142
1937.2	139
1937.4	146
1937.6	144
1937.8	139
1938	137
1938.2	129
1938.4	133
1938.6	134
1938.8	140
1939	146
1939.2	148
1939.4	148
1939.6	152
1939.8	162
1940	164
1940.2	147
1940.4	136
1940.6	134
1940.8	131
1941	128
1941.2	128
1941.4	122
1941.6	118
1941.8	131
1942	145
1942.2	144
1942.4	145
1942.6	137
1942.8	142
1943	147
1943.2	144
1943.4	139
1943.6	128
1943.8	128
1944	125
1944.2	129
1944.4	131
1944.6	129
1944.8	129
1945	137
1945.2	145
1945.4	137
1945.6	132
1945.8	131
1946	116
1946.2	110
1946.4	116
1946.6	106
1946.8	114
1947	110
1947.2	117
1947.4	115
1947.6	131
1947.8	130
1948	126
1948.2	124
1948.4	123
1948.6	122
1948.8	121
1949	110
1949.2	111
1949.4	109
1949.6	115
1949.8	125
1950	124
