# Optical absorption spectrum of Program fragment delivered error ``Can't call method "sample_" on an undefined value at abs.template line 1.'':YAG (Tm:Y3Al5O12)
# assuming unity concentration per meter.  This data was part of the NASA 
# Laser Spectra Database found on the web until December of 2005 which
# was created by Pat Cross working at NASA Langley Research Center, Internal
# Operations Group, Aerospace Electronics Systems Division, Remote Sensing.
#
# The spectra was collected by EAM on 24 October 1988 and was 
# annotated on 26 October 1988.  The sample name was "" was a 10.000
# long piece of :.   
# The incident light had unknown polarization.
#
# Spectra were recorded from 1820 to 2200nm
# every 0.2nm at room temperature.
#
# FILE NAME ON PE-3600 = 004CR373.SP ON PC = 004CR373.SP NO_POINTS = 1901. pts DATA_INTV = .000200 æm MIN_LAMBDA = 1.820000 æm MIN_DATA = .000100 MAX_LAMBDA = 2.200000 æm MAX_DATA = 518.790 SCANSPEED = .03000000 æm/min SLITWIDTH= .00015 æmITA = 0. RESP = .500 sec ISMS = 0. DATE=88/10/24 INST = 509. ? = 0. TM (2%) IN YAG HUTCHINSON 3-7 10MM SAMPLE ID IS CR307. THE NIR SENSITIVITY ON THE PE-3600 WAS SET ON 5.
#
##Wavelength (nm)	Absorbance (/meter) 
1820	347
1820.2	310
1820.4	311
1820.6	309
1820.8	377
1821	349
1821.2	336
1821.4	333
1821.6	310
1821.8	341
1822	340
1822.2	355
1822.4	329
1822.6	330
1822.8	347
1823	349
1823.2	348
1823.4	337
1823.6	331
1823.8	326
1824	322
1824.2	320
1824.4	328
1824.6	311
1824.8	320
1825	309
1825.2	344
1825.4	334
1825.6	325
1825.8	314
1826	323
1826.2	327
1826.4	355
1826.6	352
1826.8	358
1827	371
1827.2	391
1827.4	407
1827.6	364
1827.8	358
1828	364
1828.2	364
1828.4	376
1828.6	366
1828.8	379
1829	364
1829.2	357
1829.4	365
1829.6	381
1829.8	353
1830	352
1830.2	339
1830.4	339
1830.6	372
1830.8	386
1831	363
1831.2	359
1831.4	346
1831.6	392
1831.8	411
1832	382
1832.2	391
1832.4	365
1832.6	371
1832.8	371
1833	389
1833.2	389
1833.4	371
1833.6	378
1833.8	379
1834	381
1834.2	375
1834.4	332
1834.6	360
1834.8	357
1835	346
1835.2	356
1835.4	341
1835.6	363
1835.8	323
1836	336
1836.2	326
1836.4	308
1836.6	346
1836.8	376
1837	345
1837.2	366
1837.4	356
1837.6	339
1837.8	345
1838	356
1838.2	365
1838.4	369
1838.6	374
1838.8	323
1839	319
1839.2	341
1839.4	329
1839.6	336
1839.8	309
1840	314
1840.2	332
1840.4	306
1840.6	328
1840.8	299
1841	278
1841.2	280
1841.4	288
1841.6	312
1841.8	284
1842	329
1842.2	316
1842.4	306
1842.6	320
1842.8	308
1843	282
1843.2	285
1843.4	279
1843.6	296
1843.8	297
1844	280
1844.2	271
1844.4	281
1844.6	275
1844.8	272
1845	274
1845.2	260
1845.4	269
1845.6	251
1845.8	268
1846	258
1846.2	247
1846.4	261
1846.6	257
1846.8	257
1847	266
1847.2	252
1847.4	256
1847.6	268
1847.8	245
1848	246
1848.2	236
1848.4	258
1848.6	282
1848.8	267
1849	249
1849.2	278
1849.4	250
1849.6	251
1849.8	257
1850	244
1850.2	257
1850.4	253
1850.6	257
1850.8	239
1851	256
1851.2	244
1851.4	250
1851.6	250
1851.8	243
1852	233
1852.2	238
1852.4	245
1852.6	246
1852.8	222
1853	219
1853.2	234
1853.4	236
1853.6	242
1853.8	221
1854	233
1854.2	237
1854.4	249
1854.6	247
1854.8	241
1855	237
1855.2	224
1855.4	237
1855.6	237
1855.8	232
1856	235
1856.2	222
1856.4	221
1856.6	215
1856.8	240
1857	232
1857.2	239
1857.4	240
1857.6	221
1857.8	214
1858	227
1858.2	242
1858.4	210
1858.6	191
1858.8	229
1859	217
1859.2	216
1859.4	193
1859.6	222
1859.8	246
1860	214
1860.2	240
1860.4	247
1860.6	206
1860.8	213
1861	226
1861.2	230
1861.4	226
1861.6	232
1861.8	224
1862	223
1862.2	232
1862.4	216
1862.6	228
1862.8	230
1863	222
1863.2	230
1863.4	218
1863.6	216
1863.8	217
1864	198
1864.2	207
1864.4	222
1864.6	218
1864.8	224
1865	228
1865.2	225
1865.4	224
1865.6	221
1865.8	224
1866	261
1866.2	248
1866.4	269
1866.6	248
1866.8	268
1867	233
1867.2	260
1867.4	242
1867.6	257
1867.8	248
1868	271
1868.2	255
1868.4	279
1868.6	290
1868.8	254
1869	270
1869.2	272
1869.4	245
1869.6	269
1869.8	271
1870	278
1870.2	291
1870.4	311
1870.6	312
1870.8	282
1871	306
1871.2	353
1871.4	388
1871.6	384
1871.8	380
1872	416
1872.2	338
1872.4	385
1872.6	383
1872.8	367
1873	367
1873.2	370
1873.4	415
1873.6	424
1873.8	396
1874	403
1874.2	380
1874.4	362
1874.6	369
1874.8	376
1875	393
1875.2	356
1875.4	379
1875.6	371
1875.8	402
1876	410
1876.2	375
1876.4	384
1876.6	404
1876.8	387
1877	409
1877.2	454
1877.4	427
1877.6	445
1877.8	446
1878	448
1878.2	433
1878.4	449
1878.6	422
1878.8	432
1879	430
1879.2	452
1879.4	459
1879.6	436
1879.8	444
1880	449
1880.2	464
1880.4	475
1880.6	470
1880.8	454
1881	473
1881.2	507
1881.4	512
1881.6	513
1881.8	512
1882	467
1882.2	501
1882.4	518
1882.6	503
1882.8	508
1883	481
1883.2	480
1883.4	473
1883.6	469
1883.8	436
1884	440
1884.2	439
1884.4	432
1884.6	449
1884.8	421
1885	387
1885.2	363
1885.4	354
1885.6	379
1885.8	363
1886	325
1886.2	347
1886.4	329
1886.6	322
1886.8	329
1887	318
1887.2	316
1887.4	306
1887.6	302
1887.8	286
1888	294
1888.2	275
1888.4	249
1888.6	257
1888.8	252
1889	262
1889.2	238
1889.4	216
1889.6	216
1889.8	213
1890	197
1890.2	230
1890.4	193
1890.6	204
1890.8	216
1891	205
1891.2	197
1891.4	187
1891.6	178
1891.8	159
1892	170
1892.2	209
1892.4	182
1892.6	182
1892.8	172
1893	168
1893.2	196
1893.4	175
1893.6	172
1893.8	181
1894	187
1894.2	198
1894.4	197
1894.6	186
1894.8	148
1895	159
1895.2	144
1895.4	166
1895.6	177
1895.8	171
1896	156
1896.2	159
1896.4	171
1896.6	176
1896.8	152
1897	173
1897.2	144
1897.4	154
1897.6	159
1897.8	156
1898	163
1898.2	150
1898.4	142
1898.6	145
1898.8	172
1899	170
1899.2	116
1899.4	142
1899.6	136
1899.8	151
1900	172
1900.2	139
1900.4	132
1900.6	117
1900.8	132
1901	136
1901.2	117
1901.4	120
1901.6	112
1901.8	134
1902	138
1902.2	141
1902.4	128
1902.6	116
1902.8	99
1903	137
1903.2	129
1903.4	157
1903.6	123
1903.8	112
1904	149
1904.2	144
1904.4	141
1904.6	130
1904.8	111
1905	113
1905.2	139
1905.4	164
1905.6	141
1905.8	151
1906	137
1906.2	144
1906.4	138
1906.6	106
1906.8	121
1907	109
1907.2	136
1907.4	166
1907.6	140
1907.8	125
1908	100
1908.2	124
1908.4	124
1908.6	154
1908.8	135
1909	106
1909.2	134
1909.4	117
1909.6	139
1909.8	147
1910	111
1910.2	116
1910.4	115
1910.6	133
1910.8	149
1911	140
1911.2	136
1911.4	113
1911.6	122
1911.8	134
1912	148
1912.2	164
1912.4	117
1912.6	123
1912.8	136
1913	127
1913.2	129
1913.4	95
1913.6	113
1913.8	138
1914	146
1914.2	153
1914.4	120
1914.6	101
1914.8	114
1915	140
1915.2	161
1915.4	123
1915.6	139
1915.8	118
1916	143
1916.2	163
1916.4	146
1916.6	157
1916.8	142
1917	151
1917.2	175
1917.4	155
1917.6	157
1917.8	131
1918	138
1918.2	141
1918.4	145
1918.6	147
1918.8	98
1919	133
1919.2	125
1919.4	125
1919.6	144
1919.8	133
1920	124
1920.2	108
1920.4	121
1920.6	141
1920.8	139
1921	143
1921.2	138
1921.4	158
1921.6	165
1921.8	153
1922	144
1922.2	134
1922.4	136
1922.6	130
1922.8	150
1923	147
1923.2	121
1923.4	120
1923.6	130
1923.8	123
1924	146
1924.2	122
1924.4	102
1924.6	114
1924.8	126
1925	120
1925.2	117
1925.4	128
1925.6	110
1925.8	137
1926	163
1926.2	148
1926.4	151
1926.6	145
1926.8	132
1927	170
1927.2	172
1927.4	161
1927.6	136
1927.8	158
1928	171
1928.2	154
1928.4	169
1928.6	137
1928.8	136
1929	135
1929.2	153
1929.4	146
1929.6	128
1929.8	121
1930	113
1930.2	120
1930.4	159
1930.6	139
1930.8	130
1931	116
1931.2	152
1931.4	152
1931.6	162
1931.8	162
1932	138
1932.2	152
1932.4	155
1932.6	151
1932.8	153
1933	148
1933.2	139
1933.4	157
1933.6	160
1933.8	156
1934	157
1934.2	144
1934.4	130
1934.6	157
1934.8	164
1935	131
1935.2	121
1935.4	112
1935.6	127
1935.8	173
1936	148
1936.2	168
1936.4	144
1936.6	137
1936.8	192
1937	176
1937.2	174
1937.4	145
1937.6	160
1937.8	168
1938	164
1938.2	196
1938.4	151
1938.6	184
1938.8	167
1939	177
1939.2	178
1939.4	167
1939.6	152
1939.8	149
1940	175
1940.2	163
1940.4	134
1940.6	147
1940.8	131
1941	152
1941.2	162
1941.4	161
1941.6	163
1941.8	146
1942	159
1942.2	159
1942.4	169
1942.6	193
1942.8	155
1943	159
1943.2	164
1943.4	151
1943.6	175
1943.8	155
1944	153
1944.2	166
1944.4	153
1944.6	180
1944.8	144
1945	157
1945.2	150
1945.4	140
1945.6	167
1945.8	145
1946	153
1946.2	141
1946.4	139
1946.6	175
1946.8	155
1947	168
1947.2	148
1947.4	159
1947.6	160
1947.8	176
1948	178
1948.2	133
1948.4	169
1948.6	156
1948.8	166
1949	186
1949.2	153
1949.4	139
1949.6	134
1949.8	144
1950	172
1950.2	162
1950.4	154
1950.6	131
1950.8	145
1951	154
1951.2	157
1951.4	163
1951.6	132
1951.8	154
1952	149
1952.2	151
1952.4	162
1952.6	127
1952.8	134
1953	152
1953.2	166
1953.4	159
1953.6	140
1953.8	149
1954	153
1954.2	153
1954.4	146
1954.6	148
1954.8	148
1955	129
1955.2	138
1955.4	155
1955.6	146
1955.8	152
1956	144
1956.2	132
1956.4	151
1956.6	155
1956.8	157
1957	135
1957.2	147
1957.4	142
1957.6	150
1957.8	165
1958	139
1958.2	152
1958.4	128
1958.6	145
1958.8	162
1959	133
1959.2	156
1959.4	130
1959.6	141
1959.8	170
1960	142
1960.2	157
1960.4	146
1960.6	147
1960.8	156
1961	160
1961.2	168
1961.4	136
1961.6	164
1961.8	141
1962	159
1962.2	151
1962.4	140
1962.6	142
1962.8	145
1963	152
1963.2	143
1963.4	136
1963.6	134
1963.8	135
1964	141
1964.2	149
1964.4	141
1964.6	123
1964.8	119
1965	144
1965.2	140
1965.4	131
1965.6	161
1965.8	147
1966	140
1966.2	144
1966.4	140
1966.6	155
1966.8	132
1967	135
1967.2	133
1967.4	142
1967.6	153
1967.8	121
1968	125
1968.2	114
1968.4	130
1968.6	138
1968.8	105
1969	120
1969.2	113
1969.4	89
1969.6	122
1969.8	97
1970	121
1970.2	76
1970.4	116
1970.6	124
1970.8	116
1971	123
1971.2	93
1971.4	130
1971.6	124
1971.8	126
1972	141
1972.2	119
1972.4	118
1972.6	132
1972.8	128
1973	120
1973.2	120
1973.4	97
1973.6	98
1973.8	108
1974	110
1974.2	97
1974.4	101
1974.6	74
1974.8	88
1975	94
1975.2	96
1975.4	99
1975.6	94
1975.8	106
1976	115
1976.2	102
1976.4	119
1976.6	101
1976.8	119
1977	118
1977.2	112
1977.4	110
1977.6	91
1977.8	99
1978	98
1978.2	109
1978.4	98
1978.6	92
1978.8	92
1979	78
1979.2	87
1979.4	90
1979.6	69
1979.8	78
1980	74
1980.2	67
1980.4	74
1980.6	87
1980.8	88
1981	80
1981.2	96
1981.4	79
1981.6	93
1981.8	97
1982	87
1982.2	112
1982.4	101
1982.6	103
1982.8	111
1983	112
1983.2	107
1983.4	96
1983.6	103
1983.8	105
1984	93
1984.2	102
1984.4	83
1984.6	99
1984.8	89
1985	74
1985.2	100
1985.4	83
1985.6	87
1985.8	87
1986	84
1986.2	106
1986.4	92
1986.6	96
1986.8	89
1987	75
1987.2	109
1987.4	93
1987.6	93
1987.8	107
1988	96
1988.2	111
1988.4	96
1988.6	105
1988.8	98
1989	93
1989.2	88
1989.4	75
1989.6	86
1989.8	71
1990	84
1990.2	83
1990.4	72
1990.6	75
1990.8	68
1991	87
1991.2	81
1991.4	59
1991.6	72
1991.8	77
1992	105
1992.2	95
1992.4	99
1992.6	108
1992.8	103
1993	105
1993.2	90
1993.4	94
1993.6	93
1993.8	96
1994	118
1994.2	100
1994.4	104
1994.6	83
1994.8	86
1995	93
1995.2	76
1995.4	91
1995.6	91
1995.8	79
1996	97
1996.2	87
1996.4	97
1996.6	92
1996.8	88
1997	100
1997.2	83
1997.4	104
1997.6	92
1997.8	93
1998	108
1998.2	97
1998.4	109
1998.6	96
1998.8	101
1999	93
1999.2	83
1999.4	96
1999.6	78
1999.8	105
2000	93
2000.2	73
2000.4	75
2000.6	68
2000.8	91
2001	87
2001.2	66
2001.4	85
2001.6	73
2001.8	102
2002	85
2002.2	86
2002.4	99
2002.6	85
2002.8	109
2003	112
2003.2	112
2003.4	92
2003.6	92
2003.8	106
2004	109
2004.2	119
2004.4	123
2004.6	96
2004.8	113
2005	113
2005.2	121
2005.4	109
2005.6	94
2005.8	119
2006	109
2006.2	116
2006.4	102
2006.6	122
2006.8	131
2007	119
2007.2	131
2007.4	137
2007.6	134
2007.8	141
2008	124
2008.2	150
2008.4	143
2008.6	128
2008.8	134
2009	123
2009.2	137
2009.4	125
2009.6	145
2009.8	139
2010	121
2010.2	124
2010.4	127
2010.6	145
2010.8	127
2011	140
2011.2	159
2011.4	127
2011.6	142
2011.8	140
2012	122
2012.2	131
2012.4	120
2012.6	147
2012.8	126
2013	134
2013.2	129
2013.4	103
2013.6	154
2013.8	131
2014	133
2014.2	131
2014.4	115
2014.6	138
2014.8	118
2015	147
2015.2	139
2015.4	128
2015.6	155
2015.8	127
2016	155
2016.2	142
2016.4	136
2016.6	137
2016.8	140
2017	148
2017.2	137
2017.4	137
2017.6	127
2017.8	111
2018	159
2018.2	134
2018.4	127
2018.6	119
2018.8	112
2019	127
2019.2	120
2019.4	113
2019.6	109
2019.8	100
2020	115
2020.2	103
2020.4	118
2020.6	116
2020.8	88
2021	107
2021.2	113
2021.4	134
2021.6	109
2021.8	98
2022	98
2022.2	102
2022.4	141
2022.6	114
2022.8	110
2023	101
2023.2	110
2023.4	96
2023.6	105
2023.8	90
2024	88
2024.2	67
2024.4	82
2024.6	74
2024.8	89
2025	80
2025.2	67
2025.4	100
2025.6	92
2025.8	100
2026	89
2026.2	85
2026.4	94
2026.6	89
2026.8	110
2027	104
2027.2	93
2027.4	114
2027.6	83
2027.8	126
2028	114
2028.2	110
2028.4	96
2028.6	85
2028.8	96
2029	93
2029.2	91
2029.4	77
2029.6	73
2029.8	80
2030	80
2030.2	83
2030.4	69
2030.6	53
2030.8	78
2031	60
2031.2	89
2031.4	88
2031.6	63
2031.8	64
2032	66
2032.2	98
2032.4	102
2032.6	79
2032.8	82
2033	65
2033.2	111
2033.4	91
2033.6	83
2033.8	74
2034	61
2034.2	76
2034.4	66
2034.6	89
2034.8	71
2035	51
2035.2	78
2035.4	55
2035.6	70
2035.8	60
2036	38
2036.2	57
2036.4	47
2036.6	82
2036.8	70
2037	69
2037.2	66
2037.4	63
2037.6	102
2037.8	81
2038	81
2038.2	85
2038.4	62
2038.6	83
2038.8	84
2039	87
2039.2	59
2039.4	54
2039.6	60
2039.8	57
2040	65
2040.2	59
2040.4	36
2040.6	61
2040.8	56
2041	63
2041.2	54
2041.4	51
2041.6	56
2041.8	62
2042	91
2042.2	72
2042.4	54
2042.6	59
2042.8	55
2043	73
2043.2	72
2043.4	76
2043.6	56
2043.8	40
2044	87
2044.2	62
2044.4	78
2044.6	82
2044.8	65
2045	68
2045.2	62
2045.4	61
2045.6	46
2045.8	37
2046	43
2046.2	49
2046.4	63
2046.6	68
2046.8	44
2047	50
2047.2	45
2047.4	64
2047.6	80
2047.8	60
2048	62
2048.2	52
2048.4	74
2048.6	78
2048.8	64
2049	76
2049.2	53
2049.4	66
2049.6	74
2049.8	55
2050	47
2050.2	42
2050.4	55
2050.6	64
2050.8	79
2051	52
2051.2	45
2051.4	35
2051.6	36
2051.8	62
2052	57
2052.2	59
2052.4	47
2052.6	31
2052.8	53
2053	61
2053.2	52
2053.4	44
2053.6	39
2053.8	52
2054	65
2054.2	70
2054.4	62
2054.6	49
2054.8	68
2055	40
2055.2	65
2055.4	56
2055.6	41
2055.8	50
2056	56
2056.2	69
2056.4	60
2056.6	42
2056.8	52
2057	26
2057.2	53
2057.4	70
2057.6	48
2057.8	57
2058	44
2058.2	58
2058.4	77
2058.6	62
2058.8	51
2059	43
2059.2	65
2059.4	63
2059.6	78
2059.8	66
2060	45
2060.2	51
2060.4	60
2060.6	76
2060.8	57
2061	47
2061.2	45
2061.4	43
2061.6	81
2061.8	71
2062	39
2062.2	42
2062.4	43
2062.6	79
2062.8	67
2063	57
2063.2	36
2063.4	26
2063.6	65
2063.8	50
2064	80
2064.2	38
2064.4	30
2064.6	43
2064.8	50
2065	58
2065.2	63
2065.4	52
2065.6	45
2065.8	40
2066	68
2066.2	86
2066.4	64
2066.6	52
2066.8	37
2067	49
2067.2	65
2067.4	67
2067.6	47
2067.8	44
2068	60
2068.2	62
2068.4	62
2068.6	52
2068.8	18
2069	26
2069.2	51
2069.4	75
2069.6	25
2069.8	34
2070	41
2070.2	44
2070.4	58
2070.6	56
2070.8	32
2071	54
2071.2	34
2071.4	54
2071.6	59
2071.8	58
2072	47
2072.2	38
2072.4	61
2072.6	46
2072.8	70
2073	70
2073.2	49
2073.4	59
2073.6	64
2073.8	63
2074	41
2074.2	42
2074.4	25
2074.6	52
2074.8	59
2075	59
2075.2	29
2075.4	42
2075.6	47
2075.8	59
2076	51
2076.2	45
2076.4	40
2076.6	45
2076.8	55
2077	57
2077.2	45
2077.4	51
2077.6	49
2077.8	65
2078	67
2078.2	71
2078.4	51
2078.6	23
2078.8	56
2079	72
2079.2	47
2079.4	47
2079.6	25
2079.8	32
2080	26
2080.2	52
2080.4	32
2080.6	18
2080.8	15
2081	18
2081.2	50
2081.4	48
2081.6	33
2081.8	40
2082	26
2082.2	55
2082.4	63
2082.6	50
2082.8	54
2083	41
2083.2	46
2083.4	66
2083.6	71
2083.8	34
2084	47
2084.2	51
2084.4	37
2084.6	55
2084.8	39
2085	27
2085.2	29
2085.4	21
2085.6	43
2085.8	49
2086	37
2086.2	20
2086.4	30
2086.6	39
2086.8	60
2087	51
2087.2	42
2087.4	33
2087.6	52
2087.8	57
2088	60
2088.2	54
2088.4	38
2088.6	55
2088.8	57
2089	62
2089.2	47
2089.4	32
2089.6	29
2089.8	20
2090	52
2090.2	38
2090.4	20
2090.6	7
2090.8	17
2091	34
2091.2	22
2091.4	18
2091.6	17
2091.8	5
2092	47
2092.2	57
2092.4	41
2092.6	32
2092.8	26
2093	31
2093.2	40
2093.4	61
2093.6	41
2093.8	34
2094	37
2094.2	41
2094.4	67
2094.6	64
2094.8	39
2095	38
2095.2	37
2095.4	49
2095.6	35
2095.8	40
2096	8
2096.2	20
2096.4	42
2096.6	35
2096.8	47
2097	30
2097.2	14
2097.4	23
2097.6	61
2097.8	52
2098	44
2098.2	24
2098.4	38
2098.6	49
2098.8	50
2099	57
2099.2	43
2099.4	19
2099.6	40
2099.8	39
2100	52
2100.2	21
2100.4	28
2100.6	28
2100.8	31
2101	33
2101.2	34
2101.4	24
2101.6	1
2101.8	21
2102	15
2102.2	34
2102.4	20
2102.6	1
2102.8	21
2103	27
2103.2	56
2103.4	24
2103.6	22
2103.8	28
2104	25
2104.2	62
2104.4	58
2104.6	48
2104.8	25
2105	36
2105.2	57
2105.4	54
2105.6	46
2105.8	14
2106	31
2106.2	50
2106.4	40
2106.6	42
2106.8	38
2107	18
2107.2	37
2107.4	34
2107.6	45
2107.8	30
2108	30
2108.2	19
2108.4	34
2108.6	45
2108.8	51
2109	45
2109.2	27
2109.4	21
2109.6	32
2109.8	51
2110	36
2110.2	35
2110.4	54
2110.6	42
2110.8	37
2111	40
2111.2	43
2111.4	20
2111.6	36
2111.8	44
2112	41
2112.2	38
2112.4	21
2112.6	28
2112.8	36
2113	47
2113.2	20
2113.4	29
2113.6	37
2113.8	29
2114	42
2114.2	27
2114.4	23
2114.6	24
2114.8	21
2115	46
2115.2	46
2115.4	41
2115.6	38
2115.8	45
2116	54
2116.2	47
2116.4	72
2116.6	41
2116.8	55
2117	41
2117.2	57
2117.4	49
2117.6	43
2117.8	34
2118	41
2118.2	39
2118.4	48
2118.6	54
2118.8	42
2119	42
2119.2	53
2119.4	43
2119.6	56
2119.8	33
2120	31
2120.2	23
2120.4	45
2120.6	43
2120.8	33
2121	29
2121.2	19
2121.4	24
2121.6	32
2121.8	26
2122	33
2122.2	40
2122.4	43
2122.6	53
2122.8	60
2123	49
2123.2	27
2123.4	50
2123.6	39
2123.8	43
2124	37
2124.2	24
2124.4	27
2124.6	15
2124.8	20
2125	20
2125.2	40
2125.4	23
2125.6	36
2125.8	36
2126	35
2126.2	45
2126.4	29
2126.6	20
2126.8	26
2127	26
2127.2	57
2127.4	29
2127.6	21
2127.8	35
2128	38
2128.2	48
2128.4	49
2128.6	56
2128.8	31
2129	50
2129.2	64
2129.4	50
2129.6	67
2129.8	43
2130	32
2130.2	39
2130.4	38
2130.6	29
2130.8	18
2131	1
2131.2	23
2131.4	31
2131.6	28
2131.8	34
2132	18
2132.2	30
2132.4	37
2132.6	36
2132.8	33
2133	23
2133.2	35
2133.4	29
2133.6	35
2133.8	38
2134	32
2134.2	42
2134.4	20
2134.6	38
2134.8	25
2135	23
2135.2	28
2135.4	29
2135.6	31
2135.8	43
2136	24
2136.2	6
2136.4	4
2136.6	28
2136.8	16
2137	35
2137.2	27
2137.4	35
2137.6	37
2137.8	31
2138	61
2138.2	57
2138.4	58
2138.6	44
2138.8	42
2139	49
2139.2	68
2139.4	58
2139.6	29
2139.8	30
2140	46
2140.2	40
2140.4	29
2140.6	37
2140.8	22
2141	18
2141.2	41
2141.4	41
2141.6	30
2141.8	15
2142	17
2142.2	16
2142.4	31
2142.6	37
2142.8	41
2143	34
2143.2	32
2143.4	42
2143.6	41
2143.8	42
2144	38
2144.2	45
2144.4	35
2144.6	52
2144.8	41
2145	33
2145.2	29
2145.4	55
2145.6	41
2145.8	25
2146	9
2146.2	12
2146.4	26
2146.6	21
2146.8	20
2147	10
2147.2	2
2147.4	20
2147.6	31
2147.8	43
2148	41
2148.2	27
2148.4	35
2148.6	31
2148.8	49
2149	46
2149.2	58
2149.4	51
2149.6	57
2149.8	46
2150	51
2150.2	51
2150.4	48
2150.6	34
2150.8	34
2151	46
2151.2	32
2151.4	41
2151.6	27
2151.8	20
2152	40
2152.2	16
2152.4	29
2152.6	26
2152.8	14
2153	19
2153.2	28
2153.4	26
2153.6	27
2153.8	36
2154	30
2154.2	24
2154.4	36
2154.6	41
2154.8	44
2155	34
2155.2	42
2155.4	46
2155.6	54
2155.8	35
2156	29
2156.2	34
2156.4	33
2156.6	27
2156.8	27
2157	21
2157.2	20
2157.4	27
2157.6	24
2157.8	42
2158	24
2158.2	16
2158.4	27
2158.6	21
2158.8	36
2159	34
2159.2	38
2159.4	44
2159.6	34
2159.8	56
2160	55
2160.2	38
2160.4	30
2160.6	44
2160.8	53
2161	54
2161.2	62
2161.4	46
2161.6	39
2161.8	47
2162	59
2162.2	42
2162.4	28
2162.6	28
2162.8	22
2163	25
2163.2	48
2163.4	36
2163.6	44
2163.8	42
2164	42
2164.2	35
2164.4	49
2164.6	51
2164.8	40
2165	36
2165.2	45
2165.4	49
2165.6	52
2165.8	28
2166	35
2166.2	44
2166.4	52
2166.6	39
2166.8	28
2167	36
2167.2	22
2167.4	26
2167.6	38
2167.8	42
2168	40
2168.2	45
2168.4	35
2168.6	42
2168.8	44
2169	24
2169.2	32
2169.4	32
2169.6	31
2169.8	39
2170	36
2170.2	39
2170.4	42
2170.6	48
2170.8	43
2171	46
2171.2	36
2171.4	49
2171.6	43
2171.8	36
2172	53
2172.2	35
2172.4	32
2172.6	55
2172.8	43
2173	41
2173.2	32
2173.4	32
2173.6	41
2173.8	47
2174	44
2174.2	35
2174.4	48
2174.6	37
2174.8	43
2175	50
2175.2	45
2175.4	31
2175.6	35
2175.8	44
2176	34
2176.2	25
2176.4	35
2176.6	34
2176.8	31
2177	28
2177.2	32
2177.4	50
2177.6	36
2177.8	47
2178	40
2178.2	45
2178.4	57
2178.6	29
2178.8	53
2179	75
2179.2	57
2179.4	43
2179.6	51
2179.8	46
2180	29
2180.2	41
2180.4	26
2180.6	27
2180.8	39
2181	28
2181.2	35
2181.4	33
2181.6	36
2181.8	24
2182	40
2182.2	31
2182.4	43
2182.6	31
2182.8	41
2183	47
2183.2	47
2183.4	51
2183.6	53
2183.8	52
2184	47
2184.2	54
2184.4	43
2184.6	31
2184.8	49
2185	51
2185.2	51
2185.4	38
2185.6	23
2185.8	38
2186	30
2186.2	32
2186.4	27
2186.6	27
2186.8	24
2187	33
2187.2	37
2187.4	35
2187.6	42
2187.8	36
2188	39
2188.2	47
2188.4	42
2188.6	36
2188.8	51
2189	40
2189.2	42
2189.4	47
2189.6	52
2189.8	43
2190	52
2190.2	48
2190.4	30
2190.6	47
2190.8	29
2191	23
2191.2	36
2191.4	31
2191.6	23
2191.8	26
2192	17
2192.2	24
2192.4	23
2192.6	9
2192.8	22
2193	20
2193.2	28
2193.4	22
2193.6	40
2193.8	31
2194	43
2194.2	47
2194.4	42
2194.6	45
2194.8	42
2195	43
2195.2	60
2195.4	45
2195.6	56
2195.8	27
2196	50
2196.2	48
2196.4	28
2196.6	28
2196.8	25
2197	34
2197.2	31
2197.4	30
2197.6	28
2197.8	23
2198	36
2198.2	29
2198.4	31
2198.6	42
2198.8	39
2199	49
2199.2	31
2199.4	48
2199.6	53
2199.8	41
2200	50
