# Optical emission spectrum of Tm:Y3Al5O12 (Tm:Y3Al5O12)
# assuming unity concentration per meter.  This data was part of the NASA 
# Laser Spectra Database found on the web until December of 2005 which
# was created by Pat Cross working at NASA Langley Research Center, Internal
# Operations Group, Aerospace Electronics Systems Division, Remote Sensing.
#
# The spectra was collected by GA on 15 August 1994 and was 
# annotated on  6 April 1995.  The sample name was "" was a 9.990
# long piece of :.  
# The incident light was unpolarized.
#
# Spectra were recorded from 700.4nm to 900nm
# every 0.2nm at room temperature.  The
# excitation wavelength was unknown.
#
# SLIT WIDTH IS 500 MICRONS, RADIATIVE LIFETIME OF 1.7 MSEC WAS USED TO CALCULATE EMISSION CROSS-SECTION.
#
##Wavelength (nm)	Absorbance (/meter) 
700.4	0.00193422289884924
700.6	0.00191642412573322
700.8	0.00265638293108852
701	0.00471454797832803
701.2	0.002209868804012
701.4	0.000350512694219317
701.6	0.000755720234630368
701.8	0.00291295392468544
702	0.00109703129897461
702.2	0
702.4	0
702.6	0.000835870684637084
702.8	0.00194676039940895
703	0.00191241660323288
703.2	0
703.4	0.0015672547351453
703.6	0.00250906729951193
703.8	0.00285653517216675
704	0.00410670308512067
704.2	0.00444185734115434
704.4	0.00305512022567501
704.6	0.00288743115568889
704.8	0.00368109971790624
705	0.00202167196525321
705.2	0.00246249944029015
705.4	0.00224667532351229
705.6	0.0042723771996597
705.8	0.00494089464021851
706	0.00784534097523844
706.2	0.00732346751444051
706.4	0.00573523485425156
706.6	0.00741212555411275
706.8	0.00380087762503918
707	0.0090905834415439
707.2	0.0101891819280885
707.4	0.00987910267317423
707.6	0.00381274347378319
707.8	0.0025424260063583
708	0.0044116330094479
708.2	0.0069030134778131
708.4	0.0023321989880446
708.6	0.00434379617606233
708.8	0.00499664174092151
709	0.00505462768101016
709.2	0.00798437290108808
709.4	0.00602494067075628
709.6	0.00474880222092867
709.8	0.00603591098374603
710	0.00418595799937312
710.2	0.00481731070612994
710.4	0.00525030224331706
710.6	0.00527918327139211
710.8	0.00393744682756459
711	0.00405632919894327
711.2	0.00379998208928491
711.4	0.00448730578068329
711.6	0.00199905968745802
711.8	0.00329176554873953
712	0.00153347064881565
712.2	0.00608785205749339
712.4	0.00383625128733265
712.6	0.000893386468454753
712.8	4.20588366990552e-05
713	0.00369498052209734
713.2	0.00199158196390991
713.4	0
713.6	0.00279720592844669
713.8	0.00383625128733265
714	0.00263578560874043
714.2	0.00261585993820803
714.4	0.00428289974477231
714.6	0.000195352169435365
714.8	0
715	0.00114543500649263
715.2	0.00103154524694398
715.4	0.00401155241123002
715.6	0.00159532978104151
715.8	0.0027248914162898
716	0.00143525276496664
716.2	0
716.4	0.000653517216674876
716.6	0.00522970492096897
716.8	0.00156165763668114
717	0.000818071911521067
717.2	0.000415662920342095
717.4	0.000354990372990642
717.6	0
717.8	0
718	0
718.2	0.000396610397170107
718.4	0.00110455379931044
718.6	0
718.8	0
719	0.000931379572829445
719.2	0
719.4	0
719.6	0
719.8	0
720	7.46652935118435e-05
720.2	0
720.4	0
720.6	0
720.8	0
721	0.000511821071956298
721.2	0.00135774414543501
721.4	0.000131384050508217
721.6	0
721.8	0
722	0
722.2	0
722.4	0.00264809922536157
722.6	0
722.8	0.000204271705547844
723	0
723.2	0
723.4	0.00292190928222809
723.6	0.000182474365289034
723.8	0.000240272242869297
724	0.000671696592486455
724.2	0.00406752339587158
724.4	0.00322079434021403
724.6	0.00407625486947566
724.8	0.000714771862266601
725	0.00478753414230063
725.2	0.00198558187435633
725.4	0.00209407603098554
725.6	0.0030240003582143
725.8	0.0034498276093673
726	0.00261630770608517
726.2	0.000447163390498366
726.4	0.000490261048672368
726.6	0.00238033403483634
726.8	0
727	0.00251399274616039
727.2	0.0022771235391573
727.4	0.00543343930506425
727.6	0.00538328930282542
727.8	0.00383087807280706
728	9.75529485514709e-05
728.2	0.00132572874222003
728.4	0.00179559396408902
728.6	0.00174313795728294
728.8	0.00265503962745713
729	0.00589777459365065
729.2	0.00412058388931178
729.4	0.00267496529798952
729.6	0.00317848027582501
729.8	0.00670129404916491
730	0.00358281466887565
730.2	0.000978910132987059
730.4	0.00314803206018
730.6	0.00316034567680115
730.8	0
731	0.000706913536022926
731.2	0.000636725921282407
731.4	0
731.6	0.00192996910401648
731.8	0
732	0
732.2	0
732.4	0.00320422692876013
732.6	0.00495790981954955
732.8	0.0033119151032105
733	0.00116701741817042
733.2	0.00247324586934133
733.4	0.00261630770608517
733.6	0.000404200062687503
733.8	0.00339027448170868
734	0.0057627725786952
734.2	0.000770183137061747
734.4	0.000348161912864371
734.6	7.82295258138181e-06
734.8	0.00248645502171674
735	0.000863430797474589
735.2	0
735.4	0.00234272153315721
735.6	0
735.8	0.00441879729548202
736	0
736.2	0.000900147763399454
736.4	0.0023136166211436
736.6	0
736.8	0.00492052120180898
737	0.00139479693726772
737.2	0
737.4	0
737.6	0
737.8	0
738	0
738.2	0
738.4	0
738.6	0.00073156315765907
738.8	0
739	0
739.2	4.18707741906596e-05
739.4	0.00200369408498634
739.6	0
739.8	0
740	0
740.2	0.00114046478305646
740.4	0.00154260511350916
740.6	0.00210352393319303
740.8	0
741	0
741.2	0
741.4	0.000308780728070568
741.6	0.000337706532933327
741.8	0
742	0
742.2	0
742.4	0
742.6	0.00053223928715354
742.8	0
743	0
743.2	0
743.4	0.000848945506649353
743.6	0
743.8	0
744	0
744.2	0
744.4	0.000356311288228183
744.6	0
744.8	3.80983298258183e-05
745	0.00100734339318497
745.2	0.00321654054538127
745.4	0
745.6	0
745.8	0.000931379572829445
746	0
746.2	0
746.4	0.000986992343169301
746.6	0.00294071553306766
746.8	6.47091747638024e-05
747	0.0010049030582546
747.2	0.00384162450185824
747.4	0
747.6	0
747.8	0
748	0
748.2	0
748.4	0.00195206644875297
748.6	0
748.8	0
749	0
749.2	0
749.4	0.00206360542694667
749.6	0
749.8	0.00327049657457574
750	0.00265347243988716
750.2	0.000304817982357946
750.4	0
750.6	0
750.8	0.000135080374333945
751	0
751.2	0
751.4	0
751.6	0.00317400259705369
751.8	0.0022791384946044
752	0
752.2	0.000487261003895581
752.4	0.00309855370975686
752.6	0.000339631934804997
752.8	0
753	0.00195036493081986
753.2	0.00208015045000672
753.4	0.00101132852729145
753.6	0
753.8	0.000562866609949402
754	0.0027381005686652
754.2	0.00367639815519635
754.4	0.00413155420230153
754.6	0.00243742443917073
754.8	0.00468477141449872
755	0.00342967805489634
755.2	0
755.4	0
755.6	0.00117662203913491
755.8	0.00390565530828818
756	0.003987820713742
756.2	0
756.4	0.000558232212421081
756.6	0.00757645636502037
756.8	0.00351273899610442
757	0.00157258317288318
757.2	0.00716988313258407
757.4	0.00628173554829176
757.6	0.00865983074374244
757.8	0.00939282675860834
758	0.00721130166121882
758.2	0.00866386065463664
758.4	0.00916043523037657
758.6	0.00686607262794967
758.8	0.00792862580038508
759	0.0123606322482425
759.2	0.010613218107733
759.4	0.0100443290198361
759.6	0.0121777190704339
759.8	0.0148358930730309
760	0.0147848475350378
760.2	0.0139468499529844
760.4	0.0187305780683294
760.6	0.0186293825280974
760.8	0.0218154748578337
761	0.0210842699144763
761.2	0.0212741234943805
761.4	0.0272578695204406
761.6	0.0247011149420141
761.8	0.0302825415304706
762	0.0369251779877312
762.2	0.0354900819415215
762.4	0.0399811937491604
762.6	0.0408274750369408
762.8	0.0463730801952268
763	0.0467693547664891
763.2	0.0488022209286706
763.4	0.0509761339721488
763.6	0.052514216630099
763.8	0.0507679219092822
764	0.0571933909461335
764.2	0.0668405498589531
764.4	0.0658599382080329
764.6	0.0641718533112434
764.8	0.0657323243630502
765	0.0712555411274795
765.2	0.0675793668562217
765.4	0.0726749652979895
765.6	0.0726525769041329
765.8	0.0707831460171047
766	0.0757041149867908
766.2	0.0776608606098598
766.4	0.0682957954596337
766.6	0.0692876013074822
766.8	0.0731473604083643
767	0.0692405856803833
767.2	0.0696883535575158
767.4	0.0684972910043433
767.6	0.0761317333094524
767.8	0.0648770877177271
768	0.0615725607844893
768.2	0.0578247436528903
768.4	0.0610061344199167
768.6	0.0609837460260601
768.8	0.0595016343527515
769	0.0550373886177406
769.2	0.0548135046791743
769.4	0.0499955223212287
769.6	0.0528881028075046
769.8	0.0563650203734384
770	0.0533515425603367
770.2	0.0509044911118076
770.4	0.0521806295616352
770.6	0.0545493216316661
770.8	0.0489007298616397
771	0.0459857609815072
771.2	0.0455603814982313
771.4	0.0479313124076479
771.6	0.0466618904759772
771.8	0.0413625576501142
772	0.0470089105807549
772.2	0.0494783504231406
772.4	0.0486455021716742
772.6	0.0486858012806161
772.8	0.0520418215197242
773	0.0516433081090763
773.2	0.0564769623427215
773.4	0.0607844893207361
773.6	0.056042627501903
773.8	0.0589867012940492
774	0.0576030985537098
774.2	0.0631442260332244
774.4	0.0725764563650204
774.6	0.0704607531455693
774.8	0.0731563157659069
775	0.0736690099852236
775.2	0.0782586307258317
775.4	0.0796534276630994
775.6	0.0849460439708055
775.8	0.0875005597098464
776	0.0969977163838266
776.2	0.106434424394394
776.4	0.113674830967626
776.6	0.122437648323109
776.8	0.13807146375319
777	0.151779877311602
777.2	0.164424842161823
777.4	0.177940715533068
777.6	0.182505709040433
777.8	0.189934178122062
778	0.213345721577934
778.2	0.230622845117091
778.4	0.258362065105449
778.6	0.293287959521784
778.8	0.331213898714906
779	0.379192226749653
779.2	0.421573456320244
779.4	0.45190972999597
779.6	0.46086508753862
779.8	0.46265615904715
780	0.448663412886759
780.2	0.456208301616442
780.4	0.474029463126315
780.6	0.530784041552859
780.8	0.589307303094076
781	0.62622576456365
781.2	0.628867595038732
781.4	0.601105986656517
781.6	0.544261854654547
781.8	0.481798235794564
782	0.415170375677249
782.2	0.378050418662965
782.4	0.342475260824788
782.6	0.32210182241526
782.8	0.311601665696503
783	0.3129449693279
783.2	0.319079389244616
783.4	0.351318676398155
783.6	0.391908834460216
783.8	0.442439439394618
784	0.496529798952223
784.2	0.528813862893476
784.4	0.536493081986298
784.6	0.524336184122151
784.8	0.540030448215645
785	0.592128240720011
785.2	0.675995164106927
785.4	0.802019433125868
785.6	0.930058657591904
785.8	1
786	0.951596292481977
786.2	0.821363005417991
786.4	0.651972417498769
786.6	0.52865714413648
786.8	0.457820265974119
787	0.398267138315497
787.2	0.360072538396095
787.4	0.324049612680786
787.6	0.300519410737474
787.8	0.259974029463126
788	0.247861908386692
788.2	0.218647293243183
788.4	0.198101464200958
788.6	0.186784131106434
788.8	0.17951909729996
789	0.175545157390409
789.2	0.164183047508172
789.4	0.154927685487843
789.6	0.13649755966507
789.8	0.137578919088345
790	0.148184301258228
790.2	0.128316840549859
790.4	0.14307303094076
790.6	0.140733443782743
790.8	0.14146778310124
791	0.143874535440827
791.2	0.149619397304437
791.4	0.158738190122241
791.6	0.177504141852863
791.8	0.18494380513142
792	0.213968118927148
792.2	0.25238436394573
792.4	0.295347691756593
792.6	0.330318362960641
792.8	0.365289034164689
793	0.409416558456096
793.2	0.445596202928402
793.4	0.450902252272422
793.6	0.405185152017194
793.8	0.333027358617293
794	0.272466753235123
794.2	0.235413961402409
794.4	0.204367975641427
794.6	0.186195316348005
794.8	0.16995477544441
795	0.164080060896431
795.2	0.164816639054314
795.4	0.16933013925581
795.6	0.169446558903864
795.8	0.183273630949716
796	0.188857296377558
796.2	0.198752966462186
796.4	0.225070523440648
796.6	0.246899207450857
796.8	0.267899520888371
797	0.297631307929969
797.2	0.337034881117629
797.4	0.377244436484127
797.6	0.414610665830833
797.8	0.461693458111315
798	0.495276048896252
798.2	0.531813907670264
798.4	0.557627725786952
798.6	0.559082971387633
798.8	0.563963641248377
799	0.563672592128241
799.2	0.54291855102315
799.4	0.524492902879147
799.6	0.480857923252586
799.8	0.442103613486768
800	0.413670353288855
800.2	0.384072896610397
800.4	0.362624815295751
800.6	0.343124524246631
800.8	0.32402722428693
801	0.328639233421394
801.2	0.329960148658935
801.4	0.337191599874625
801.6	0.340214033045269
801.8	0.342318542067792
802	0.354363497962656
802.2	0.35387095329781
802.4	0.371087628173555
802.6	0.382863923342139
802.8	0.394393946178301
803	0.410155375453365
803.2	0.417655487395334
803.4	0.418864460663592
803.6	0.445036493081986
803.8	0.48414901714951
804	0.52659741190167
804.2	0.601822415259929
804.4	0.663300944790221
804.6	0.724219764474097
804.8	0.732481081807191
805	0.705368736846819
805.2	0.685980387766982
805.4	0.66350244033493
805.6	0.649800743294676
805.8	0.625419782384812
806	0.611650920162987
806.2	0.574933954238123
806.4	0.525522768996552
806.6	0.476604128419827
806.8	0.437693099897013
807	0.400013433036314
807.2	0.382371378677294
807.4	0.360296422334662
807.6	0.357072493619308
807.8	0.360430752697801
808	0.356244123046613
808.2	0.371759279989254
808.4	0.40037164733802
808.6	0.409483723637666
808.8	0.410132987059508
809	0.390498365647248
809.2	0.357542649890297
809.4	0.343729010880759
809.6	0.301034343796176
809.8	0.274235436349796
810	0.261899431334796
810.2	0.251511216585322
810.4	0.231003447812654
810.6	0.220780907177719
810.8	0.201965700980612
811	0.204430663144226
811.2	0.196596964133793
811.4	0.186219943581247
811.6	0.184921416737563
811.8	0.183296019343572
812	0.17439887162495
812.2	0.175822773474231
812.4	0.176698159674025
812.6	0.167312944969328
812.8	0.180629561635248
813	0.174893655129181
813.2	0.171868983119151
813.4	0.17129136255765
813.6	0.173677965342766
813.8	0.17482201226884
814	0.175923521246586
814.2	0.186031881072852
814.4	0.175630233287064
814.6	0.188044597680562
814.8	0.189112524067523
815	0.193055120225675
815.2	0.194210361348677
815.4	0.194953656024717
815.6	0.197035776653383
815.8	0.202037343840953
816	0.204636636367707
816.2	0.210303138852819
816.4	0.222502574665293
816.6	0.220648815653965
816.8	0.214856938163256
817	0.217592799892536
817.2	0.231764653203779
817.4	0.223176465320378
817.6	0.240406573232436
817.8	0.244727533246765
818	0.251623158554605
818.2	0.260802400035821
818.4	0.270608516545023
818.6	0.273407065777101
818.8	0.287086374423499
819	0.295146196211884
819.2	0.32051224645144
819.4	0.33822146599203
819.6	0.351878386244571
819.8	0.373729458648637
820	0.388461021806296
820.2	0.412953924685443
820.4	0.435073657815788
820.6	0.433193032731832
820.8	0.447543993193928
821	0.45217839072225
821.2	0.453342587202794
821.4	0.459499395513366
821.6	0.456096359647159
821.8	0.46948461917342
822	0.471320467469664
822.2	0.468230869117449
822.4	0.47499216406215
822.6	0.469081628084001
822.8	0.466283078851923
823	0.448573859311333
823.2	0.445058881475843
823.4	0.437200555232168
823.6	0.429073568262213
823.8	0.426028746697712
824	0.40216271884655
824.2	0.393699905968746
824.4	0.373863789011776
824.6	0.354699323870506
824.8	0.345743966327856
825	0.330654188868491
825.2	0.310750906729951
825.4	0.300161196435768
825.6	0.282989298347737
825.8	0.2759369542829
826	0.268414453947074
826.2	0.260891953611248
826.4	0.243518559978507
826.6	0.246764877087718
826.8	0.237899073120494
827	0.222594367080106
827.2	0.224443648412663
827.4	0.229324318273407
827.6	0.225383960954641
827.8	0.228025791429723
828	0.225563068105494
828.2	0.221118971924954
828.4	0.221004791116285
828.6	0.223013030045225
828.8	0.228048179823579
829	0.224779474320512
829.2	0.233197510410603
829.4	0.233913939014015
829.6	0.235167689069986
829.8	0.237406528455649
830	0.249518649532083
830.2	0.245332019880894
830.4	0.253033627367573
830.6	0.266265168136838
830.8	0.268078628039224
831	0.267138315497246
831.2	0.273832445260377
831.4	0.278511619576412
831.6	0.27759369542829
831.8	0.279362378542963
832	0.288429678054896
832.2	0.289146106658308
832.4	0.289571486141584
832.6	0.284959477007119
832.8	0.277168315945014
833	0.266869654770967
833.2	0.264720368960731
833.4	0.244302153763489
833.6	0.241570769712981
833.8	0.233891550620158
834	0.236354273944387
834.2	0.228585501276138
834.4	0.214030806429947
834.6	0.21018895804415
834.8	0.209318049523127
835	0.20376796668607
835.2	0.203817221152554
835.4	0.190025970536874
835.6	0.188837146823087
835.8	0.176131733309452
836	0.163775578739981
836.2	0.162441230466126
836.4	0.15968298034299
836.6	0.148491022254063
836.8	0.14528724309318
837	0.141064792011821
837.2	0.130560157614293
837.4	0.126480992253616
837.6	0.123803340348363
837.8	0.112835266198003
838	0.105465006940402
838.2	0.101829131778086
838.4	0.102764966641293
838.6	0.0997402946312631
838.8	0.0966350244033493
839	0.0944163345721578
839.2	0.0947835042314064
839.4	0.0881475842923029
839.6	0.0852661980029552
839.8	0.0849639546858908
840	0.0854184390811803
840.2	0.0895065597994
840.4	0.0826422782429588
840.6	0.0804997089508799
840.8	0.0736981148972373
841	0.0802937357273989
841.2	0.0734652756011284
841.4	0.0698249227600412
841.6	0.0728854162002418
841.8	0.0767877132494515
842	0.0701965700980612
842.2	0.0673375722025702
842.4	0.0627166077105628
842.6	0.0642255854564993
842.8	0.068479380289258
843	0.0623001835848296
843.2	0.0646688756548605
843.4	0.058523261541217
843.6	0.0503022433170644
843.8	0.0493686472932432
844	0.0545537993104375
844.2	0.0525992925267541
844.4	0.0502306004567232
844.6	0.0455021716742041
844.8	0.0439349841042404
845	0.0415259929252675
845.2	0.042683472887655
845.4	0.0399140285675906
845.6	0.0432834818430126
845.8	0.0388326691443156
846	0.0387990865535306
846.2	0.0394282004209018
846.4	0.0330698965656204
846.6	0.036116956969507
846.8	0.0348363408409081
847	0.0321161509873282
847.2	0.0323198853714234
847.4	0.0312497201450768
847.6	0.0361751667935342
847.8	0.0343997671607039
848	0.0351296288004299
848.2	0.0364438275198137
848.4	0.0351900774638427
848.6	0.0334415439036404
848.8	0.0289101329870595
849	0.0274862311377782
849.2	0.0307012044955895
849.4	0.0311691219271929
849.6	0.0296019343572292
849.8	0.0299243272287646
850	0.0296131285541575
850.2	0.0272757802355259
850.4	0.0251555993373035
850.6	0.0285474410065822
850.8	0.0279608650875386
851	0.0285474410065822
851.2	0.0251309721040613
851.4	0.026167554739623
851.6	0.0329713876326512
851.8	0.0262414364393498
852	0.0234204988134151
852.2	0.022950342542426
852.4	0.020037164733802
852.6	0.0223731697488022
852.8	0.0224645143957372
853	0.0207359065060673
853.2	0.0230331795996955
853.4	0.0248130569112972
853.6	0.0195285004253795
853.8	0.0223480947476828
854	0.0267563694980522
854.2	0.0255675457842654
854.4	0.0222972730936283
854.6	0.0191975999641786
854.8	0.016260466574128
855	0.0221519724174988
855.2	0.0219914476335468
855.4	0.0234652756011284
855.6	0.0206412036000537
855.8	0.0210540455827699
856	0.0174376483231093
856.2	0.0200145524560068
856.4	0.0176154121703309
856.6	0.0200835087090852
856.8	0.0164821116733086
857	0.0230354184390812
857.2	0.0188866251735101
857.4	0.019423946626069
857.6	0.018388035642323
857.8	0.0148206689652084
858	0.0131148972372722
858.2	0.0179326557112793
858.4	0.0161805400080598
858.6	0.0141631218376394
858.8	0.015480007164286
859	0.0172079434021403
859.2	0.0130949715667398
859.4	0.0121434648278333
859.6	0.0132807952357498
859.8	0.014487977432499
860	0.0121114494246183
860.2	0.0138503559754623
860.4	0.0151466439797609
860.6	0.00983969909998657
860.8	0.0158521022701831
861	0.0145271571217481
861.2	0.0104923207809072
861.4	0.0127900416424126
861.6	0.0116648009671786
861.8	0.0128816101732862
862	0.0117415931581068
862.2	0.0117160703891103
862.4	0.00877333990059553
862.6	0.0108574754847087
862.8	0.0135922177942954
863	0.0160280750458962
863.2	0.0107099359691936
863.4	0.0130345229033269
863.6	0.0130777325034702
863.8	0.0131218376393678
864	0.0106091881968388
864.2	0.00951932118389827
864.4	0.00727936237854296
864.6	0.00535664711413603
864.8	0.00593046164868132
865	0.00839542381229571
865.2	0.00839251332109434
865.4	0.0114465141270765
865.6	0.00701607486678906
865.8	0.00415707697129808
866	0.00819862983029597
866.2	0.0104509022522724
866.4	0.00665047239511038
866.6	0.00771615994268571
866.8	0.011000313437514
867	0.00669995074553351
867.2	0.00658554605292616
867.4	0.00917968924909327
867.6	0.00497828325795907
867.8	0.00677271302556755
868	0.00645054403797072
868.2	0.00685868445797698
868.4	0.00425021268974164
868.6	0.00341893162584516
868.8	0.00436551291810325
869	0.00455111270317467
869.2	0.0131281063896476
869.4	0.00573075717548023
869.6	0.00583956476962343
869.8	0.000951417185331124
870	0.00426722786907267
870.2	0.00699368647293243
870.4	0.00836654278422066
870.6	0.00581292258093404
870.8	0.00171671965253213
871	0.00316012179286258
871.2	0.00473939909550889
871.4	0.00554650069404021
871.6	0
871.8	0.00355326198898491
872	0.00896610397170107
872.2	0.0066907715040523
872.4	0.00608807594143196
872.6	0.00632203465723369
872.8	0.00572918998791027
873	0.00272690637173689
873.2	0.00415170375677249
873.4	0.0049973133927372
873.6	0.0084717682353468
873.8	0.00482537052791833
874	0.00179951193301393
874.2	0.00247526082478843
874.4	0.00267675636949805
874.6	0
874.8	0.00301370169704025
875	0.00331639278198182
875.2	0.00280750458962074
875.4	0.00458066538306542
875.6	0.00628330273586173
875.8	0.00558344154390364
876	0.0020995164106927
876.2	0.00288049075359334
876.4	0.0027242197644741
876.6	0.00283325124255586
876.8	0
877	0.000897617874893655
877.2	0
877.4	0
877.6	0
877.8	0.00246384274392155
878	0.00360587471454798
878.2	0.00035035597546232
878.4	0.000183634084090807
878.6	0.00188040120001791
878.8	0.000629248197734295
879	0.00221143599158196
879.2	0.000449693279004164
879.4	0.00302041821519724
879.6	0.00114984552008239
879.8	0.00236108001611964
880	0.00288161017328617
880.2	0.00110410603143331
880.4	0.00298594008865804
880.6	0.00482313168853266
880.8	0.00108032955715757
881	0.00448417140554337
881.2	0.00384005731428827
881.4	0.00420028657144136
881.6	0.00680674338422961
881.8	0.0033987820713742
882	0
882.2	0
882.4	0
882.6	0
882.8	0.0014469395065598
883	0.000629382528097434
883.2	0.00107793399901491
883.4	0
883.6	0.00166121882416155
883.8	0
884	0
884.2	0
884.4	0.00148560426275019
884.6	0.00406237406528456
884.8	0.00308176241436439
885	0
885.2	0
885.4	0
885.6	0.000906998611919581
885.8	0.00309161330766131
886	0
886.2	0.00357206823982447
886.4	0
886.6	0
886.8	0.000631822863027806
887	0
887.2	0
887.4	0.000394886490843147
887.6	0.00495656651591815
887.8	0.00045018582366901
888	0.0010168808489679
888.2	0.00420924192898401
888.4	0.00340281198226839
888.6	0
888.8	0.00226369050284333
889	0.000591568530873595
889.2	0.00132494514843505
889.4	0.00135391573008552
889.6	0.00478731025836206
889.8	0.00117187569963731
890	0.00184800519410737
890.2	0
890.4	0
890.6	0.000203060493440201
890.8	0.000396005910535978
891	0.000162951685846057
891.2	0.0008592441678234
891.4	0.00107285183360946
891.6	0.00204851564948731
891.8	0.000769041328975059
892	0.00393050642546904
892.2	0.000681390767026374
892.4	0
892.6	0.000120456275466798
892.8	0
893	0.000912550933596024
893.2	0
893.4	0
893.6	0
893.8	0.000289101329870595
894	0.00125041418528635
894.2	0.00160518067433842
894.4	0.00433439305064255
894.6	0.000618076389199839
894.8	0
895	0
895.2	0
895.4	0
895.6	0
895.8	0
896	0.0011825101867192
896.2	0.00117344288720727
896.4	0
896.6	0
896.8	0
897	0
897.2	0
897.4	0.0015936282631084
897.6	0
897.8	0.000133392289437156
898	0.00391192405856804
898.2	0.00256123225719787
898.4	0
898.6	0.000625845161868088
898.8	0.0051578381766892
899	0.00262974074239914
899.2	0.00174405588143107
899.4	0.00208756100837326
899.6	0
899.8	0
900	0
