  11102  5  1 TMYAG.03   CUCC   GA   .000 H  #  61590 00.00   1        
  PROGRAM    EHEAD   VERSION 01.01 TUNGSTEN LAMP                       
  USER PLC DATE & TIME  1995  4  6 00.00 00.00     9.990    295K U     
 EN1 Tm 100     0     0 Y3Al5O12         .425400 -  .524600 .00020     
 SLIT WIDTH IS  500 MICRONS.                                           
  FORMAT(1X,G15.8)                                                     
  This spectra is part of Database LASERS
 Database LASERS was created by Pat Cross working 
 at NASA Langley Research Center, Internal Operations Group,
 Aerospace Electronics Systems Division, Remote Sensing 
 Technology Branch. phone:(757)864-1633   fax:(757)864-7894 
     e-mail p.l.cross@larc.nasa.gov 
     homepage http://aesd.larc.nasa.gov/laser/dbmain.htm
  EOH                                                                  
   497.         
   .49224444E-02
   .55178160E-02
   .69314147E-02
   .29510060E-02
   .36958824E-02
   .70546004E-02
   .47022363E-02
   .14981779E-02
   .00000000    
   .54176789E-02
   .23124961E-02
   .12368716E-01
   .12542671E-01
   .10652370E-02
   .16003239E-02
   .45033639E-02
   .00000000    
   .00000000    
   .00000000    
   .00000000    
   .00000000    
   .36125646E-02
   .34633713E-02
   .00000000    
   .15146546E-03
   .26457671E-02
   .15986109E-01
   .68141469E-02
   .00000000    
   .37284308E-02
   .53765651E-02
   .94658319E-02
   .43018439E-02
   .00000000    
   .66884694E-02
   .16386345E-01
   .10714975E-01
   .10254314E-01
   .14172273E-01
   .23751012E-02
   .33651031E-02
   .00000000    
   .00000000    
   .00000000    
   .11228119E-01
   .67309849E-02
   .52420108E-02
   .76590045E-02
   .95240765E-02
   .39922444E-03
   .00000000    
   .00000000    
   .18714570E-02
   .45298387E-02
   .87958637E-03
   .53303121E-02
   .12572728E-01
   .47449075E-02
   .44656762E-02
   .86415312E-02
   .84328474E-02
   .76300380E-02
   .68297203E-02
   .00000000    
   .00000000    
   .31028468E-02
   .76398492E-02
   .11915374E-01
   .13196443E-01
   .76228742E-02
   .00000000    
   .96612783E-03
   .00000000    
   .00000000    
   .11083598E-01
   .25451629E-02
   .15315050E-01
   .17286489E-01
   .10585560E-01
   .41144957E-03
   .00000000    
   .18990220E-02
   .22662431E-02
   .00000000    
   .24612222E-02
   .00000000    
   .00000000    
   .00000000    
   .00000000    
   .00000000    
   .00000000    
   .17443780E-02
   .58724226E-02
   .00000000    
   .00000000    
   .10747057E-03
   .76496605E-02
   .11094499E-01
   .13233041E-01
   .19050956E-01
   .23640441E-01
   .12993677E-01
   .92616645E-02
   .28130256E-02
   .00000000    
   .33783405E-02
   .12017224E-02
   .78848190E-02
   .14287672E-01
   .10241232E-01
   .48875600E-02
   .18646047E-02
   .13155018E-01
   .31990905E-01
   .45007164E-01
   .75968666E-01
   .60613281E-01
   .58873731E-01
   .58749143E-01
   .50443842E-01
   .62464960E-01
   .53164518E-01
   .51854793E-01
   .60747212E-01
   .61068025E-01
   .63281007E-01
   .62159721E-01
   .71094188E-01
   .67583941E-01
   .61882514E-01
   .61349903E-01
   .54960132E-01
   .46296642E-01
   .43909238E-01
   .48768143E-01
   .64056563E-01
   .69667663E-01
   .85502710E-01
   .78176976E-01
   .69955772E-01
   .76477917E-01
   .10844702    
   .16076434    
   .18899894    
   .19432505    
   .19658319    
   .20505513    
   .21338691    
   .22206130    
   .25359746    
   .27261260    
   .26373575    
   .19627172    
   .15245126    
   .12844172    
   .10441039    
   .83313088E-01
   .75703918E-01
   .69242509E-01
   .61069582E-01
   .72586121E-01
   .66760107E-01
   .80481841E-01
   .81790008E-01
   .83633900E-01
   .76298823E-01
   .67107394E-01
   .70936897E-01
   .73445773E-01
   .85765900E-01
   .16637077    
   .27765838    
   .32587367    
   .28785897    
   .22583006    
   .18854731    
   .22889803    
   .32729085    
   .35588364    
   .30531676    
   .22592350    
   .16908055    
   .11996044    
   .10519685    
   .87007101E-01
   .73318071E-01
   .54460226E-01
   .50179094E-01
   .41800598E-01
   .46000748E-01
   .37408896E-01
   .37236031E-01
   .36968168E-01
   .46868187E-01
   .50109014E-01
   .46103532E-01
   .44169314E-01
   .49699433E-01
   .40138915E-01
   .42217965E-01
   .41742976E-01
   .48662244E-01
   .43398430E-01
   .52929359E-01
   .48372578E-01
   .51638323E-01
   .49682302E-01
   .48729209E-01
   .47970784E-01
   .45257896E-01
   .38271663E-01
   .34649287E-01
   .37086526E-01
   .41957889E-01
   .39617206E-01
   .37564630E-01
   .35463776E-01
   .34585436E-01
   .32303931E-01
   .34719367E-01
   .33694637E-01
   .29846446E-01
   .28930729E-01
   .17607301E-01
   .12838255E-01
   .24305426E-01
   .32839656E-01
   .47604809E-01
   .58582508E-01
   .73371021E-01
   .90912913E-01
   .13183673    
   .15467670    
   .15013237    
   .14989099    
   .13288170    
   .10669501    
   .84021678E-01
   .65807014E-01
   .77622563E-01
   .64383604E-01
   .58869059E-01
   .63581574E-01
   .57193359E-01
   .65845948E-01
   .52093067E-01
   .44208248E-01
   .37469632E-01
   .41946988E-01
   .57943998E-01
   .60650657E-01
   .53933844E-01
   .75954650E-01
   .97336946E-01
   .11268143    
   .14020121    
   .16060861    
   .16370772    
   .15046253    
   .13812060    
   .12171868    
   .11123310    
   .11762599    
   .12989784    
   .12555909    
   .10988600    
   .10190463    
   .89251230E-01
   .79963247E-01
   .77395191E-01
   .73774372E-01
   .77326668E-01
   .76471688E-01
   .92407961E-01
   .13424126    
   .18484084    
   .19846758    
   .15942503    
   .12327602    
   .97830624E-01
   .76396935E-01
   .68005980E-01
   .60767458E-01
   .64572043E-01
   .67188376E-01
   .68594655E-01
   .66529621E-01
   .69728400E-01
   .68596213E-01
   .68389086E-01
   .77569613E-01
   .77132000E-01
   .67344110E-01
   .70742229E-01
   .90450383E-01
   .11125491    
   .12867377    
   .16364542    
   .22486451    
   .34890675    
   .56545506    
   .77610104    
   .93946614    
   1.0000000    
   .98299383    
   .86595963    
   .71491310    
   .52678627    
   .39551797    
   .31114122    
   .24059366    
   .20531988    
   .17015511    
   .15049835    
   .14259017    
   .12215162    
   .10235937    
   .94879462E-01
   .90481530E-01
   .80319878E-01
   .71399427E-01
   .72140721E-01
   .66241512E-01
   .55182832E-01
   .68114994E-01
   .83303744E-01
   .83981187E-01
   .79153429E-01
   .84300442E-01
   .84523142E-01
   .88650097E-01
   .81950414E-01
   .76945119E-01
   .78611474E-01
   .69421603E-01
   .65654395E-01
   .51119728E-01
   .48048651E-01
   .53363857E-01
   .60899832E-01
   .78661309E-01
   .90126456E-01
   .11626332    
   .12973120    
   .16489130    
   .21433688    
   .25094998    
   .24638697    
   .24029776    
   .20505513    
   .17657136    
   .15710459    
   .14009064    
   .12592195    
   .98755684E-01
   .90626363E-01
   .85660001E-01
   .95002492E-01
   .92613530E-01
   .88606491E-01
   .85010590E-01
   .69990033E-01
   .61572603E-01
   .66310036E-01
   .78546066E-01
   .69198904E-01
   .60616396E-01
   .58657260E-01
   .53530493E-01
   .45541332E-01
   .38849436E-01
   .21810565E-01
   .20992961E-01
   .20172242E-01
   .13842895E-01
   .13204230E-01
   .68153928E-02
   .00000000    
   .14683704E-01
   .17165016E-01
   .71924251E-02
   .14876659E-01
   .42587055E-02
   .00000000    
   .00000000    
   .00000000    
   .47791690E-02
   .13673768E-01
   .00000000    
   .20461907E-02
   .16534293E-01
   .10396811E-01
   .34566748E-02
   .15046876E-01
   .31220021E-01
   .23900517E-01
   .24314770E-01
   .20536660E-01
   .48774372E-02
   .00000000    
   .00000000    
   .10253224E-01
   .10883635E-01
   .11153990E-01
   .41183891E-02
   .17267800E-03
   .00000000    
   .30391516E-02
   .93099421E-02
   .90620133E-02
   .57070330E-02
   .25532611E-02
   .10145611E-02
   .10595060E-02
   .00000000    
   .00000000    
   .14218215E-01
   .17459353E-01
   .23779044E-01
   .14862642E-01
   .43303432E-02
   .33552918E-02
   .00000000    
   .00000000    
   .48933221E-03
   .00000000    
   .35250420E-02
   .00000000    
   .32662119E-03
   .00000000    
   .00000000    
   .18437364E-02
   .00000000    
   .00000000    
   .22744970E-02
   .66892481E-02
   .35684919E-02
   .10988445E-01
   .92384601E-02
   .50417367E-02
   .15053573E-01
   .92809755E-02
   .34937395E-02
   .31775992E-02
   .00000000    
   .33123092E-02
   .00000000    
   .00000000    
   .00000000    
   .00000000    
   .47251293E-02
   .16655765E-02
   .59493553E-02
   .41085778E-03
   .39628107E-02
   .00000000    
   .00000000    
   .00000000    
   .00000000    
   .61080483E-02
   .24577961E-03
   .00000000    
   .17451567E-02
   .19311032E-01
   .29728088E-01
   .25440728E-01
   .27692643E-01
   .27424780E-01
   .32367782E-01
   .19379555E-01
   .11971594E-01
   .21693764E-02
   .00000000    
   .26987168E-02
   .00000000    
   .00000000    
   .54337196E-03
   .00000000    
   .76096368E-02
   .18037127E-01
   .16535850E-01
   .11044665E-01
   .92909425E-02
   .22917835E-02
   .00000000    
   .00000000    
   .00000000    
   .00000000    
   .00000000    
   .00000000    
   .00000000    
   .00000000    
   .00000000    
   .16229054E-04
   .66750763E-02
   .69127266E-02
   .13201738E-01
