# Optical emission spectrum of Tm:Y3Al5O12 (Tm:Y3Al5O12)
# assuming unity concentration per meter.  This data was part of the NASA 
# Laser Spectra Database found on the web until December of 2005 which
# was created by Pat Cross working at NASA Langley Research Center, Internal
# Operations Group, Aerospace Electronics Systems Division, Remote Sensing.
#
# The spectra was collected by GA on 15 June 1990 and was 
# annotated on  6 April 1995.  The sample name was "" was a 9.990
# long piece of :.  
# The incident light was horizontally polarized.
#
# Spectra were recorded from 425.4nm to 524.6nm
# every 0.2nm at room temperature.  The
# excitation wavelength was unknown.
#
# SLIT WIDTH IS 500 MICRONS.
#
##Wavelength (nm)	Absorbance (/meter) 
425.4	0.0049224444
425.6	0.005517816
425.8	0.0069314147
426	0.002951006
426.2	0.0036958824
426.4	0.0070546004
426.6	0.0047022363
426.8	0.0014981779
427	0
427.2	0.0054176789
427.4	0.0023124961
427.6	0.012368716
427.8	0.012542671
428	0.001065237
428.2	0.0016003239
428.4	0.0045033639
428.6	0
428.8	0
429	0
429.2	0
429.4	0
429.6	0.0036125646
429.8	0.0034633713
430	0
430.2	0.00015146546
430.4	0.0026457671
430.6	0.015986109
430.8	0.0068141469
431	0
431.2	0.0037284308
431.4	0.0053765651
431.6	0.0094658319
431.8	0.0043018439
432	0
432.2	0.0066884694
432.4	0.016386345
432.6	0.010714975
432.8	0.010254314
433	0.014172273
433.2	0.0023751012
433.4	0.0033651031
433.6	0
433.8	0
434	0
434.2	0.011228119
434.4	0.0067309849
434.6	0.0052420108
434.8	0.0076590045
435	0.0095240765
435.2	0.00039922444
435.4	0
435.6	0
435.8	0.001871457
436	0.0045298387
436.2	0.00087958637
436.4	0.0053303121
436.6	0.012572728
436.8	0.0047449075
437	0.0044656762
437.2	0.0086415312
437.4	0.0084328474
437.6	0.007630038
437.8	0.0068297203
438	0
438.2	0
438.4	0.0031028468
438.6	0.0076398492
438.8	0.011915374
439	0.013196443
439.2	0.0076228742
439.4	0
439.6	0.00096612783
439.8	0
440	0
440.2	0.011083598
440.4	0.0025451629
440.6	0.01531505
440.8	0.017286489
441	0.01058556
441.2	0.00041144957
441.4	0
441.6	0.001899022
441.8	0.0022662431
442	0
442.2	0.0024612222
442.4	0
442.6	0
442.8	0
443	0
443.2	0
443.4	0
443.6	0.001744378
443.8	0.0058724226
444	0
444.2	0
444.4	0.00010747057
444.6	0.0076496605
444.8	0.011094499
445	0.013233041
445.2	0.019050956
445.4	0.023640441
445.6	0.012993677
445.8	0.0092616645
446	0.0028130256
446.2	0
446.4	0.0033783405
446.6	0.0012017224
446.8	0.007884819
447	0.014287672
447.2	0.010241232
447.4	0.00488756
447.6	0.0018646047
447.8	0.013155018
448	0.031990905
448.2	0.045007164
448.4	0.075968666
448.6	0.060613281
448.8	0.058873731
449	0.058749143
449.2	0.050443842
449.4	0.06246496
449.6	0.053164518
449.8	0.051854793
450	0.060747212
450.2	0.061068025
450.4	0.063281007
450.6	0.062159721
450.8	0.071094188
451	0.067583941
451.2	0.061882514
451.4	0.061349903
451.6	0.054960132
451.8	0.046296642
452	0.043909238
452.2	0.048768143
452.4	0.064056563
452.6	0.069667663
452.8	0.08550271
453	0.078176976
453.2	0.069955772
453.4	0.076477917
453.6	0.10844702
453.8	0.16076434
454	0.18899894
454.2	0.19432505
454.4	0.19658319
454.6	0.20505513
454.8	0.21338691
455	0.2220613
455.2	0.25359746
455.4	0.2726126
455.6	0.26373575
455.8	0.19627172
456	0.15245126
456.2	0.12844172
456.4	0.10441039
456.6	0.083313088
456.8	0.075703918
457	0.069242509
457.2	0.061069582
457.4	0.072586121
457.6	0.066760107
457.8	0.080481841
458	0.081790008
458.2	0.0836339
458.4	0.076298823
458.6	0.067107394
458.8	0.070936897
459	0.073445773
459.2	0.0857659
459.4	0.16637077
459.6	0.27765838
459.8	0.32587367
460	0.28785897
460.2	0.22583006
460.4	0.18854731
460.6	0.22889803
460.8	0.32729085
461	0.35588364
461.2	0.30531676
461.4	0.2259235
461.6	0.16908055
461.8	0.11996044
462	0.10519685
462.2	0.087007101
462.4	0.073318071
462.6	0.054460226
462.8	0.050179094
463	0.041800598
463.2	0.046000748
463.4	0.037408896
463.6	0.037236031
463.8	0.036968168
464	0.046868187
464.2	0.050109014
464.4	0.046103532
464.6	0.044169314
464.8	0.049699433
465	0.040138915
465.2	0.042217965
465.4	0.041742976
465.6	0.048662244
465.8	0.04339843
466	0.052929359
466.2	0.048372578
466.4	0.051638323
466.6	0.049682302
466.8	0.048729209
467	0.047970784
467.2	0.045257896
467.4	0.038271663
467.6	0.034649287
467.8	0.037086526
468	0.041957889
468.2	0.039617206
468.4	0.03756463
468.6	0.035463776
468.8	0.034585436
469	0.032303931
469.2	0.034719367
469.4	0.033694637
469.6	0.029846446
469.8	0.028930729
470	0.017607301
470.2	0.012838255
470.4	0.024305426
470.6	0.032839656
470.8	0.047604809
471	0.058582508
471.2	0.073371021
471.4	0.090912913
471.6	0.13183673
471.8	0.1546767
472	0.15013237
472.2	0.14989099
472.4	0.1328817
472.6	0.10669501
472.8	0.084021678
473	0.065807014
473.2	0.077622563
473.4	0.064383604
473.6	0.058869059
473.8	0.063581574
474	0.057193359
474.2	0.065845948
474.4	0.052093067
474.6	0.044208248
474.8	0.037469632
475	0.041946988
475.2	0.057943998
475.4	0.060650657
475.6	0.053933844
475.8	0.07595465
476	0.097336946
476.2	0.11268143
476.4	0.14020121
476.6	0.16060861
476.8	0.16370772
477	0.15046253
477.2	0.1381206
477.4	0.12171868
477.6	0.1112331
477.8	0.11762599
478	0.12989784
478.2	0.12555909
478.4	0.109886
478.6	0.10190463
478.8	0.08925123
479	0.079963247
479.2	0.077395191
479.4	0.073774372
479.6	0.077326668
479.8	0.076471688
480	0.092407961
480.2	0.13424126
480.4	0.18484084
480.6	0.19846758
480.8	0.15942503
481	0.12327602
481.2	0.097830624
481.4	0.076396935
481.6	0.06800598
481.8	0.060767458
482	0.064572043
482.2	0.067188376
482.4	0.068594655
482.6	0.066529621
482.8	0.0697284
483	0.068596213
483.2	0.068389086
483.4	0.077569613
483.6	0.077132
483.8	0.06734411
484	0.070742229
484.2	0.090450383
484.4	0.11125491
484.6	0.12867377
484.8	0.16364542
485	0.22486451
485.2	0.34890675
485.4	0.56545506
485.6	0.77610104
485.8	0.93946614
486	1
486.2	0.98299383
486.4	0.86595963
486.6	0.7149131
486.8	0.52678627
487	0.39551797
487.2	0.31114122
487.4	0.24059366
487.6	0.20531988
487.8	0.17015511
488	0.15049835
488.2	0.14259017
488.4	0.12215162
488.6	0.10235937
488.8	0.094879462
489	0.09048153
489.2	0.080319878
489.4	0.071399427
489.6	0.072140721
489.8	0.066241512
490	0.055182832
490.2	0.068114994
490.4	0.083303744
490.6	0.083981187
490.8	0.079153429
491	0.084300442
491.2	0.084523142
491.4	0.088650097
491.6	0.081950414
491.8	0.076945119
492	0.078611474
492.2	0.069421603
492.4	0.065654395
492.6	0.051119728
492.8	0.048048651
493	0.053363857
493.2	0.060899832
493.4	0.078661309
493.6	0.090126456
493.8	0.11626332
494	0.1297312
494.2	0.1648913
494.4	0.21433688
494.6	0.25094998
494.8	0.24638697
495	0.24029776
495.2	0.20505513
495.4	0.17657136
495.6	0.15710459
495.8	0.14009064
496	0.12592195
496.2	0.098755684
496.4	0.090626363
496.6	0.085660001
496.8	0.095002492
497	0.09261353
497.2	0.088606491
497.4	0.08501059
497.6	0.069990033
497.8	0.061572603
498	0.066310036
498.2	0.078546066
498.4	0.069198904
498.6	0.060616396
498.8	0.05865726
499	0.053530493
499.2	0.045541332
499.4	0.038849436
499.6	0.021810565
499.8	0.020992961
500	0.020172242
500.2	0.013842895
500.4	0.01320423
500.6	0.0068153928
500.8	0
501	0.014683704
501.2	0.017165016
501.4	0.0071924251
501.6	0.014876659
501.8	0.0042587055
502	0
502.2	0
502.4	0
502.6	0.004779169
502.8	0.013673768
503	0
503.2	0.0020461907
503.4	0.016534293
503.6	0.010396811
503.8	0.0034566748
504	0.015046876
504.2	0.031220021
504.4	0.023900517
504.6	0.02431477
504.8	0.02053666
505	0.0048774372
505.2	0
505.4	0
505.6	0.010253224
505.8	0.010883635
506	0.01115399
506.2	0.0041183891
506.4	0.000172678
506.6	0
506.8	0.0030391516
507	0.0093099421
507.2	0.0090620133
507.4	0.005707033
507.6	0.0025532611
507.8	0.0010145611
508	0.001059506
508.2	0
508.4	0
508.6	0.014218215
508.8	0.017459353
509	0.023779044
509.2	0.014862642
509.4	0.0043303432
509.6	0.0033552918
509.8	0
510	0
510.2	0.00048933221
510.4	0
510.6	0.003525042
510.8	0
511	0.00032662119
511.2	0
511.4	0
511.6	0.0018437364
511.8	0
512	0
512.2	0.002274497
512.4	0.0066892481
512.6	0.0035684919
512.8	0.010988445
513	0.0092384601
513.2	0.0050417367
513.4	0.015053573
513.6	0.0092809755
513.8	0.0034937395
514	0.0031775992
514.2	0
514.4	0.0033123092
514.6	0
514.8	0
515	0
515.2	0
515.4	0.0047251293
515.6	0.0016655765
515.8	0.0059493553
516	0.00041085778
516.2	0.0039628107
516.4	0
516.6	0
516.8	0
517	0
517.2	0.0061080483
517.4	0.00024577961
517.6	0
517.8	0.0017451567
518	0.019311032
518.2	0.029728088
518.4	0.025440728
518.6	0.027692643
518.8	0.02742478
519	0.032367782
519.2	0.019379555
519.4	0.011971594
519.6	0.0021693764
519.8	0
520	0.0026987168
520.2	0
520.4	0
520.6	0.00054337196
520.8	0
521	0.0076096368
521.2	0.018037127
521.4	0.01653585
521.6	0.011044665
521.8	0.0092909425
522	0.0022917835
522.2	0
522.4	0
522.6	0
522.8	0
523	0
523.2	0
523.4	0
523.6	0
523.8	0
524	1.6229054e-05
524.2	0.0066750763
524.4	0.0069127266
524.6	0.013201738
