# Optical absorption spectrum of Program fragment delivered error ``Can't call method "sample_" on an undefined value at abs.template line 1.'':YLF (Tm:LiYF4)
# assuming unity concentration per meter.  This data was part of the NASA 
# Laser Spectra Database found on the web until December of 2005 which
# was created by Pat Cross working at NASA Langley Research Center, Internal
# Operations Group, Aerospace Electronics Systems Division, Remote Sensing.
#
# The spectra was collected by BMW on 21 February 1992 and was 
# annotated on 24 February 1992.  The sample name was "" was a 4.3900
# long piece of :.   
# The incident light was unpolarized.
#
# Spectra were recorded from 320 to 740nm
# every 0.2nm at room temperature.
#
# FILE NAME ON PC = BR92.DX NO_POINTS = 2101. pts DATA_INTV = .000200 ˆm MIN_LAMBDA = .320000 ˆm MIN_DATA = .23220 MAX_LAMBDA = .740000 ˆm MAX_DATA = .94230 SCANSPEED = 15.000000 NM/MIN SLITWIDTH= .40000 NM RESP TIME = 1.0 sec SENSITIVITY = 2 DATE=92/02/21 HORIZONTAL POL. (E PERPENDICULAR TO C-AXIS).
#
##Wavelength (nm)	Absorbance (/meter) 
320	197
320.2	211
320.4	182
320.6	191
320.8	190
321	173
321.2	216
321.4	186
321.6	184
321.8	194
322	181
322.2	186
322.4	200
322.6	198
322.8	189
323	186
323.2	190
323.4	190
323.6	193
323.8	185
324	188
324.2	189
324.4	190
324.6	174
324.8	191
325	190
325.2	183
325.4	186
325.6	176
325.8	197
326	174
326.2	201
326.4	204
326.6	203
326.8	188
327	185
327.2	174
327.4	185
327.6	196
327.8	175
328	182
328.2	187
328.4	171
328.6	204
328.8	190
329	198
329.2	179
329.4	169
329.6	184
329.8	163
330	183
330.2	171
330.4	196
330.6	209
330.8	211
331	176
331.2	182
331.4	190
331.6	193
331.8	177
332	203
332.2	187
332.4	175
332.6	185
332.8	175
333	171
333.2	181
333.4	210
333.6	200
333.8	187
334	186
334.2	176
334.4	181
334.6	181
334.8	203
335	184
335.2	207
335.4	167
335.6	187
335.8	186
336	198
336.2	182
336.4	172
336.6	161
336.8	174
337	183
337.2	193
337.4	178
337.6	191
337.8	183
338	203
338.2	175
338.4	164
338.6	197
338.8	180
339	157
339.2	195
339.4	196
339.6	177
339.8	182
340	162
340.2	185
340.4	193
340.6	167
340.8	171
341	176
341.2	170
341.4	170
341.6	179
341.8	180
342	189
342.2	199
342.4	204
342.6	192
342.8	177
343	182
343.2	189
343.4	183
343.6	178
343.8	181
344	195
344.2	203
344.4	191
344.6	181
344.8	178
345	166
345.2	183
345.4	179
345.6	175
345.8	179
346	206
346.2	201
346.4	170
346.6	187
346.8	177
347	183
347.2	183
347.4	185
347.6	201
347.8	204
348	223
348.2	212
348.4	224
348.6	240
348.8	223
349	243
349.2	243
349.4	244
349.6	256
349.8	271
350	278
350.2	286
350.4	308
350.6	329
350.8	370
351	408
351.2	442
351.4	471
351.6	516
351.8	556
352	631
352.2	696
352.4	765
352.6	813
352.8	821
353	852
353.2	864
353.4	872
353.6	883
353.8	897
354	934
354.2	994
354.4	1074
354.6	1198
354.8	1308
355	1467
355.2	1699
355.4	1943
355.6	2250
355.8	2620
356	3168
356.2	3670
356.4	3824
356.6	3808
356.8	4005
357	4112
357.2	4061
357.4	4101
357.6	4220
357.8	3907
358	2990
358.2	2127
358.4	1672
358.6	1416
358.8	1256
359	1197
359.2	1179
359.4	1241
359.6	1374
359.8	1437
360	1329
360.2	1196
360.4	1131
360.6	1184
360.8	1277
361	1431
361.2	1647
361.4	1884
361.6	1975
361.8	1862
362	1655
362.2	1440
362.4	1231
362.6	1061
362.8	866
363	716
363.2	574
363.4	464
363.6	418
363.8	334
364	305
364.2	282
364.4	266
364.6	271
364.8	266
365	236
365.2	222
365.4	200
365.6	209
365.8	213
366	194
366.2	199
366.4	194
366.6	150
366.8	173
367	168
367.2	172
367.4	168
367.6	165
367.8	158
368	145
368.2	132
368.4	158
368.6	164
368.8	150
369	155
369.2	134
369.4	136
369.6	160
369.8	146
370	151
370.2	127
370.4	151
370.6	175
370.8	138
371	122
371.2	141
371.4	124
371.6	142
371.8	163
372	141
372.2	136
372.4	167
372.6	152
372.8	122
373	128
373.2	141
373.4	130
373.6	165
373.8	131
374	146
374.2	123
374.4	123
374.6	140
374.8	188
375	179
375.2	144
375.4	125
375.6	139
375.8	116
376	155
376.2	161
376.4	162
376.6	154
376.8	145
377	143
377.2	154
377.4	123
377.6	146
377.8	131
378	107
378.2	156
378.4	156
378.6	172
378.8	147
379	134
379.2	160
379.4	132
379.6	138
379.8	143
380	157
380.2	152
380.4	157
380.6	141
380.8	142
381	145
381.2	134
381.4	139
381.6	141
381.8	146
382	156
382.2	162
382.4	162
382.6	156
382.8	161
383	162
383.2	148
383.4	157
383.6	150
383.8	149
384	143
384.2	142
384.4	131
384.6	153
384.8	133
385	130
385.2	137
385.4	147
385.6	144
385.8	142
386	145
386.2	139
386.4	134
386.6	137
386.8	141
387	154
387.2	144
387.4	151
387.6	123
387.8	145
388	143
388.2	131
388.4	138
388.6	132
388.8	129
389	151
389.2	149
389.4	139
389.6	144
389.8	136
390	132
390.2	159
390.4	145
390.6	122
390.8	141
391	145
391.2	132
391.4	126
391.6	132
391.8	136
392	146
392.2	156
392.4	152
392.6	136
392.8	141
393	137
393.2	123
393.4	128
393.6	132
393.8	135
394	136
394.2	154
394.4	138
394.6	140
394.8	134
395	140
395.2	132
395.4	149
395.6	148
395.8	120
396	123
396.2	132
396.4	144
396.6	139
396.8	128
397	143
397.2	127
397.4	140
397.6	138
397.8	138
398	140
398.2	146
398.4	132
398.6	128
398.8	142
399	144
399.2	118
399.4	141
399.6	131
399.8	116
400	126
400.2	136
400.4	132
400.6	145
400.8	161
401	139
401.2	141
401.4	134
401.6	147
401.8	137
402	137
402.2	128
402.4	117
402.6	110
402.8	109
403	127
403.2	133
403.4	145
403.6	147
403.8	129
404	117
404.2	119
404.4	135
404.6	115
404.8	120
405	139
405.2	144
405.4	123
405.6	130
405.8	134
406	138
406.2	136
406.4	119
406.6	127
406.8	121
407	128
407.2	128
407.4	140
407.6	139
407.8	124
408	127
408.2	115
408.4	115
408.6	108
408.8	107
409	136
409.2	133
409.4	142
409.6	132
409.8	107
410	119
410.2	116
410.4	135
410.6	131
410.8	133
411	111
411.2	115
411.4	131
411.6	131
411.8	133
412	127
412.2	110
412.4	122
412.6	105
412.8	110
413	123
413.2	123
413.4	124
413.6	119
413.8	111
414	129
414.2	127
414.4	119
414.6	125
414.8	122
415	120
415.2	121
415.4	116
415.6	107
415.8	115
416	123
416.2	126
416.4	113
416.6	100
416.8	117
417	114
417.2	118
417.4	109
417.6	120
417.8	113
418	121
418.2	123
418.4	115
418.6	119
418.8	113
419	114
419.2	115
419.4	120
419.6	110
419.8	117
420	111
420.2	115
420.4	106
420.6	102
420.8	111
421	110
421.2	119
421.4	113
421.6	121
421.8	122
422	115
422.2	110
422.4	117
422.6	123
422.8	117
423	117
423.2	119
423.4	113
423.6	116
423.8	125
424	119
424.2	102
424.4	102
424.6	125
424.8	114
425	107
425.2	123
425.4	124
425.6	120
425.8	119
426	114
426.2	102
426.4	112
426.6	115
426.8	106
427	107
427.2	102
427.4	121
427.6	119
427.8	122
428	103
428.2	104
428.4	99
428.6	111
428.8	113
429	118
429.2	109
429.4	126
429.6	100
429.8	109
430	116
430.2	103
430.4	103
430.6	111
430.8	105
431	122
431.2	98
431.4	104
431.6	107
431.8	110
432	99
432.2	115
432.4	123
432.6	108
432.8	111
433	112
433.2	98
433.4	94
433.6	105
433.8	111
434	117
434.2	123
434.4	109
434.6	94
434.8	96
435	100
435.2	97
435.4	110
435.6	113
435.8	118
436	117
436.2	118
436.4	104
436.6	92
436.8	111
437	94
437.2	105
437.4	114
437.6	96
437.8	95
438	105
438.2	104
438.4	96
438.6	93
438.8	102
439	109
439.2	114
439.4	101
439.6	99
439.8	96
440	99
440.2	100
440.4	100
440.6	113
440.8	127
441	112
441.2	108
441.4	94
441.6	98
441.8	88
442	102
442.2	112
442.4	108
442.6	103
442.8	109
443	102
443.2	95
443.4	78
443.6	92
443.8	105
444	100
444.2	97
444.4	105
444.6	108
444.8	95
445	91
445.2	79
445.4	95
445.6	101
445.8	102
446	109
446.2	110
446.4	100
446.6	90
446.8	95
447	92
447.2	92
447.4	102
447.6	88
447.8	104
448	99
448.2	106
448.4	94
448.6	79
448.8	86
449	93
449.2	103
449.4	104
449.6	103
449.8	90
450	89
450.2	82
450.4	91
450.6	89
450.8	87
451	98
451.2	96
451.4	109
451.6	102
451.8	105
452	91
452.2	92
452.4	87
452.6	100
452.8	110
453	106
453.2	108
453.4	113
453.6	105
453.8	94
454	88
454.2	96
454.4	111
454.6	111
454.8	121
455	129
455.2	125
455.4	120
455.6	121
455.8	117
456	121
456.2	131
456.4	127
456.6	139
456.8	139
457	143
457.2	152
457.4	144
457.6	153
457.8	158
458	147
458.2	149
458.4	163
458.6	169
458.8	181
459	175
459.2	176
459.4	182
459.6	187
459.8	192
460	206
460.2	222
460.4	240
460.6	256
460.8	271
461	293
461.2	304
461.4	333
461.6	362
461.8	399
462	442
462.2	496
462.4	578
462.6	648
462.8	732
463	827
463.2	937
463.4	1035
463.6	1131
463.8	1214
464	1257
464.2	1258
464.4	1187
464.6	1103
464.8	1061
465	1031
465.2	981
465.4	879
465.6	759
465.8	666
466	586
466.2	526
466.4	477
466.6	449
466.8	430
467	412
467.2	402
467.4	391
467.6	382
467.8	391
468	399
468.2	416
468.4	431
468.6	443
468.8	480
469	514
469.2	556
469.4	608
469.6	685
469.8	769
470	860
470.2	951
470.4	1046
470.6	1105
470.8	1113
471	1076
471.2	1076
471.4	1097
471.6	1137
471.8	1138
472	1110
472.2	1066
472.4	979
472.6	925
472.8	869
473	798
473.2	710
473.4	623
473.6	567
473.8	497
474	470
474.2	434
474.4	407
474.6	377
474.8	358
475	350
475.2	333
475.4	346
475.6	339
475.8	352
476	369
476.2	397
476.4	433
476.6	486
476.8	548
477	621
477.2	631
477.4	566
477.6	476
477.8	403
478	364
478.2	342
478.4	310
478.6	293
478.8	265
479	254
479.2	249
479.4	222
479.6	219
479.8	215
480	202
480.2	201
480.4	199
480.6	184
480.8	164
481	174
481.2	169
481.4	166
481.6	169
481.8	152
482	150
482.2	162
482.4	143
482.6	139
482.8	140
483	137
483.2	130
483.4	134
483.6	138
483.8	135
484	140
484.2	153
484.4	149
484.6	163
484.8	172
485	163
485.2	141
485.4	131
485.6	127
485.8	128
486	114
486.2	116
486.4	114
486.6	119
486.8	106
487	106
487.2	110
487.4	101
487.6	110
487.8	79
488	82
488.2	75
488.4	83
488.6	88
488.8	81
489	80
489.2	93
489.4	84
489.6	90
489.8	76
490	75
490.2	74
490.4	67
490.6	65
490.8	81
491	71
491.2	76
491.4	87
491.6	94
491.8	83
492	77
492.2	73
492.4	72
492.6	68
492.8	64
493	70
493.2	77
493.4	70
493.6	81
493.8	90
494	79
494.2	69
494.4	72
494.6	78
494.8	71
495	77
495.2	78
495.4	74
495.6	80
495.8	87
496	70
496.2	74
496.4	66
496.6	66
496.8	55
497	60
497.2	57
497.4	64
497.6	71
497.8	67
498	79
498.2	71
498.4	77
498.6	76
498.8	70
499	66
499.2	58
499.4	66
499.6	70
499.8	73
500	80
500.2	76
500.4	77
500.6	79
500.8	76
501	75
501.2	72
501.4	65
501.6	64
501.8	72
502	72
502.2	75
502.4	79
502.6	85
502.8	81
503	78
503.2	78
503.4	64
503.6	64
503.8	60
504	60
504.2	64
504.4	66
504.6	66
504.8	78
505	74
505.2	69
505.4	72
505.6	67
505.8	73
506	68
506.2	66
506.4	64
506.6	70
506.8	76
507	74
507.2	80
507.4	79
507.6	73
507.8	68
508	73
508.2	66
508.4	61
508.6	60
508.8	66
509	71
509.2	83
509.4	78
509.6	71
509.8	78
510	77
510.2	72
510.4	73
510.6	71
510.8	67
511	60
511.2	64
511.4	67
511.6	76
511.8	76
512	76
512.2	86
512.4	76
512.6	72
512.8	69
513	60
513.2	63
513.4	76
513.6	73
513.8	77
514	77
514.2	82
514.4	80
514.6	78
514.8	78
515	73
515.2	73
515.4	73
515.6	76
515.8	75
516	75
516.2	70
516.4	80
516.6	80
516.8	78
517	81
517.2	86
517.4	88
517.6	82
517.8	86
518	70
518.2	73
518.4	71
518.6	71
518.8	78
519	87
519.2	80
519.4	77
519.6	70
519.8	70
520	84
520.2	84
520.4	72
520.6	60
520.8	63
521	62
521.2	67
521.4	80
521.6	75
521.8	80
522	67
522.2	79
522.4	77
522.6	78
522.8	79
523	59
523.2	72
523.4	65
523.6	71
523.8	69
524	73
524.2	81
524.4	85
524.6	74
524.8	82
525	64
525.2	59
525.4	72
525.6	71
525.8	68
526	67
526.2	73
526.4	75
526.6	90
526.8	80
527	74
527.2	69
527.4	79
527.6	75
527.8	64
528	60
528.2	57
528.4	52
528.6	57
528.8	65
529	73
529.2	74
529.4	71
529.6	68
529.8	68
530	67
530.2	63
530.4	61
530.6	65
530.8	59
531	66
531.2	73
531.4	69
531.6	65
531.8	75
532	71
532.2	79
532.4	68
532.6	75
532.8	74
533	81
533.2	67
533.4	75
533.6	66
533.8	63
534	71
534.2	67
534.4	76
534.6	69
534.8	68
535	78
535.2	70
535.4	66
535.6	72
535.8	71
536	72
536.2	69
536.4	69
536.6	54
536.8	59
537	64
537.2	78
537.4	65
537.6	74
537.8	77
538	77
538.2	64
538.4	70
538.6	65
538.8	51
539	58
539.2	67
539.4	66
539.6	63
539.8	68
540	71
540.2	78
540.4	85
540.6	76
540.8	71
541	61
541.2	71
541.4	63
541.6	67
541.8	65
542	67
542.2	60
542.4	60
542.6	65
542.8	78
543	83
543.2	71
543.4	74
543.6	69
543.8	66
544	67
544.2	61
544.4	46
544.6	57
544.8	66
545	64
545.2	63
545.4	67
545.6	69
545.8	65
546	77
546.2	71
546.4	64
546.6	73
546.8	58
547	64
547.2	58
547.4	58
547.6	57
547.8	62
548	56
548.2	72
548.4	60
548.6	66
548.8	71
549	61
549.2	72
549.4	76
549.6	56
549.8	55
550	55
550.2	50
550.4	60
550.6	59
550.8	55
551	61
551.2	65
551.4	68
551.6	71
551.8	73
552	60
552.2	55
552.4	52
552.6	55
552.8	51
553	56
553.2	52
553.4	60
553.6	68
553.8	56
554	71
554.2	68
554.4	62
554.6	60
554.8	66
555	60
555.2	62
555.4	51
555.6	50
555.8	56
556	61
556.2	68
556.4	64
556.6	62
556.8	72
557	59
557.2	61
557.4	64
557.6	68
557.8	48
558	64
558.2	69
558.4	66
558.6	59
558.8	47
559	57
559.2	60
559.4	58
559.6	77
559.8	58
560	60
560.2	67
560.4	60
560.6	49
560.8	64
561	48
561.2	54
561.4	46
561.6	59
561.8	61
562	63
562.2	63
562.4	63
562.6	72
562.8	63
563	65
563.2	60
563.4	65
563.6	57
563.8	70
564	65
564.2	62
564.4	53
564.6	60
564.8	68
565	52
565.2	64
565.4	59
565.6	85
565.8	73
566	76
566.2	67
566.4	71
566.6	69
566.8	66
567	62
567.2	60
567.4	56
567.6	56
567.8	62
568	63
568.2	68
568.4	57
568.6	65
568.8	52
569	72
569.2	66
569.4	66
569.6	70
569.8	71
570	64
570.2	56
570.4	53
570.6	54
570.8	58
571	44
571.2	51
571.4	48
571.6	60
571.8	70
572	60
572.2	67
572.4	54
572.6	63
572.8	62
573	55
573.2	52
573.4	57
573.6	51
573.8	42
574	47
574.2	58
574.4	49
574.6	62
574.8	76
575	52
575.2	66
575.4	65
575.6	66
575.8	63
576	61
576.2	55
576.4	44
576.6	47
576.8	52
577	63
577.2	63
577.4	63
577.6	42
577.8	56
578	61
578.2	71
578.4	73
578.6	70
578.8	72
579	70
579.2	62
579.4	52
579.6	49
579.8	56
580	54
580.2	54
580.4	40
580.6	47
580.8	53
581	55
581.2	66
581.4	60
581.6	60
581.8	54
582	61
582.2	66
582.4	65
582.6	69
582.8	61
583	55
583.2	45
583.4	47
583.6	55
583.8	60
584	67
584.2	73
584.4	66
584.6	65
584.8	60
585	67
585.2	53
585.4	53
585.6	52
585.8	61
586	58
586.2	40
586.4	61
586.6	49
586.8	42
587	50
587.2	61
587.4	58
587.6	48
587.8	53
588	49
588.2	57
588.4	66
588.6	51
588.8	61
589	59
589.2	62
589.4	65
589.6	45
589.8	44
590	38
590.2	49
590.4	49
590.6	55
590.8	57
591	58
591.2	47
591.4	64
591.6	62
591.8	54
592	60
592.2	61
592.4	58
592.6	50
592.8	41
593	40
593.2	50
593.4	50
593.6	48
593.8	57
594	54
594.2	63
594.4	64
594.6	67
594.8	67
595	55
595.2	51
595.4	45
595.6	55
595.8	55
596	56
596.2	35
596.4	27
596.6	49
596.8	36
597	47
597.2	59
597.4	60
597.6	46
597.8	51
598	64
598.2	58
598.4	73
598.6	64
598.8	57
599	42
599.2	48
599.4	49
599.6	48
599.8	45
600	67
600.2	52
600.4	64
600.6	52
600.8	51
601	64
601.2	60
601.4	48
601.6	56
601.8	51
602	43
602.2	47
602.4	48
602.6	46
602.8	44
603	28
603.2	52
603.4	44
603.6	52
603.8	52
604	34
604.2	49
604.4	61
604.6	44
604.8	41
605	52
605.2	50
605.4	52
605.6	37
605.8	51
606	39
606.2	44
606.4	41
606.6	44
606.8	36
607	40
607.2	33
607.4	45
607.6	49
607.8	50
608	53
608.2	53
608.4	53
608.6	62
608.8	49
609	56
609.2	66
609.4	64
609.6	62
609.8	41
610	42
610.2	51
610.4	54
610.6	43
610.8	49
611	49
611.2	63
611.4	59
611.6	58
611.8	69
612	78
612.2	76
612.4	58
612.6	55
612.8	54
613	63
613.2	46
613.4	35
613.6	44
613.8	44
614	41
614.2	35
614.4	51
614.6	51
614.8	45
615	63
615.2	67
615.4	69
615.6	59
615.8	44
616	38
616.2	39
616.4	43
616.6	38
616.8	36
617	41
617.2	41
617.4	42
617.6	48
617.8	42
618	44
618.2	30
618.4	52
618.6	47
618.8	63
619	47
619.2	49
619.4	60
619.6	61
619.8	48
620	43
620.2	56
620.4	45
620.6	45
620.8	42
621	41
621.2	35
621.4	34
621.6	51
621.8	45
622	52
622.2	44
622.4	53
622.6	52
622.8	65
623	65
623.2	57
623.4	48
623.6	51
623.8	47
624	57
624.2	67
624.4	40
624.6	45
624.8	49
625	40
625.2	58
625.4	49
625.6	44
625.8	46
626	51
626.2	56
626.4	62
626.6	55
626.8	66
627	54
627.2	49
627.4	49
627.6	54
627.8	49
628	58
628.2	28
628.4	45
628.6	52
628.8	41
629	58
629.2	50
629.4	49
629.6	64
629.8	51
630	63
630.2	52
630.4	49
630.6	52
630.8	48
631	50
631.2	59
631.4	45
631.6	46
631.8	47
632	46
632.2	37
632.4	40
632.6	37
632.8	35
633	36
633.2	46
633.4	50
633.6	46
633.8	58
634	68
634.2	48
634.4	46
634.6	55
634.8	49
635	59
635.2	59
635.4	43
635.6	39
635.8	51
636	47
636.2	53
636.4	45
636.6	47
636.8	60
637	53
637.2	65
637.4	61
637.6	59
637.8	64
638	64
638.2	72
638.4	73
638.6	66
638.8	61
639	57
639.2	59
639.4	69
639.6	65
639.8	65
640	66
640.2	63
640.4	57
640.6	69
640.8	62
641	77
641.2	68
641.4	83
641.6	91
641.8	82
642	88
642.2	82
642.4	95
642.6	84
642.8	84
643	72
643.2	60
643.4	72
643.6	85
643.8	69
644	67
644.2	69
644.4	72
644.6	79
644.8	85
645	91
645.2	88
645.4	94
645.6	95
645.8	92
646	94
646.2	91
646.4	89
646.6	83
646.8	98
647	87
647.2	82
647.4	71
647.6	89
647.8	88
648	78
648.2	83
648.4	92
648.6	97
648.8	94
649	105
649.2	119
649.4	113
649.6	119
649.8	117
650	115
650.2	122
650.4	122
650.6	115
650.8	128
651	131
651.2	124
651.4	128
651.6	137
651.8	137
652	136
652.2	146
652.4	163
652.6	150
652.8	160
653	187
653.2	202
653.4	206
653.6	217
653.8	225
654	256
654.2	258
654.4	261
654.6	299
654.8	333
655	361
655.2	387
655.4	419
655.6	435
655.8	489
656	529
656.2	573
656.4	623
656.6	651
656.8	723
657	753
657.2	788
657.4	806
657.6	816
657.8	793
658	773
658.2	733
658.4	717
658.6	691
658.8	666
659	645
659.2	624
659.4	624
659.6	595
659.8	549
660	500
660.2	467
660.4	460
660.6	426
660.8	406
661	412
661.2	409
661.4	412
661.6	425
661.8	447
662	469
662.2	497
662.4	528
662.6	586
662.8	651
663	724
663.2	750
663.4	730
663.6	690
663.8	619
664	562
664.2	494
664.4	454
664.6	405
664.8	390
665	370
665.2	369
665.4	369
665.6	376
665.8	360
666	360
666.2	369
666.4	379
666.6	388
666.8	397
667	396
667.2	400
667.4	404
667.6	402
667.8	424
668	445
668.2	463
668.4	480
668.6	498
668.8	530
669	560
669.2	577
669.4	637
669.6	667
669.8	696
670	730
670.2	764
670.4	794
670.6	812
670.8	827
671	813
671.2	803
671.4	801
671.6	784
671.8	753
672	756
672.2	745
672.4	754
672.6	747
672.8	742
673	717
673.2	740
673.4	745
673.6	742
673.8	772
674	765
674.2	775
674.4	782
674.6	789
674.8	792
675	820
675.2	820
675.4	836
675.6	837
675.8	827
676	828
676.2	830
676.4	837
676.6	846
676.8	873
677	893
677.2	921
677.4	940
677.6	951
677.8	978
678	1001
678.2	1024
678.4	994
678.6	1007
678.8	1025
679	1052
679.2	1051
679.4	1075
679.6	1109
679.8	1144
680	1191
680.2	1237
680.4	1264
680.6	1326
680.8	1378
681	1427
681.2	1469
681.4	1530
681.6	1614
681.8	1692
682	1802
682.2	1914
682.4	1988
682.6	2074
682.8	2157
683	2262
683.2	2389
683.4	2507
683.6	2677
683.8	2841
684	3083
684.2	3371
684.4	3690
684.6	4123
684.8	4694
685	5408
685.2	6358
685.4	7522
685.6	8850
685.8	10091
686	10655
686.2	10329
686.4	9418
686.6	8434
686.8	7693
687	7221
687.2	6969
687.4	6895
687.6	6901
687.8	6899
688	6883
688.2	6780
688.4	6531
688.6	6141
688.8	5614
689	5055
689.2	4503
689.4	4043
689.6	3728
689.8	3467
690	3315
690.2	3232
690.4	3147
690.6	3055
690.8	2911
691	2742
691.2	2573
691.4	2414
691.6	2270
691.8	2126
692	2002
692.2	1908
692.4	1811
692.6	1751
692.8	1666
693	1606
693.2	1548
693.4	1492
693.6	1435
693.8	1372
694	1324
694.2	1300
694.4	1236
694.6	1221
694.8	1192
695	1164
695.2	1144
695.4	1119
695.6	1115
695.8	1121
696	1131
696.2	1123
696.4	1149
696.6	1192
696.8	1259
697	1330
697.2	1414
697.4	1499
697.6	1616
697.8	1685
698	1731
698.2	1753
698.4	1719
698.6	1712
698.8	1698
699	1724
699.2	1754
699.4	1802
699.6	1821
699.8	1868
700	1947
700.2	2030
700.4	2085
700.6	2213
700.8	2332
701	2446
701.2	2553
701.4	2633
701.6	2626
701.8	2606
702	2544
702.2	2523
702.4	2518
702.6	2529
702.8	2536
703	2530
703.2	2483
703.4	2417
703.6	2348
703.8	2295
704	2237
704.2	2184
704.4	2103
704.6	2019
704.8	1939
705	1855
705.2	1731
705.4	1645
705.6	1556
705.8	1472
706	1396
706.2	1354
706.4	1290
706.6	1238
706.8	1178
707	1133
707.2	1089
707.4	1045
707.6	1012
707.8	944
708	908
708.2	888
708.4	831
708.6	797
708.8	766
709	714
709.2	666
709.4	605
709.6	575
709.8	540
710	489
710.2	465
710.4	429
710.6	404
710.8	381
711	367
711.2	331
711.4	313
711.6	305
711.8	286
712	274
712.2	250
712.4	261
712.6	241
712.8	228
713	218
713.2	201
713.4	193
713.6	171
713.8	168
714	178
714.2	140
714.4	157
714.6	148
714.8	144
715	111
715.2	119
715.4	122
715.6	136
715.8	131
716	108
716.2	129
716.4	120
716.6	130
716.8	108
717	114
717.2	126
717.4	107
717.6	141
717.8	118
718	105
718.2	108
718.4	105
718.6	99
718.8	100
719	91
719.2	91
719.4	87
719.6	80
719.8	91
720	84
720.2	76
720.4	79
720.6	63
720.8	81
721	83
721.2	78
721.4	77
721.6	91
721.8	95
722	87
722.2	74
722.4	63
722.6	87
722.8	79
723	82
723.2	66
723.4	86
723.6	69
723.8	59
724	59
724.2	67
724.4	57
724.6	55
724.8	35
725	41
725.2	30
725.4	33
725.6	43
725.8	56
726	39
726.2	54
726.4	75
726.6	62
726.8	50
727	50
727.2	55
727.4	71
727.6	57
727.8	61
728	59
728.2	57
728.4	62
728.6	58
728.8	65
729	47
729.2	34
729.4	53
729.6	52
729.8	44
730	39
730.2	48
730.4	36
730.6	33
730.8	32
731	46
731.2	33
731.4	36
731.6	65
731.8	57
732	51
732.2	47
732.4	59
732.6	60
732.8	39
733	72
733.2	59
733.4	65
733.6	68
733.8	49
734	55
734.2	48
734.4	72
734.6	37
734.8	46
735	38
735.2	53
735.4	30
735.6	21
735.8	25
736	37
736.2	57
736.4	59
736.6	55
736.8	50
737	45
737.2	51
737.4	72
737.6	64
737.8	82
738	45
738.2	47
738.4	84
738.6	80
738.8	68
739	68
739.2	46
739.4	56
739.6	73
739.8	52
740	50
