# Optical absorption spectrum of Program fragment delivered error ``Can't call method "sample_" on an undefined value at abs.template line 1.'':YLF (Tm:LiYF4)
# assuming unity concentration per meter.  This data was part of the NASA 
# Laser Spectra Database found on the web until December of 2005 which
# was created by Pat Cross working at NASA Langley Research Center, Internal
# Operations Group, Aerospace Electronics Systems Division, Remote Sensing.
#
# The spectra was collected by BMW on 21 February 1992 and was 
# annotated on 24 February 1992.  The sample name was "" was a 4.3900
# long piece of :.   
# The incident light was unpolarized.
#
# Spectra were recorded from 320 to 740nm
# every 0.2nm at room temperature.
#
# FILE NAME ON PC = BR90.DX NO_POINTS = 2101. pts DATA_INTV = .000200 ˆm MIN_LAMBDA = .320000 ˆm MIN_DATA = .00570 MAX_LAMBDA = .740000 ˆm MAX_DATA = .94590 SCANSPEED = 15.000000 NM/MIN SLITWIDTH= .40000 NM RESP TIME = 1.0 sec SENSITIVITY = 2 DATE=92/02/21 VERTICAL POL. (E PARALLEL TO C-AXIS).
#
##Wavelength (nm)	Absorbance (/meter) 
320	288
320.2	281
320.4	276
320.6	274
320.8	252
321	283
321.2	306
321.4	304
321.6	299
321.8	282
322	277
322.2	275
322.4	281
322.6	263
322.8	292
323	292
323.2	277
323.4	270
323.6	275
323.8	272
324	281
324.2	287
324.4	288
324.6	266
324.8	270
325	289
325.2	282
325.4	280
325.6	295
325.8	275
326	275
326.2	277
326.4	259
326.6	254
326.8	280
327	285
327.2	288
327.4	251
327.6	291
327.8	294
328	286
328.2	254
328.4	246
328.6	274
328.8	299
329	254
329.2	277
329.4	273
329.6	248
329.8	259
330	279
330.2	279
330.4	267
330.6	248
330.8	261
331	266
331.2	256
331.4	264
331.6	272
331.8	273
332	267
332.2	283
332.4	275
332.6	266
332.8	255
333	269
333.2	253
333.4	254
333.6	242
333.8	265
334	269
334.2	278
334.4	277
334.6	265
334.8	267
335	273
335.2	261
335.4	263
335.6	264
335.8	262
336	246
336.2	259
336.4	277
336.6	296
336.8	262
337	254
337.2	255
337.4	276
337.6	253
337.8	270
338	223
338.2	237
338.4	291
338.6	283
338.8	267
339	263
339.2	268
339.4	262
339.6	241
339.8	263
340	255
340.2	284
340.4	274
340.6	281
340.8	253
341	257
341.2	248
341.4	259
341.6	261
341.8	259
342	267
342.2	250
342.4	276
342.6	267
342.8	263
343	271
343.2	270
343.4	271
343.6	277
343.8	270
344	251
344.2	267
344.4	263
344.6	262
344.8	270
345	279
345.2	256
345.4	260
345.6	262
345.8	252
346	254
346.2	251
346.4	270
346.6	254
346.8	278
347	288
347.2	281
347.4	308
347.6	330
347.8	294
348	301
348.2	313
348.4	321
348.6	324
348.8	326
349	335
349.2	352
349.4	359
349.6	348
349.8	364
350	394
350.2	413
350.4	438
350.6	461
350.8	508
351	542
351.2	565
351.4	624
351.6	683
351.8	722
352	762
352.2	807
352.4	838
352.6	836
352.8	865
353	822
353.2	822
353.4	820
353.6	819
353.8	832
354	855
354.2	878
354.4	904
354.6	959
354.8	1053
355	1113
355.2	1232
355.4	1357
355.6	1512
355.8	1737
356	2099
356.2	2755
356.4	4074
356.6	5258
356.8	4896
357	3560
357.2	2966
357.4	3010
357.6	3233
357.8	3187
358	2946
358.2	2741
358.4	2648
358.6	2599
358.8	2648
359	2799
359.2	3012
359.4	3275
359.6	3436
359.8	3550
360	3854
360.2	4376
360.4	4817
360.6	5076
360.8	5152
361	5144
361.2	5302
361.4	5480
361.6	5431
361.8	4897
362	4005
362.2	3145
362.4	2447
362.6	1918
362.8	1547
363	1236
363.2	1028
363.4	867
363.6	769
363.8	660
364	594
364.2	574
364.4	527
364.6	498
364.8	465
365	444
365.2	419
365.4	397
365.6	387
365.8	349
366	346
366.2	312
366.4	313
366.6	311
366.8	296
367	267
367.2	258
367.4	264
367.6	233
367.8	227
368	241
368.2	234
368.4	236
368.6	206
368.8	246
369	227
369.2	230
369.4	228
369.6	227
369.8	235
370	224
370.2	253
370.4	202
370.6	220
370.8	214
371	220
371.2	225
371.4	211
371.6	221
371.8	224
372	184
372.2	217
372.4	217
372.6	213
372.8	200
373	205
373.2	227
373.4	200
373.6	228
373.8	219
374	191
374.2	210
374.4	211
374.6	192
374.8	206
375	230
375.2	200
375.4	212
375.6	263
375.8	224
376	222
376.2	222
376.4	221
376.6	185
376.8	205
377	203
377.2	188
377.4	149
377.6	203
377.8	196
378	227
378.2	218
378.4	235
378.6	220
378.8	240
379	260
379.2	253
379.4	209
379.6	212
379.8	222
380	217
380.2	218
380.4	217
380.6	223
380.8	227
381	211
381.2	184
381.4	202
381.6	209
381.8	202
382	212
382.2	215
382.4	193
382.6	213
382.8	198
383	208
383.2	220
383.4	221
383.6	211
383.8	202
384	207
384.2	208
384.4	205
384.6	204
384.8	202
385	213
385.2	224
385.4	203
385.6	190
385.8	218
386	196
386.2	195
386.4	203
386.6	206
386.8	211
387	211
387.2	225
387.4	206
387.6	206
387.8	215
388	209
388.2	205
388.4	198
388.6	198
388.8	217
389	199
389.2	200
389.4	218
389.6	210
389.8	196
390	198
390.2	205
390.4	210
390.6	192
390.8	204
391	211
391.2	198
391.4	186
391.6	197
391.8	208
392	207
392.2	179
392.4	204
392.6	208
392.8	194
393	217
393.2	190
393.4	197
393.6	195
393.8	199
394	176
394.2	206
394.4	214
394.6	205
394.8	191
395	202
395.2	189
395.4	192
395.6	204
395.8	198
396	207
396.2	196
396.4	196
396.6	193
396.8	190
397	202
397.2	198
397.4	199
397.6	190
397.8	202
398	194
398.2	198
398.4	190
398.6	200
398.8	178
399	205
399.2	193
399.4	191
399.6	192
399.8	194
400	209
400.2	183
400.4	180
400.6	188
400.8	193
401	198
401.2	197
401.4	203
401.6	191
401.8	201
402	191
402.2	180
402.4	204
402.6	199
402.8	199
403	200
403.2	198
403.4	191
403.6	186
403.8	187
404	196
404.2	196
404.4	178
404.6	193
404.8	186
405	183
405.2	193
405.4	182
405.6	188
405.8	189
406	175
406.2	181
406.4	185
406.6	180
406.8	180
407	190
407.2	186
407.4	185
407.6	187
407.8	185
408	195
408.2	201
408.4	181
408.6	182
408.8	201
409	184
409.2	206
409.4	176
409.6	197
409.8	196
410	192
410.2	192
410.4	190
410.6	171
410.8	179
411	178
411.2	192
411.4	201
411.6	185
411.8	172
412	179
412.2	178
412.4	175
412.6	181
412.8	189
413	196
413.2	195
413.4	185
413.6	173
413.8	186
414	184
414.2	194
414.4	182
414.6	179
414.8	201
415	179
415.2	179
415.4	174
415.6	168
415.8	193
416	190
416.2	185
416.4	184
416.6	155
416.8	172
417	179
417.2	190
417.4	191
417.6	185
417.8	166
418	186
418.2	181
418.4	170
418.6	186
418.8	184
419	173
419.2	183
419.4	181
419.6	173
419.8	167
420	167
420.2	185
420.4	186
420.6	185
420.8	180
421	165
421.2	175
421.4	179
421.6	158
421.8	180
422	177
422.2	180
422.4	175
422.6	180
422.8	159
423	161
423.2	162
423.4	191
423.6	176
423.8	172
424	166
424.2	159
424.4	152
424.6	162
424.8	168
425	167
425.2	178
425.4	175
425.6	161
425.8	166
426	158
426.2	161
426.4	169
426.6	184
426.8	188
427	188
427.2	179
427.4	170
427.6	162
427.8	175
428	164
428.2	172
428.4	189
428.6	162
428.8	167
429	174
429.2	167
429.4	157
429.6	162
429.8	165
430	181
430.2	173
430.4	153
430.6	156
430.8	153
431	154
431.2	173
431.4	158
431.6	166
431.8	154
432	154
432.2	167
432.4	161
432.6	154
432.8	167
433	170
433.2	181
433.4	179
433.6	162
433.8	154
434	162
434.2	171
434.4	150
434.6	163
434.8	167
435	153
435.2	141
435.4	163
435.6	162
435.8	158
436	171
436.2	164
436.4	164
436.6	166
436.8	182
437	160
437.2	159
437.4	160
437.6	174
437.8	158
438	155
438.2	168
438.4	164
438.6	155
438.8	155
439	161
439.2	153
439.4	160
439.6	166
439.8	168
440	170
440.2	159
440.4	153
440.6	161
440.8	150
441	140
441.2	161
441.4	165
441.6	154
441.8	171
442	151
442.2	168
442.4	155
442.6	144
442.8	148
443	152
443.2	172
443.4	178
443.6	163
443.8	170
444	166
444.2	150
444.4	138
444.6	152
444.8	160
445	143
445.2	170
445.4	159
445.6	158
445.8	153
446	152
446.2	140
446.4	138
446.6	151
446.8	160
447	163
447.2	146
447.4	146
447.6	145
447.8	158
448	145
448.2	145
448.4	154
448.6	169
448.8	170
449	148
449.2	152
449.4	156
449.6	155
449.8	160
450	154
450.2	163
450.4	165
450.6	168
450.8	160
451	138
451.2	166
451.4	165
451.6	141
451.8	152
452	150
452.2	165
452.4	179
452.6	168
452.8	169
453	162
453.2	163
453.4	155
453.6	165
453.8	179
454	178
454.2	179
454.4	175
454.6	178
454.8	180
455	177
455.2	170
455.4	182
455.6	188
455.8	212
456	217
456.2	213
456.4	210
456.6	215
456.8	220
457	228
457.2	232
457.4	241
457.6	252
457.8	254
458	258
458.2	269
458.4	265
458.6	269
458.8	275
459	286
459.2	304
459.4	322
459.6	349
459.8	374
460	380
460.2	421
460.4	445
460.6	479
460.8	506
461	549
461.2	590
461.4	653
461.6	720
461.8	781
462	856
462.2	954
462.4	1062
462.6	1197
462.8	1369
463	1546
463.2	1805
463.4	2141
463.6	2572
463.8	3185
464	3950
464.2	4646
464.4	4972
464.6	4719
464.8	4225
465	3889
465.2	3885
465.4	4020
465.6	4138
465.8	4076
466	3816
466.2	3446
466.4	3073
466.6	2700
466.8	2384
467	2117
467.2	1893
467.4	1710
467.6	1579
467.8	1465
468	1385
468.2	1331
468.4	1299
468.6	1297
468.8	1310
469	1355
469.2	1408
469.4	1437
469.6	1387
469.8	1257
470	1119
470.2	988
470.4	891
470.6	817
470.8	750
471	715
471.2	710
471.4	713
471.6	733
471.8	809
472	913
472.2	1028
472.4	1102
472.6	1055
472.8	892
473	744
473.2	641
473.4	577
473.6	545
473.8	522
474	530
474.2	545
474.4	549
474.6	566
474.8	594
475	634
475.2	674
475.4	721
475.6	764
475.8	803
476	828
476.2	793
476.4	711
476.6	635
476.8	538
477	482
477.2	442
477.4	402
477.6	374
477.8	363
478	342
478.2	325
478.4	317
478.6	296
478.8	279
479	273
479.2	267
479.4	263
479.6	248
479.8	250
480	243
480.2	246
480.4	233
480.6	234
480.8	235
481	243
481.2	244
481.4	257
481.6	272
481.8	288
482	305
482.2	355
482.4	441
482.6	549
482.8	643
483	661
483.2	615
483.4	551
483.6	478
483.8	404
484	303
484.2	259
484.4	227
484.6	206
484.8	198
485	168
485.2	167
485.4	164
485.6	160
485.8	154
486	165
486.2	157
486.4	145
486.6	141
486.8	142
487	148
487.2	149
487.4	128
487.6	135
487.8	137
488	141
488.2	141
488.4	139
488.6	143
488.8	122
489	132
489.2	133
489.4	134
489.6	134
489.8	135
490	132
490.2	131
490.4	136
490.6	128
490.8	121
491	130
491.2	125
491.4	123
491.6	120
491.8	115
492	119
492.2	133
492.4	134
492.6	128
492.8	141
493	130
493.2	120
493.4	116
493.6	127
493.8	115
494	116
494.2	114
494.4	123
494.6	123
494.8	126
495	121
495.2	118
495.4	108
495.6	111
495.8	117
496	115
496.2	114
496.4	116
496.6	126
496.8	122
497	120
497.2	127
497.4	127
497.6	125
497.8	118
498	116
498.2	113
498.4	115
498.6	116
498.8	117
499	121
499.2	117
499.4	121
499.6	117
499.8	115
500	119
500.2	113
500.4	106
500.6	109
500.8	116
501	111
501.2	117
501.4	116
501.6	118
501.8	112
502	116
502.2	105
502.4	111
502.6	109
502.8	102
503	105
503.2	112
503.4	109
503.6	112
503.8	113
504	118
504.2	115
504.4	114
504.6	118
504.8	109
505	110
505.2	106
505.4	108
505.6	113
505.8	107
506	113
506.2	120
506.4	113
506.6	109
506.8	108
507	103
507.2	101
507.4	110
507.6	112
507.8	105
508	102
508.2	105
508.4	107
508.6	107
508.8	104
509	106
509.2	106
509.4	107
509.6	104
509.8	100
510	96
510.2	102
510.4	106
510.6	113
510.8	113
511	105
511.2	108
511.4	113
511.6	110
511.8	111
512	107
512.2	112
512.4	105
512.6	106
512.8	114
513	114
513.2	110
513.4	117
513.6	112
513.8	110
514	116
514.2	107
514.4	117
514.6	106
514.8	104
515	99
515.2	98
515.4	99
515.6	108
515.8	106
516	102
516.2	106
516.4	110
516.6	108
516.8	100
517	103
517.2	98
517.4	103
517.6	107
517.8	108
518	113
518.2	108
518.4	108
518.6	107
518.8	102
519	100
519.2	100
519.4	97
519.6	100
519.8	99
520	104
520.2	115
520.4	113
520.6	110
520.8	109
521	117
521.2	114
521.4	107
521.6	112
521.8	106
522	120
522.2	120
522.4	130
522.6	123
522.8	109
523	111
523.2	110
523.4	113
523.6	119
523.8	109
524	99
524.2	100
524.4	94
524.6	90
524.8	95
525	95
525.2	106
525.4	98
525.6	101
525.8	99
526	107
526.2	97
526.4	99
526.6	107
526.8	98
527	99
527.2	90
527.4	88
527.6	95
527.8	98
528	105
528.2	101
528.4	110
528.6	102
528.8	91
529	103
529.2	92
529.4	99
529.6	104
529.8	109
530	111
530.2	104
530.4	103
530.6	105
530.8	104
531	106
531.2	113
531.4	104
531.6	98
531.8	95
532	96
532.2	96
532.4	96
532.6	95
532.8	98
533	93
533.2	97
533.4	114
533.6	104
533.8	109
534	101
534.2	98
534.4	97
534.6	97
534.8	98
535	102
535.2	112
535.4	106
535.6	102
535.8	101
536	106
536.2	97
536.4	111
536.6	101
536.8	93
537	101
537.2	103
537.4	103
537.6	97
537.8	93
538	88
538.2	95
538.4	102
538.6	84
538.8	99
539	96
539.2	93
539.4	99
539.6	107
539.8	107
540	94
540.2	90
540.4	96
540.6	98
540.8	101
541	97
541.2	82
541.4	100
541.6	103
541.8	108
542	96
542.2	103
542.4	96
542.6	89
542.8	91
543	92
543.2	93
543.4	102
543.6	89
543.8	93
544	94
544.2	101
544.4	90
544.6	106
544.8	96
545	101
545.2	90
545.4	94
545.6	90
545.8	89
546	92
546.2	83
546.4	84
546.6	94
546.8	95
547	89
547.2	93
547.4	98
547.6	105
547.8	99
548	88
548.2	94
548.4	86
548.6	92
548.8	94
549	88
549.2	85
549.4	90
549.6	95
549.8	105
550	97
550.2	103
550.4	109
550.6	94
550.8	86
551	83
551.2	78
551.4	79
551.6	90
551.8	91
552	99
552.2	99
552.4	84
552.6	84
552.8	96
553	93
553.2	100
553.4	93
553.6	93
553.8	93
554	84
554.2	86
554.4	92
554.6	89
554.8	87
555	89
555.2	91
555.4	93
555.6	86
555.8	98
556	100
556.2	84
556.4	93
556.6	84
556.8	93
557	84
557.2	87
557.4	82
557.6	87
557.8	85
558	93
558.2	76
558.4	93
558.6	91
558.8	103
559	93
559.2	93
559.4	89
559.6	96
559.8	86
560	72
560.2	78
560.4	85
560.6	84
560.8	88
561	85
561.2	81
561.4	75
561.6	77
561.8	87
562	88
562.2	84
562.4	103
562.6	95
562.8	94
563	87
563.2	82
563.4	84
563.6	98
563.8	107
564	108
564.2	99
564.4	109
564.6	99
564.8	100
565	82
565.2	96
565.4	88
565.6	104
565.8	93
566	99
566.2	94
566.4	100
566.6	96
566.8	91
567	102
567.2	92
567.4	96
567.6	104
567.8	95
568	102
568.2	106
568.4	106
568.6	92
568.8	88
569	87
569.2	76
569.4	94
569.6	95
569.8	88
570	88
570.2	88
570.4	96
570.6	108
570.8	90
571	95
571.2	90
571.4	87
571.6	81
571.8	96
572	89
572.2	77
572.4	87
572.6	86
572.8	86
573	84
573.2	102
573.4	95
573.6	93
573.8	107
574	97
574.2	90
574.4	85
574.6	85
574.8	89
575	95
575.2	88
575.4	96
575.6	97
575.8	92
576	99
576.2	96
576.4	89
576.6	95
576.8	86
577	90
577.2	91
577.4	106
577.6	96
577.8	91
578	87
578.2	84
578.4	98
578.6	104
578.8	99
579	92
579.2	93
579.4	90
579.6	96
579.8	90
580	85
580.2	103
580.4	91
580.6	96
580.8	91
581	79
581.2	89
581.4	88
581.6	70
581.8	80
582	88
582.2	84
582.4	83
582.6	91
582.8	78
583	88
583.2	94
583.4	87
583.6	92
583.8	85
584	86
584.2	97
584.4	90
584.6	99
584.8	64
585	76
585.2	77
585.4	84
585.6	79
585.8	99
586	94
586.2	101
586.4	87
586.6	92
586.8	84
587	92
587.2	90
587.4	95
587.6	89
587.8	77
588	85
588.2	81
588.4	77
588.6	71
588.8	85
589	82
589.2	94
589.4	89
589.6	103
589.8	74
590	86
590.2	102
590.4	99
590.6	93
590.8	81
591	87
591.2	87
591.4	91
591.6	90
591.8	90
592	89
592.2	81
592.4	87
592.6	92
592.8	85
593	91
593.2	94
593.4	87
593.6	88
593.8	76
594	91
594.2	81
594.4	88
594.6	81
594.8	74
595	78
595.2	70
595.4	87
595.6	90
595.8	86
596	90
596.2	82
596.4	87
596.6	76
596.8	84
597	86
597.2	87
597.4	76
597.6	88
597.8	84
598	81
598.2	75
598.4	84
598.6	85
598.8	80
599	80
599.2	84
599.4	83
599.6	97
599.8	87
600	90
600.2	94
600.4	86
600.6	74
600.8	80
601	78
601.2	82
601.4	88
601.6	72
601.8	79
602	82
602.2	80
602.4	84
602.6	82
602.8	75
603	81
603.2	96
603.4	85
603.6	77
603.8	69
604	79
604.2	96
604.4	90
604.6	82
604.8	94
605	84
605.2	72
605.4	74
605.6	77
605.8	86
606	76
606.2	80
606.4	86
606.6	88
606.8	89
607	95
607.2	78
607.4	86
607.6	82
607.8	69
608	69
608.2	66
608.4	69
608.6	75
608.8	66
609	78
609.2	84
609.4	93
609.6	90
609.8	80
610	84
610.2	85
610.4	78
610.6	81
610.8	77
611	72
611.2	87
611.4	85
611.6	86
611.8	87
612	76
612.2	70
612.4	83
612.6	79
612.8	88
613	83
613.2	83
613.4	87
613.6	88
613.8	90
614	84
614.2	82
614.4	82
614.6	72
614.8	85
615	60
615.2	81
615.4	75
615.6	71
615.8	69
616	70
616.2	71
616.4	71
616.6	88
616.8	94
617	80
617.2	76
617.4	94
617.6	85
617.8	83
618	71
618.2	78
618.4	89
618.6	86
618.8	88
619	72
619.2	73
619.4	77
619.6	70
619.8	85
620	81
620.2	71
620.4	81
620.6	89
620.8	84
621	76
621.2	65
621.4	92
621.6	88
621.8	69
622	80
622.2	78
622.4	70
622.6	77
622.8	82
623	85
623.2	77
623.4	73
623.6	74
623.8	79
624	79
624.2	73
624.4	81
624.6	78
624.8	82
625	81
625.2	77
625.4	64
625.6	77
625.8	76
626	73
626.2	60
626.4	68
626.6	60
626.8	70
627	57
627.2	57
627.4	76
627.6	80
627.8	72
628	76
628.2	74
628.4	80
628.6	79
628.8	79
629	76
629.2	70
629.4	66
629.6	59
629.8	68
630	68
630.2	67
630.4	67
630.6	75
630.8	77
631	76
631.2	55
631.4	71
631.6	73
631.8	79
632	84
632.2	92
632.4	72
632.6	80
632.8	69
633	70
633.2	80
633.4	81
633.6	62
633.8	85
634	76
634.2	72
634.4	65
634.6	72
634.8	71
635	72
635.2	75
635.4	90
635.6	93
635.8	99
636	85
636.2	102
636.4	100
636.6	93
636.8	85
637	93
637.2	95
637.4	89
637.6	80
637.8	77
638	95
638.2	83
638.4	85
638.6	88
638.8	89
639	100
639.2	102
639.4	88
639.6	101
639.8	108
640	103
640.2	118
640.4	116
640.6	112
640.8	97
641	87
641.2	105
641.4	110
641.6	94
641.8	90
642	94
642.2	95
642.4	107
642.6	107
642.8	108
643	102
643.2	113
643.4	121
643.6	124
643.8	132
644	124
644.2	125
644.4	120
644.6	118
644.8	123
645	117
645.2	118
645.4	130
645.6	129
645.8	111
646	134
646.2	136
646.4	137
646.6	134
646.8	144
647	149
647.2	145
647.4	148
647.6	158
647.8	153
648	170
648.2	157
648.4	155
648.6	157
648.8	166
649	157
649.2	159
649.4	159
649.6	153
649.8	153
650	154
650.2	160
650.4	165
650.6	174
650.8	165
651	173
651.2	187
651.4	196
651.6	193
651.8	194
652	199
652.2	220
652.4	222
652.6	218
652.8	228
653	243
653.2	250
653.4	260
653.6	258
653.8	285
654	276
654.2	297
654.4	304
654.6	332
654.8	359
655	370
655.2	413
655.4	430
655.6	455
655.8	499
656	528
656.2	564
656.4	628
656.6	671
656.8	738
657	839
657.2	952
657.4	1115
657.6	1323
657.8	1600
658	1975
658.2	2430
658.4	2839
658.6	3040
658.8	2909
659	2515
659.2	2039
659.4	1628
659.6	1355
659.8	1145
660	998
660.2	887
660.4	806
660.6	768
660.8	737
661	710
661.2	712
661.4	698
661.6	704
661.8	713
662	719
662.2	752
662.4	790
662.6	853
662.8	939
663	1069
663.2	1179
663.4	1359
663.6	1523
663.8	1693
664	1837
664.2	1919
664.4	1923
664.6	1866
664.8	1806
665	1713
665.2	1620
665.4	1531
665.6	1472
665.8	1416
666	1377
666.2	1311
666.4	1258
666.6	1223
666.8	1194
667	1168
667.2	1151
667.4	1157
667.6	1169
667.8	1166
668	1166
668.2	1182
668.4	1208
668.6	1246
668.8	1281
669	1303
669.2	1317
669.4	1327
669.6	1317
669.8	1330
670	1337
670.2	1332
670.4	1361
670.6	1360
670.8	1366
671	1380
671.2	1398
671.4	1410
671.6	1422
671.8	1423
672	1449
672.2	1476
672.4	1495
672.6	1502
672.8	1505
673	1500
673.2	1516
673.4	1514
673.6	1523
673.8	1513
674	1524
674.2	1549
674.4	1588
674.6	1602
674.8	1690
675	1756
675.2	1853
675.4	1944
675.6	2066
675.8	2120
676	2183
676.2	2278
676.4	2361
676.6	2441
676.8	2528
677	2647
677.2	2768
677.4	2901
677.6	3073
677.8	3232
678	3433
678.2	3624
678.4	3836
678.6	4041
678.8	4251
679	4518
679.2	4766
679.4	5090
679.6	5431
679.8	5825
680	6274
680.2	6763
680.4	7298
680.6	7885
680.8	8494
681	9170
681.2	9953
681.4	10816
681.6	11855
681.8	13009
682	14414
682.2	15850
682.4	17493
682.6	19251
682.8	20928
683	22772
683.2	24740
683.4	26753
683.6	28723
683.8	30815
684	32579
684.2	34128
684.4	35041
684.6	35204
684.8	34881
685	34346
685.2	34200
685.4	34571
685.6	35986
685.8	37960
686	38839
686.2	36960
686.4	32016
686.6	26204
686.8	21210
687	17095
687.2	14019
687.4	11836
687.6	10170
687.8	8912
688	7992
688.2	7252
688.4	6695
688.6	6267
688.8	5940
689	5718
689.2	5576
689.4	5467
689.6	5346
689.8	5137
690	4875
690.2	4537
690.4	4204
690.6	3954
690.8	3706
691	3504
691.2	3341
691.4	3202
691.6	3062
691.8	2934
692	2824
692.2	2697
692.4	2601
692.6	2497
692.8	2405
693	2286
693.2	2197
693.4	2139
693.6	2072
693.8	2014
694	1965
694.2	1892
694.4	1860
694.6	1804
694.8	1786
695	1730
695.2	1694
695.4	1699
695.6	1661
695.8	1672
696	1661
696.2	1676
696.4	1671
696.6	1702
696.8	1720
697	1736
697.2	1775
697.4	1798
697.6	1860
697.8	1953
698	2061
698.2	2219
698.4	2471
698.6	2734
698.8	3006
699	3217
699.2	3305
699.4	3308
699.6	3346
699.8	3402
700	3468
700.2	3568
700.4	3692
700.6	3813
700.8	3911
701	4029
701.2	4072
701.4	4078
701.6	4061
701.8	3981
702	3854
702.2	3722
702.4	3576
702.6	3426
702.8	3302
703	3174
703.2	3083
703.4	3012
703.6	2958
703.8	2921
704	2894
704.2	2837
704.4	2799
704.6	2774
704.8	2704
705	2607
705.2	2488
705.4	2330
705.6	2173
705.8	1988
706	1805
706.2	1622
706.4	1469
706.6	1303
706.8	1153
707	1035
707.2	933
707.4	846
707.6	771
707.8	692
708	643
708.2	597
708.4	544
708.6	490
708.8	470
709	422
709.2	395
709.4	365
709.6	328
709.8	322
710	311
710.2	305
710.4	298
710.6	280
710.8	267
711	263
711.2	241
711.4	232
711.6	197
711.8	202
712	188
712.2	193
712.4	191
712.6	182
712.8	157
713	179
713.2	164
713.4	154
713.6	149
713.8	158
714	161
714.2	169
714.4	150
714.6	160
714.8	152
715	151
715.2	147
715.4	135
715.6	138
715.8	133
716	148
716.2	129
716.4	131
716.6	113
716.8	118
717	104
717.2	98
717.4	96
717.6	110
717.8	114
718	100
718.2	100
718.4	96
718.6	101
718.8	108
719	82
719.2	89
719.4	91
719.6	105
719.8	104
720	89
720.2	80
720.4	83
720.6	78
720.8	82
721	85
721.2	79
721.4	84
721.6	74
721.8	51
722	74
722.2	80
722.4	68
722.6	63
722.8	60
723	59
723.2	59
723.4	55
723.6	42
723.8	48
724	47
724.2	51
724.4	53
724.6	60
724.8	56
725	76
725.2	59
725.4	68
725.6	61
725.8	52
726	35
726.2	52
726.4	62
726.6	27
726.8	35
727	43
727.2	48
727.4	34
727.6	48
727.8	35
728	39
728.2	47
728.4	49
728.6	38
728.8	50
729	44
729.2	60
729.4	69
729.6	72
729.8	40
730	35
730.2	33
730.4	48
730.6	42
730.8	56
731	68
731.2	68
731.4	57
731.6	44
731.8	42
732	69
732.2	78
732.4	57
732.6	53
732.8	54
733	53
733.2	34
733.4	49
733.6	42
733.8	47
734	38
734.2	42
734.4	57
734.6	47
734.8	63
735	76
735.2	61
735.4	77
735.6	73
735.8	61
736	65
736.2	66
736.4	58
736.6	66
736.8	49
737	47
737.2	50
737.4	50
737.6	40
737.8	41
738	49
738.2	45
738.4	55
738.6	43
738.8	55
739	50
739.2	54
739.4	37
739.6	56
739.8	66
740	65
