# Optical absorption spectrum of Program fragment delivered error ``Can't call method "sample_" on an undefined value at abs.template line 1.'':YLF (Tm:LiYF4)
# assuming unity concentration per meter.  This data was part of the NASA 
# Laser Spectra Database found on the web until December of 2005 which
# was created by Pat Cross working at NASA Langley Research Center, Internal
# Operations Group, Aerospace Electronics Systems Division, Remote Sensing.
#
# The spectra was collected by BMW on 20 February 1992 and was 
# annotated on 24 February 1992.  The sample name was "" was a 4.3900
# long piece of :.   
# The incident light was unpolarized.
#
# Spectra were recorded from 1000 to 1400nm
# every 0.2nm at room temperature.
#
# FILE NAME ON PC = BR82.DX NO_POINTS = 2001. pts DATA_INTV = .000200 ˆm MIN_LAMBDA = 1.000000 ˆm MIN_DATA = .21450 MAX_LAMBDA = 1.400000 ˆm MAX_DATA = .88030 SCANSPEED = 60.000000 NM/MIN SLITWIDTH= .00000 ˆm RESP TIME = 1.0 sec SENSITIVITY = 5 DATE=92/02/20 HORIZONTAL POL. (E PERPENDICULAR TO C-AXIS).
#
##Wavelength (nm)	Absorbance (/meter) 
1000	253
1000.2	252
1000.4	259
1000.6	265
1000.8	261
1001	259
1001.2	265
1001.4	261
1001.6	254
1001.8	247
1002	236
1002.2	233
1002.4	262
1002.6	265
1002.8	261
1003	258
1003.2	259
1003.4	269
1003.6	261
1003.8	272
1004	274
1004.2	262
1004.4	262
1004.6	250
1004.8	255
1005	263
1005.2	264
1005.4	269
1005.6	250
1005.8	242
1006	239
1006.2	238
1006.4	237
1006.6	236
1006.8	240
1007	235
1007.2	232
1007.4	217
1007.6	208
1007.8	228
1008	238
1008.2	245
1008.4	234
1008.6	244
1008.8	255
1009	242
1009.2	238
1009.4	242
1009.6	245
1009.8	240
1010	244
1010.2	247
1010.4	240
1010.6	268
1010.8	267
1011	268
1011.2	264
1011.4	258
1011.6	259
1011.8	242
1012	240
1012.2	236
1012.4	231
1012.6	246
1012.8	249
1013	243
1013.2	239
1013.4	230
1013.6	236
1013.8	228
1014	235
1014.2	232
1014.4	228
1014.6	243
1014.8	248
1015	251
1015.2	252
1015.4	263
1015.6	269
1015.8	243
1016	234
1016.2	220
1016.4	218
1016.6	217
1016.8	205
1017	217
1017.2	201
1017.4	212
1017.6	212
1017.8	208
1018	220
1018.2	222
1018.4	229
1018.6	243
1018.8	240
1019	248
1019.2	239
1019.4	235
1019.6	237
1019.8	232
1020	228
1020.2	225
1020.4	230
1020.6	216
1020.8	229
1021	234
1021.2	234
1021.4	237
1021.6	239
1021.8	237
1022	234
1022.2	236
1022.4	231
1022.6	221
1022.8	228
1023	217
1023.2	215
1023.4	218
1023.6	241
1023.8	253
1024	235
1024.2	235
1024.4	228
1024.6	214
1024.8	221
1025	222
1025.2	218
1025.4	210
1025.6	203
1025.8	213
1026	208
1026.2	210
1026.4	214
1026.6	210
1026.8	213
1027	209
1027.2	205
1027.4	193
1027.6	212
1027.8	210
1028	190
1028.2	196
1028.4	207
1028.6	218
1028.8	217
1029	230
1029.2	235
1029.4	215
1029.6	228
1029.8	228
1030	216
1030.2	205
1030.4	218
1030.6	214
1030.8	206
1031	219
1031.2	230
1031.4	219
1031.6	229
1031.8	232
1032	239
1032.2	239
1032.4	220
1032.6	223
1032.8	217
1033	222
1033.2	220
1033.4	217
1033.6	225
1033.8	216
1034	222
1034.2	220
1034.4	216
1034.6	221
1034.8	221
1035	229
1035.2	226
1035.4	229
1035.6	218
1035.8	220
1036	217
1036.2	217
1036.4	215
1036.6	212
1036.8	188
1037	201
1037.2	207
1037.4	207
1037.6	199
1037.8	204
1038	206
1038.2	213
1038.4	214
1038.6	213
1038.8	211
1039	200
1039.2	213
1039.4	219
1039.6	199
1039.8	208
1040	207
1040.2	202
1040.4	213
1040.6	215
1040.8	211
1041	213
1041.2	230
1041.4	234
1041.6	225
1041.8	234
1042	235
1042.2	234
1042.4	230
1042.6	231
1042.8	242
1043	230
1043.2	230
1043.4	222
1043.6	210
1043.8	215
1044	207
1044.2	212
1044.4	212
1044.6	222
1044.8	222
1045	215
1045.2	235
1045.4	258
1045.6	246
1045.8	229
1046	219
1046.2	216
1046.4	204
1046.6	213
1046.8	218
1047	203
1047.2	209
1047.4	216
1047.6	208
1047.8	190
1048	199
1048.2	214
1048.4	207
1048.6	220
1048.8	224
1049	222
1049.2	222
1049.4	222
1049.6	227
1049.8	220
1050	233
1050.2	236
1050.4	231
1050.6	239
1050.8	234
1051	218
1051.2	219
1051.4	223
1051.6	244
1051.8	240
1052	235
1052.2	238
1052.4	221
1052.6	215
1052.8	218
1053	227
1053.2	211
1053.4	233
1053.6	247
1053.8	221
1054	228
1054.2	228
1054.4	231
1054.6	224
1054.8	234
1055	231
1055.2	217
1055.4	228
1055.6	240
1055.8	217
1056	211
1056.2	221
1056.4	226
1056.6	226
1056.8	240
1057	232
1057.2	205
1057.4	213
1057.6	223
1057.8	223
1058	215
1058.2	217
1058.4	215
1058.6	208
1058.8	216
1059	222
1059.2	215
1059.4	217
1059.6	199
1059.8	199
1060	183
1060.2	201
1060.4	217
1060.6	217
1060.8	216
1061	221
1061.2	224
1061.4	223
1061.6	221
1061.8	209
1062	184
1062.2	194
1062.4	202
1062.6	192
1062.8	216
1063	230
1063.2	228
1063.4	208
1063.6	199
1063.8	202
1064	203
1064.2	213
1064.4	215
1064.6	217
1064.8	221
1065	225
1065.2	224
1065.4	214
1065.6	216
1065.8	220
1066	215
1066.2	215
1066.4	208
1066.6	209
1066.8	214
1067	225
1067.2	227
1067.4	207
1067.6	214
1067.8	215
1068	210
1068.2	224
1068.4	218
1068.6	199
1068.8	187
1069	199
1069.2	208
1069.4	202
1069.6	211
1069.8	200
1070	193
1070.2	193
1070.4	207
1070.6	210
1070.8	185
1071	178
1071.2	192
1071.4	196
1071.6	193
1071.8	182
1072	183
1072.2	175
1072.4	181
1072.6	186
1072.8	165
1073	174
1073.2	184
1073.4	187
1073.6	183
1073.8	178
1074	187
1074.2	191
1074.4	201
1074.6	199
1074.8	190
1075	191
1075.2	192
1075.4	185
1075.6	178
1075.8	190
1076	202
1076.2	201
1076.4	201
1076.6	201
1076.8	205
1077	207
1077.2	209
1077.4	201
1077.6	185
1077.8	193
1078	189
1078.2	182
1078.4	189
1078.6	205
1078.8	210
1079	194
1079.2	195
1079.4	194
1079.6	178
1079.8	188
1080	180
1080.2	175
1080.4	169
1080.6	178
1080.8	192
1081	196
1081.2	201
1081.4	191
1081.6	186
1081.8	196
1082	184
1082.2	179
1082.4	187
1082.6	192
1082.8	193
1083	184
1083.2	184
1083.4	178
1083.6	188
1083.8	182
1084	178
1084.2	189
1084.4	190
1084.6	191
1084.8	196
1085	199
1085.2	209
1085.4	202
1085.6	193
1085.8	194
1086	210
1086.2	205
1086.4	189
1086.6	193
1086.8	192
1087	178
1087.2	179
1087.4	192
1087.6	205
1087.8	197
1088	205
1088.2	208
1088.4	197
1088.6	199
1088.8	201
1089	203
1089.2	203
1089.4	208
1089.6	227
1089.8	224
1090	239
1090.2	229
1090.4	212
1090.6	205
1090.8	204
1091	209
1091.2	203
1091.4	216
1091.6	221
1091.8	217
1092	213
1092.2	213
1092.4	215
1092.6	198
1092.8	187
1093	195
1093.2	194
1093.4	208
1093.6	204
1093.8	200
1094	196
1094.2	198
1094.4	197
1094.6	195
1094.8	207
1095	211
1095.2	198
1095.4	201
1095.6	204
1095.8	199
1096	199
1096.2	196
1096.4	190
1096.6	180
1096.8	188
1097	196
1097.2	190
1097.4	192
1097.6	201
1097.8	204
1098	193
1098.2	189
1098.4	194
1098.6	198
1098.8	200
1099	196
1099.2	202
1099.4	199
1099.6	212
1099.8	212
1100	195
1100.2	220
1100.4	224
1100.6	224
1100.8	234
1101	228
1101.2	224
1101.4	218
1101.6	222
1101.8	221
1102	206
1102.2	215
1102.4	208
1102.6	218
1102.8	219
1103	212
1103.2	213
1103.4	195
1103.6	205
1103.8	206
1104	189
1104.2	194
1104.4	199
1104.6	190
1104.8	181
1105	192
1105.2	206
1105.4	205
1105.6	212
1105.8	209
1106	206
1106.2	209
1106.4	205
1106.6	212
1106.8	206
1107	202
1107.2	204
1107.4	197
1107.6	192
1107.8	201
1108	206
1108.2	200
1108.4	228
1108.6	230
1108.8	221
1109	220
1109.2	214
1109.4	219
1109.6	211
1109.8	201
1110	212
1110.2	207
1110.4	211
1110.6	210
1110.8	209
1111	223
1111.2	228
1111.4	223
1111.6	226
1111.8	216
1112	218
1112.2	212
1112.4	227
1112.6	237
1112.8	236
1113	241
1113.2	243
1113.4	241
1113.6	237
1113.8	249
1114	250
1114.2	233
1114.4	243
1114.6	255
1114.8	262
1115	258
1115.2	253
1115.4	249
1115.6	253
1115.8	265
1116	266
1116.2	263
1116.4	257
1116.6	267
1116.8	276
1117	261
1117.2	265
1117.4	262
1117.6	254
1117.8	261
1118	265
1118.2	262
1118.4	252
1118.6	257
1118.8	272
1119	274
1119.2	274
1119.4	277
1119.6	276
1119.8	287
1120	306
1120.2	318
1120.4	300
1120.6	293
1120.8	296
1121	298
1121.2	305
1121.4	309
1121.6	309
1121.8	312
1122	312
1122.2	316
1122.4	309
1122.6	312
1122.8	310
1123	301
1123.2	307
1123.4	318
1123.6	340
1123.8	337
1124	347
1124.2	349
1124.4	342
1124.6	347
1124.8	351
1125	366
1125.2	362
1125.4	361
1125.6	366
1125.8	356
1126	363
1126.2	364
1126.4	362
1126.6	361
1126.8	359
1127	387
1127.2	389
1127.4	406
1127.6	407
1127.8	398
1128	396
1128.2	388
1128.4	398
1128.6	405
1128.8	418
1129	420
1129.2	405
1129.4	412
1129.6	412
1129.8	410
1130	403
1130.2	407
1130.4	413
1130.6	408
1130.8	429
1131	441
1131.2	425
1131.4	416
1131.6	423
1131.8	436
1132	435
1132.2	438
1132.4	440
1132.6	434
1132.8	451
1133	460
1133.2	438
1133.4	442
1133.6	457
1133.8	461
1134	456
1134.2	454
1134.4	465
1134.6	459
1134.8	465
1135	474
1135.2	468
1135.4	465
1135.6	465
1135.8	470
1136	458
1136.2	463
1136.4	472
1136.6	469
1136.8	495
1137	505
1137.2	506
1137.4	501
1137.6	509
1137.8	499
1138	482
1138.2	492
1138.4	504
1138.6	496
1138.8	500
1139	504
1139.2	504
1139.4	496
1139.6	494
1139.8	494
1140	495
1140.2	508
1140.4	524
1140.6	521
1140.8	507
1141	526
1141.2	540
1141.4	524
1141.6	524
1141.8	531
1142	547
1142.2	555
1142.4	551
1142.6	555
1142.8	537
1143	538
1143.2	545
1143.4	554
1143.6	564
1143.8	548
1144	544
1144.2	552
1144.4	562
1144.6	579
1144.8	558
1145	565
1145.2	570
1145.4	578
1145.6	592
1145.8	584
1146	573
1146.2	576
1146.4	585
1146.6	582
1146.8	579
1147	594
1147.2	613
1147.4	609
1147.6	604
1147.8	615
1148	635
1148.2	637
1148.4	643
1148.6	656
1148.8	674
1149	684
1149.2	678
1149.4	691
1149.6	688
1149.8	697
1150	711
1150.2	715
1150.4	746
1150.6	745
1150.8	747
1151	750
1151.2	770
1151.4	784
1151.6	774
1151.8	768
1152	777
1152.2	783
1152.4	788
1152.6	806
1152.8	823
1153	838
1153.2	847
1153.4	859
1153.6	846
1153.8	859
1154	882
1154.2	909
1154.4	912
1154.6	928
1154.8	932
1155	924
1155.2	942
1155.4	953
1155.6	960
1155.8	959
1156	969
1156.2	999
1156.4	1002
1156.6	1022
1156.8	1044
1157	1042
1157.2	1060
1157.4	1069
1157.6	1066
1157.8	1076
1158	1086
1158.2	1106
1158.4	1092
1158.6	1109
1158.8	1131
1159	1134
1159.2	1141
1159.4	1156
1159.6	1165
1159.8	1172
1160	1181
1160.2	1199
1160.4	1204
1160.6	1215
1160.8	1219
1161	1216
1161.2	1229
1161.4	1245
1161.6	1256
1161.8	1253
1162	1278
1162.2	1296
1162.4	1295
1162.6	1300
1162.8	1310
1163	1320
1163.2	1326
1163.4	1341
1163.6	1358
1163.8	1367
1164	1394
1164.2	1404
1164.4	1416
1164.6	1435
1164.8	1445
1165	1460
1165.2	1463
1165.4	1480
1165.6	1500
1165.8	1519
1166	1514
1166.2	1518
1166.4	1531
1166.6	1543
1166.8	1576
1167	1610
1167.2	1631
1167.4	1660
1167.6	1671
1167.8	1687
1168	1703
1168.2	1710
1168.4	1726
1168.6	1724
1168.8	1749
1169	1776
1169.2	1802
1169.4	1826
1169.6	1845
1169.8	1858
1170	1867
1170.2	1914
1170.4	1950
1170.6	1963
1170.8	2011
1171	2040
1171.2	2069
1171.4	2104
1171.6	2134
1171.8	2175
1172	2196
1172.2	2230
1172.4	2267
1172.6	2286
1172.8	2314
1173	2365
1173.2	2412
1173.4	2454
1173.6	2506
1173.8	2558
1174	2598
1174.2	2660
1174.4	2702
1174.6	2747
1174.8	2810
1175	2861
1175.2	2909
1175.4	2958
1175.6	3017
1175.8	3087
1176	3170
1176.2	3239
1176.4	3284
1176.6	3339
1176.8	3402
1177	3468
1177.2	3517
1177.4	3556
1177.6	3596
1177.8	3626
1178	3661
1178.2	3701
1178.4	3716
1178.6	3756
1178.8	3799
1179	3844
1179.2	3877
1179.4	3870
1179.6	3873
1179.8	3856
1180	3844
1180.2	3850
1180.4	3846
1180.6	3837
1180.8	3804
1181	3767
1181.2	3732
1181.4	3704
1181.6	3652
1181.8	3604
1182	3576
1182.2	3546
1182.4	3494
1182.6	3443
1182.8	3404
1183	3363
1183.2	3310
1183.4	3258
1183.6	3232
1183.8	3176
1184	3111
1184.2	3056
1184.4	3014
1184.6	2958
1184.8	2906
1185	2861
1185.2	2825
1185.4	2802
1185.6	2766
1185.8	2726
1186	2688
1186.2	2639
1186.4	2586
1186.6	2537
1186.8	2508
1187	2479
1187.2	2466
1187.4	2455
1187.6	2409
1187.8	2377
1188	2340
1188.2	2300
1188.4	2285
1188.6	2275
1188.8	2251
1189	2222
1189.2	2187
1189.4	2173
1189.6	2152
1189.8	2135
1190	2114
1190.2	2091
1190.4	2070
1190.6	2048
1190.8	2049
1191	2030
1191.2	2007
1191.4	2009
1191.6	1985
1191.8	1964
1192	1955
1192.2	1948
1192.4	1943
1192.6	1921
1192.8	1911
1193	1912
1193.2	1900
1193.4	1909
1193.6	1909
1193.8	1885
1194	1877
1194.2	1897
1194.4	1899
1194.6	1882
1194.8	1879
1195	1892
1195.2	1884
1195.4	1896
1195.6	1903
1195.8	1911
1196	1919
1196.2	1941
1196.4	1936
1196.6	1930
1196.8	1936
1197	1947
1197.2	1951
1197.4	1945
1197.6	1967
1197.8	1995
1198	2007
1198.2	2034
1198.4	2050
1198.6	2048
1198.8	2071
1199	2084
1199.2	2102
1199.4	2115
1199.6	2156
1199.8	2193
1200	2214
1200.2	2237
1200.4	2274
1200.6	2298
1200.8	2326
1201	2364
1201.2	2411
1201.4	2435
1201.6	2485
1201.8	2530
1202	2574
1202.2	2627
1202.4	2688
1202.6	2753
1202.8	2819
1203	2894
1203.2	2972
1203.4	3027
1203.6	3114
1203.8	3198
1204	3291
1204.2	3392
1204.4	3483
1204.6	3579
1204.8	3711
1205	3843
1205.2	3968
1205.4	4113
1205.6	4277
1205.8	4428
1206	4583
1206.2	4748
1206.4	4928
1206.6	5110
1206.8	5311
1207	5539
1207.2	5765
1207.4	6006
1207.6	6254
1207.8	6556
1208	6887
1208.2	7180
1208.4	7549
1208.6	7867
1208.8	8211
1209	8588
1209.2	9006
1209.4	9360
1209.6	9660
1209.8	9978
1210	10224
1210.2	10406
1210.4	10581
1210.6	10697
1210.8	10683
1211	10627
1211.2	10578
1211.4	10392
1211.6	10174
1211.8	9972
1212	9663
1212.2	9378
1212.4	9109
1212.6	8880
1212.8	8564
1213	8224
1213.2	7975
1213.4	7736
1213.6	7475
1213.8	7191
1214	6926
1214.2	6667
1214.4	6466
1214.6	6258
1214.8	6071
1215	5862
1215.2	5699
1215.4	5521
1215.6	5338
1215.8	5194
1216	5048
1216.2	4919
1216.4	4787
1216.6	4669
1216.8	4536
1217	4382
1217.2	4267
1217.4	4185
1217.6	4081
1217.8	4009
1218	3934
1218.2	3868
1218.4	3778
1218.6	3708
1218.8	3623
1219	3539
1219.2	3471
1219.4	3415
1219.6	3376
1219.8	3310
1220	3253
1220.2	3212
1220.4	3165
1220.6	3137
1220.8	3078
1221	3008
1221.2	2958
1221.4	2912
1221.6	2877
1221.8	2810
1222	2738
1222.2	2691
1222.4	2641
1222.6	2591
1222.8	2527
1223	2465
1223.2	2415
1223.4	2367
1223.6	2325
1223.8	2281
1224	2249
1224.2	2212
1224.4	2162
1224.6	2130
1224.8	2108
1225	2069
1225.2	2007
1225.4	1971
1225.6	1924
1225.8	1877
1226	1851
1226.2	1825
1226.4	1792
1226.6	1760
1226.8	1737
1227	1706
1227.2	1665
1227.4	1640
1227.6	1618
1227.8	1587
1228	1549
1228.2	1522
1228.4	1495
1228.6	1464
1228.8	1417
1229	1388
1229.2	1347
1229.4	1337
1229.6	1321
1229.8	1297
1230	1255
1230.2	1227
1230.4	1195
1230.6	1152
1230.8	1133
1231	1122
1231.2	1104
1231.4	1099
1231.6	1070
1231.8	1066
1232	1050
1232.2	1026
1232.4	1003
1232.6	978
1232.8	976
1233	980
1233.2	978
1233.4	965
1233.6	952
1233.8	944
1234	912
1234.2	901
1234.4	883
1234.6	867
1234.8	854
1235	851
1235.2	836
1235.4	821
1235.6	819
1235.8	800
1236	785
1236.2	784
1236.4	786
1236.6	781
1236.8	777
1237	772
1237.2	766
1237.4	747
1237.6	745
1237.8	727
1238	709
1238.2	702
1238.4	696
1238.6	692
1238.8	677
1239	692
1239.2	694
1239.4	676
1239.6	670
1239.8	659
1240	655
1240.2	650
1240.4	640
1240.6	636
1240.8	609
1241	606
1241.2	601
1241.4	601
1241.6	602
1241.8	593
1242	583
1242.2	598
1242.4	601
1242.6	591
1242.8	591
1243	594
1243.2	579
1243.4	558
1243.6	557
1243.8	545
1244	542
1244.2	552
1244.4	563
1244.6	559
1244.8	552
1245	553
1245.2	556
1245.4	552
1245.6	547
1245.8	546
1246	548
1246.2	537
1246.4	530
1246.6	534
1246.8	534
1247	543
1247.2	541
1247.4	532
1247.6	526
1247.8	517
1248	521
1248.2	512
1248.4	511
1248.6	528
1248.8	543
1249	541
1249.2	539
1249.4	545
1249.6	543
1249.8	533
1250	533
1250.2	541
1250.4	536
1250.6	528
1250.8	529
1251	528
1251.2	518
1251.4	512
1251.6	511
1251.8	508
1252	506
1252.2	511
1252.4	508
1252.6	505
1252.8	505
1253	494
1253.2	488
1253.4	473
1253.6	451
1253.8	452
1254	443
1254.2	442
1254.4	434
1254.6	441
1254.8	451
1255	450
1255.2	442
1255.4	436
1255.6	429
1255.8	423
1256	428
1256.2	429
1256.4	423
1256.6	423
1256.8	410
1257	399
1257.2	403
1257.4	406
1257.6	400
1257.8	390
1258	412
1258.2	417
1258.4	419
1258.6	411
1258.8	406
1259	396
1259.2	398
1259.4	404
1259.6	396
1259.8	376
1260	383
1260.2	389
1260.4	373
1260.6	360
1260.8	370
1261	383
1261.2	378
1261.4	377
1261.6	373
1261.8	354
1262	365
1262.2	367
1262.4	351
1262.6	335
1262.8	346
1263	360
1263.2	356
1263.4	353
1263.6	342
1263.8	331
1264	337
1264.2	335
1264.4	312
1264.6	311
1264.8	324
1265	317
1265.2	306
1265.4	313
1265.6	303
1265.8	281
1266	289
1266.2	296
1266.4	298
1266.6	289
1266.8	285
1267	270
1267.2	259
1267.4	272
1267.6	282
1267.8	263
1268	263
1268.2	266
1268.4	266
1268.6	263
1268.8	272
1269	264
1269.2	252
1269.4	253
1269.6	254
1269.8	244
1270	247
1270.2	255
1270.4	250
1270.6	238
1270.8	249
1271	250
1271.2	238
1271.4	235
1271.6	227
1271.8	221
1272	222
1272.2	230
1272.4	237
1272.6	233
1272.8	229
1273	231
1273.2	222
1273.4	211
1273.6	205
1273.8	209
1274	206
1274.2	216
1274.4	216
1274.6	206
1274.8	196
1275	186
1275.2	176
1275.4	175
1275.6	183
1275.8	190
1276	182
1276.2	167
1276.4	169
1276.6	179
1276.8	174
1277	170
1277.2	173
1277.4	171
1277.6	184
1277.8	181
1278	167
1278.2	165
1278.4	162
1278.6	165
1278.8	173
1279	183
1279.2	171
1279.4	146
1279.6	151
1279.8	151
1280	167
1280.2	160
1280.4	168
1280.6	176
1280.8	165
1281	166
1281.2	162
1281.4	154
1281.6	155
1281.8	153
1282	143
1282.2	131
1282.4	146
1282.6	155
1282.8	136
1283	128
1283.2	138
1283.4	145
1283.6	138
1283.8	142
1284	143
1284.2	126
1284.4	123
1284.6	123
1284.8	116
1285	112
1285.2	120
1285.4	130
1285.6	123
1285.8	120
1286	130
1286.2	130
1286.4	120
1286.6	120
1286.8	117
1287	109
1287.2	109
1287.4	109
1287.6	98
1287.8	108
1288	122
1288.2	116
1288.4	107
1288.6	101
1288.8	103
1289	109
1289.2	114
1289.4	112
1289.6	86
1289.8	87
1290	101
1290.2	86
1290.4	74
1290.6	82
1290.8	95
1291	85
1291.2	95
1291.4	97
1291.6	84
1291.8	78
1292	76
1292.2	75
1292.4	71
1292.6	74
1292.8	87
1293	71
1293.2	65
1293.4	78
1293.6	83
1293.8	76
1294	62
1294.2	66
1294.4	63
1294.6	70
1294.8	74
1295	76
1295.2	77
1295.4	88
1295.6	86
1295.8	71
1296	69
1296.2	78
1296.4	78
1296.6	54
1296.8	54
1297	62
1297.2	57
1297.4	58
1297.6	71
1297.8	67
1298	61
1298.2	62
1298.4	66
1298.6	62
1298.8	67
1299	62
1299.2	60
1299.4	61
1299.6	65
1299.8	56
1300	58
1300.2	59
1300.4	59
1300.6	69
1300.8	63
1301	61
1301.2	64
1301.4	74
1301.6	79
1301.8	78
1302	81
1302.2	85
1302.4	83
1302.6	82
1302.8	75
1303	75
1303.2	82
1303.4	79
1303.6	80
1303.8	81
1304	79
1304.2	84
1304.4	94
1304.6	75
1304.8	68
1305	69
1305.2	61
1305.4	63
1305.6	64
1305.8	52
1306	52
1306.2	50
1306.4	62
1306.6	72
1306.8	75
1307	71
1307.2	61
1307.4	76
1307.6	85
1307.8	89
1308	82
1308.2	86
1308.4	89
1308.6	69
1308.8	70
1309	80
1309.2	86
1309.4	70
1309.6	73
1309.8	76
1310	75
1310.2	77
1310.4	71
1310.6	65
1310.8	64
1311	65
1311.2	75
1311.4	76
1311.6	76
1311.8	79
1312	77
1312.2	70
1312.4	66
1312.6	69
1312.8	62
1313	73
1313.2	76
1313.4	66
1313.6	69
1313.8	59
1314	59
1314.2	63
1314.4	61
1314.6	55
1314.8	51
1315	63
1315.2	74
1315.4	69
1315.6	61
1315.8	53
1316	73
1316.2	72
1316.4	83
1316.6	86
1316.8	62
1317	59
1317.2	54
1317.4	61
1317.6	67
1317.8	68
1318	71
1318.2	67
1318.4	72
1318.6	73
1318.8	68
1319	64
1319.2	58
1319.4	65
1319.6	60
1319.8	55
1320	51
1320.2	56
1320.4	55
1320.6	67
1320.8	63
1321	56
1321.2	50
1321.4	51
1321.6	48
1321.8	52
1322	55
1322.2	65
1322.4	64
1322.6	56
1322.8	43
1323	38
1323.2	40
1323.4	54
1323.6	49
1323.8	49
1324	56
1324.2	54
1324.4	60
1324.6	52
1324.8	46
1325	38
1325.2	37
1325.4	47
1325.6	45
1325.8	43
1326	44
1326.2	38
1326.4	45
1326.6	53
1326.8	41
1327	22
1327.2	23
1327.4	34
1327.6	24
1327.8	23
1328	34
1328.2	40
1328.4	35
1328.6	34
1328.8	39
1329	40
1329.2	35
1329.4	36
1329.6	27
1329.8	24
1330	17
1330.2	7
1330.4	1
1330.6	19
1330.8	28
1331	21
1331.2	31
1331.4	42
1331.6	36
1331.8	33
1332	25
1332.2	22
1332.4	25
1332.6	32
1332.8	38
1333	21
1333.2	20
1333.4	23
1333.6	34
1333.8	30
1334	29
1334.2	37
1334.4	40
1334.6	37
1334.8	42
1335	42
1335.2	37
1335.4	37
1335.6	37
1335.8	38
1336	51
1336.2	52
1336.4	45
1336.6	49
1336.8	54
1337	44
1337.2	30
1337.4	43
1337.6	42
1337.8	41
1338	37
1338.2	37
1338.4	44
1338.6	33
1338.8	43
1339	50
1339.2	33
1339.4	31
1339.6	31
1339.8	18
1340	24
1340.2	34
1340.4	28
1340.6	23
1340.8	40
1341	46
1341.2	39
1341.4	42
1341.6	47
1341.8	42
1342	35
1342.2	46
1342.4	50
1342.6	32
1342.8	51
1343	59
1343.2	52
1343.4	51
1343.6	51
1343.8	46
1344	50
1344.2	56
1344.4	44
1344.6	38
1344.8	42
1345	58
1345.2	62
1345.4	45
1345.6	40
1345.8	40
1346	27
1346.2	38
1346.4	37
1346.6	24
1346.8	26
1347	34
1347.2	40
1347.4	37
1347.6	25
1347.8	22
1348	20
1348.2	25
1348.4	37
1348.6	38
1348.8	45
1349	50
1349.2	54
1349.4	38
1349.6	54
1349.8	45
1350	30
1350.2	40
1350.4	42
1350.6	41
1350.8	43
1351	56
1351.2	43
1351.4	32
1351.6	27
1351.8	29
1352	23
1352.2	37
1352.4	38
1352.6	48
1352.8	45
1353	47
1353.2	48
1353.4	45
1353.6	50
1353.8	59
1354	42
1354.2	40
1354.4	41
1354.6	42
1354.8	25
1355	37
1355.2	59
1355.4	19
1355.6	15
1355.8	23
1356	32
1356.2	25
1356.4	28
1356.6	37
1356.8	28
1357	32
1357.2	36
1357.4	45
1357.6	49
1357.8	52
1358	34
1358.2	28
1358.4	39
1358.6	37
1358.8	37
1359	32
1359.2	50
1359.4	45
1359.6	30
1359.8	37
1360	41
1360.2	19
1360.4	1
1360.6	10
1360.8	26
1361	13
1361.2	18
1361.4	19
1361.6	13
1361.8	13
1362	32
1362.2	23
1362.4	25
1362.6	34
1362.8	14
1363	1
1363.2	5
1363.4	12
1363.6	14
1363.8	15
1364	14
1364.2	20
1364.4	26
1364.6	19
1364.8	26
1365	34
1365.2	20
1365.4	28
1365.6	8
1365.8	4
1366	3
1366.2	16
1366.4	13
1366.6	17
1366.8	1
1367	17
1367.2	17
1367.4	5
1367.6	1
1367.8	1
1368	11
1368.2	8
1368.4	16
1368.6	6
1368.8	11
1369	1
1369.2	8
1369.4	7
1369.6	17
1369.8	16
1370	1
1370.2	10
1370.4	7
1370.6	9
1370.8	19
1371	26
1371.2	16
1371.4	26
1371.6	27
1371.8	5
1372	8
1372.2	12
1372.4	6
1372.6	7
1372.8	6
1373	9
1373.2	8
1373.4	10
1373.6	2
1373.8	11
1374	4
1374.2	13
1374.4	18
1374.6	16
1374.8	23
1375	15
1375.2	6
1375.4	14
1375.6	27
1375.8	23
1376	20
1376.2	22
1376.4	17
1376.6	14
1376.8	29
1377	30
1377.2	32
1377.4	24
1377.6	15
1377.8	11
1378	16
1378.2	22
1378.4	6
1378.6	14
1378.8	31
1379	41
1379.2	21
1379.4	23
1379.6	12
1379.8	1
1380	2
1380.2	15
1380.4	15
1380.6	32
1380.8	40
1381	27
1381.2	32
1381.4	43
1381.6	12
1381.8	3
1382	17
1382.2	15
1382.4	12
1382.6	33
1382.8	36
1383	16
1383.2	34
1383.4	18
1383.6	3
1383.8	4
1384	18
1384.2	21
1384.4	2
1384.6	16
1384.8	21
1385	44
1385.2	28
1385.4	8
1385.6	2
1385.8	21
1386	9
1386.2	8
1386.4	25
1386.6	30
1386.8	14
1387	14
1387.2	18
1387.4	27
1387.6	19
1387.8	31
1388	35
1388.2	29
1388.4	20
1388.6	39
1388.8	18
1389	16
1389.2	22
1389.4	15
1389.6	8
1389.8	28
1390	16
1390.2	9
1390.4	18
1390.6	28
1390.8	27
1391	17
1391.2	31
1391.4	25
1391.6	24
1391.8	23
1392	25
1392.2	29
1392.4	39
1392.6	46
1392.8	29
1393	30
1393.2	22
1393.4	8
1393.6	15
1393.8	28
1394	22
1394.2	15
1394.4	10
1394.6	15
1394.8	15
1395	29
1395.2	32
1395.4	30
1395.6	12
1395.8	9
1396	24
1396.2	27
1396.4	22
1396.6	24
1396.8	34
1397	28
1397.2	29
1397.4	28
1397.6	21
1397.8	9
1398	18
1398.2	16
1398.4	10
1398.6	13
1398.8	3
1399	1
1399.2	5
1399.4	1
1399.6	4
1399.8	16
1400	18
