# Optical absorption spectrum of Program fragment delivered error ``Can't call method "sample_" on an undefined value at abs.template line 1.'':YLF (Tm:LiYF4)
# assuming unity concentration per meter.  This data was part of the NASA 
# Laser Spectra Database found on the web until December of 2005 which
# was created by Pat Cross working at NASA Langley Research Center, Internal
# Operations Group, Aerospace Electronics Systems Division, Remote Sensing.
#
# The spectra was collected by BMW on 20 February 1992 and was 
# annotated on 24 February 1992.  The sample name was "" was a 4.3900
# long piece of :.   
# The incident light was unpolarized.
#
# Spectra were recorded from 1500 to 2000nm
# every 0.2nm at room temperature.
#
# FILE NAME ON PC = BR78.DX NO_POINTS = 2501. pts DATA_INTV = .000200 ˆm MIN_LAMBDA = 1.500000 ˆm MIN_DATA = .07270 MAX_LAMBDA = 2.000000 ˆm MAX_DATA = .93030 SCANSPEED = 60.000000 NM/MIN SLITWIDTH= .00000 ˆm RESP TIME = 1.0 sec SENSITIVITY = 5 DATE=92/02/20 VERTICAL POL. (E PARALLEL TO C-AXIS).
#
##Wavelength (nm)	Absorbance (/meter) 
1500	102
1500.2	116
1500.4	114
1500.6	127
1500.8	118
1501	109
1501.2	114
1501.4	91
1501.6	97
1501.8	95
1502	97
1502.2	111
1502.4	115
1502.6	128
1502.8	109
1503	104
1503.2	104
1503.4	105
1503.6	116
1503.8	109
1504	119
1504.2	117
1504.4	103
1504.6	102
1504.8	89
1505	121
1505.2	130
1505.4	118
1505.6	113
1505.8	116
1506	144
1506.2	130
1506.4	128
1506.6	124
1506.8	97
1507	106
1507.2	114
1507.4	136
1507.6	126
1507.8	111
1508	117
1508.2	112
1508.4	122
1508.6	120
1508.8	116
1509	121
1509.2	120
1509.4	141
1509.6	133
1509.8	129
1510	134
1510.2	100
1510.4	102
1510.6	117
1510.8	134
1511	137
1511.2	127
1511.4	133
1511.6	122
1511.8	126
1512	131
1512.2	132
1512.4	136
1512.6	125
1512.8	136
1513	132
1513.2	137
1513.4	135
1513.6	118
1513.8	132
1514	129
1514.2	130
1514.4	116
1514.6	105
1514.8	123
1515	118
1515.2	128
1515.4	128
1515.6	121
1515.8	117
1516	103
1516.2	120
1516.4	103
1516.6	115
1516.8	126
1517	103
1517.2	116
1517.4	116
1517.6	119
1517.8	117
1518	109
1518.2	116
1518.4	106
1518.6	107
1518.8	109
1519	107
1519.2	115
1519.4	122
1519.6	141
1519.8	137
1520	124
1520.2	112
1520.4	99
1520.6	109
1520.8	104
1521	98
1521.2	95
1521.4	89
1521.6	107
1521.8	98
1522	101
1522.2	95
1522.4	99
1522.6	109
1522.8	111
1523	120
1523.2	109
1523.4	112
1523.6	116
1523.8	109
1524	127
1524.2	122
1524.4	118
1524.6	113
1524.8	98
1525	101
1525.2	100
1525.4	103
1525.6	119
1525.8	109
1526	104
1526.2	99
1526.4	111
1526.6	106
1526.8	108
1527	115
1527.2	108
1527.4	118
1527.6	119
1527.8	115
1528	110
1528.2	94
1528.4	91
1528.6	83
1528.8	108
1529	116
1529.2	101
1529.4	99
1529.6	98
1529.8	113
1530	108
1530.2	112
1530.4	132
1530.6	119
1530.8	130
1531	136
1531.2	140
1531.4	129
1531.6	120
1531.8	118
1532	120
1532.2	128
1532.4	126
1532.6	104
1532.8	114
1533	113
1533.2	117
1533.4	103
1533.6	109
1533.8	137
1534	112
1534.2	128
1534.4	134
1534.6	129
1534.8	128
1535	133
1535.2	123
1535.4	103
1535.6	104
1535.8	121
1536	108
1536.2	94
1536.4	78
1536.6	96
1536.8	109
1537	127
1537.2	143
1537.4	114
1537.6	104
1537.8	123
1538	140
1538.2	132
1538.4	107
1538.6	111
1538.8	114
1539	131
1539.2	142
1539.4	123
1539.6	142
1539.8	128
1540	137
1540.2	147
1540.4	154
1540.6	152
1540.8	128
1541	130
1541.2	134
1541.4	136
1541.6	128
1541.8	111
1542	125
1542.2	129
1542.4	120
1542.6	123
1542.8	117
1543	124
1543.2	113
1543.4	133
1543.6	131
1543.8	119
1544	124
1544.2	96
1544.4	132
1544.6	141
1544.8	134
1545	117
1545.2	106
1545.4	144
1545.6	144
1545.8	135
1546	146
1546.2	143
1546.4	142
1546.6	123
1546.8	135
1547	135
1547.2	150
1547.4	172
1547.6	153
1547.8	148
1548	141
1548.2	139
1548.4	140
1548.6	139
1548.8	149
1549	141
1549.2	137
1549.4	144
1549.6	131
1549.8	135
1550	126
1550.2	129
1550.4	138
1550.6	146
1550.8	151
1551	130
1551.2	136
1551.4	139
1551.6	142
1551.8	146
1552	130
1552.2	142
1552.4	133
1552.6	144
1552.8	172
1553	161
1553.2	168
1553.4	149
1553.6	175
1553.8	164
1554	151
1554.2	168
1554.4	154
1554.6	159
1554.8	172
1555	179
1555.2	180
1555.4	159
1555.6	175
1555.8	168
1556	159
1556.2	163
1556.4	153
1556.6	156
1556.8	154
1557	170
1557.2	173
1557.4	170
1557.6	172
1557.8	158
1558	171
1558.2	177
1558.4	176
1558.6	170
1558.8	155
1559	180
1559.2	173
1559.4	167
1559.6	175
1559.8	170
1560	172
1560.2	169
1560.4	176
1560.6	175
1560.8	164
1561	187
1561.2	180
1561.4	193
1561.6	197
1561.8	210
1562	208
1562.2	185
1562.4	180
1562.6	171
1562.8	180
1563	203
1563.2	190
1563.4	192
1563.6	181
1563.8	182
1564	180
1564.2	184
1564.4	190
1564.6	170
1564.8	174
1565	185
1565.2	187
1565.4	203
1565.6	198
1565.8	193
1566	190
1566.2	191
1566.4	213
1566.6	201
1566.8	206
1567	194
1567.2	193
1567.4	206
1567.6	202
1567.8	200
1568	165
1568.2	180
1568.4	197
1568.6	201
1568.8	200
1569	183
1569.2	184
1569.4	178
1569.6	182
1569.8	200
1570	198
1570.2	212
1570.4	212
1570.6	211
1570.8	206
1571	202
1571.2	229
1571.4	212
1571.6	220
1571.8	224
1572	220
1572.2	224
1572.4	217
1572.6	233
1572.8	228
1573	215
1573.2	229
1573.4	224
1573.6	228
1573.8	218
1574	227
1574.2	222
1574.4	207
1574.6	237
1574.8	223
1575	232
1575.2	238
1575.4	244
1575.6	246
1575.8	231
1576	239
1576.2	249
1576.4	239
1576.6	258
1576.8	249
1577	252
1577.2	245
1577.4	240
1577.6	264
1577.8	270
1578	273
1578.2	255
1578.4	265
1578.6	268
1578.8	250
1579	258
1579.2	253
1579.4	266
1579.6	257
1579.8	250
1580	264
1580.2	268
1580.4	273
1580.6	261
1580.8	260
1581	267
1581.2	256
1581.4	276
1581.6	287
1581.8	293
1582	298
1582.2	289
1582.4	293
1582.6	275
1582.8	298
1583	290
1583.2	277
1583.4	300
1583.6	293
1583.8	289
1584	283
1584.2	284
1584.4	289
1584.6	276
1584.8	289
1585	286
1585.2	294
1585.4	306
1585.6	303
1585.8	327
1586	307
1586.2	313
1586.4	320
1586.6	300
1586.8	323
1587	319
1587.2	323
1587.4	323
1587.6	315
1587.8	323
1588	335
1588.2	341
1588.4	320
1588.6	331
1588.8	351
1589	338
1589.2	338
1589.4	334
1589.6	329
1589.8	323
1590	319
1590.2	340
1590.4	328
1590.6	336
1590.8	323
1591	321
1591.2	335
1591.4	331
1591.6	342
1591.8	318
1592	329
1592.2	359
1592.4	358
1592.6	360
1592.8	355
1593	363
1593.2	355
1593.4	353
1593.6	362
1593.8	347
1594	351
1594.2	350
1594.4	354
1594.6	365
1594.8	348
1595	358
1595.2	356
1595.4	355
1595.6	364
1595.8	347
1596	359
1596.2	353
1596.4	364
1596.6	368
1596.8	361
1597	366
1597.2	365
1597.4	383
1597.6	381
1597.8	371
1598	377
1598.2	376
1598.4	389
1598.6	372
1598.8	387
1599	403
1599.2	398
1599.4	426
1599.6	419
1599.8	414
1600	405
1600.2	387
1600.4	409
1600.6	410
1600.8	422
1601	426
1601.2	430
1601.4	441
1601.6	434
1601.8	447
1602	427
1602.2	429
1602.4	453
1602.6	454
1602.8	459
1603	451
1603.2	455
1603.4	455
1603.6	451
1603.8	469
1604	466
1604.2	480
1604.4	473
1604.6	466
1604.8	465
1605	448
1605.2	459
1605.4	464
1605.6	473
1605.8	490
1606	485
1606.2	497
1606.4	488
1606.6	486
1606.8	489
1607	502
1607.2	514
1607.4	507
1607.6	525
1607.8	525
1608	514
1608.2	516
1608.4	527
1608.6	537
1608.8	535
1609	542
1609.2	556
1609.4	554
1609.6	564
1609.8	562
1610	566
1610.2	557
1610.4	545
1610.6	561
1610.8	562
1611	567
1611.2	564
1611.4	562
1611.6	584
1611.8	588
1612	592
1612.2	586
1612.4	579
1612.6	587
1612.8	603
1613	621
1613.2	613
1613.4	601
1613.6	606
1613.8	622
1614	658
1614.2	655
1614.4	652
1614.6	665
1614.8	664
1615	683
1615.2	681
1615.4	670
1615.6	664
1615.8	676
1616	692
1616.2	688
1616.4	699
1616.6	682
1616.8	684
1617	702
1617.2	710
1617.4	734
1617.6	723
1617.8	722
1618	736
1618.2	725
1618.4	734
1618.6	742
1618.8	759
1619	763
1619.2	759
1619.4	768
1619.6	766
1619.8	782
1620	789
1620.2	797
1620.4	798
1620.6	810
1620.8	830
1621	817
1621.2	821
1621.4	820
1621.6	815
1621.8	840
1622	831
1622.2	832
1622.4	820
1622.6	829
1622.8	842
1623	840
1623.2	862
1623.4	867
1623.6	863
1623.8	863
1624	865
1624.2	897
1624.4	884
1624.6	879
1624.8	886
1625	868
1625.2	893
1625.4	909
1625.6	932
1625.8	932
1626	930
1626.2	954
1626.4	941
1626.6	950
1626.8	957
1627	955
1627.2	964
1627.4	976
1627.6	997
1627.8	992
1628	997
1628.2	1010
1628.4	1018
1628.6	1040
1628.8	1044
1629	1038
1629.2	1039
1629.4	1052
1629.6	1074
1629.8	1072
1630	1084
1630.2	1065
1630.4	1058
1630.6	1067
1630.8	1074
1631	1112
1631.2	1114
1631.4	1121
1631.6	1139
1631.8	1132
1632	1151
1632.2	1160
1632.4	1174
1632.6	1171
1632.8	1168
1633	1191
1633.2	1185
1633.4	1192
1633.6	1206
1633.8	1218
1634	1242
1634.2	1250
1634.4	1264
1634.6	1271
1634.8	1273
1635	1281
1635.2	1281
1635.4	1314
1635.6	1318
1635.8	1334
1636	1340
1636.2	1339
1636.4	1336
1636.6	1330
1636.8	1367
1637	1382
1637.2	1384
1637.4	1375
1637.6	1383
1637.8	1413
1638	1409
1638.2	1423
1638.4	1429
1638.6	1427
1638.8	1448
1639	1459
1639.2	1477
1639.4	1493
1639.6	1477
1639.8	1492
1640	1495
1640.2	1497
1640.4	1511
1640.6	1512
1640.8	1535
1641	1542
1641.2	1561
1641.4	1560
1641.6	1570
1641.8	1590
1642	1597
1642.2	1619
1642.4	1626
1642.6	1633
1642.8	1655
1643	1677
1643.2	1696
1643.4	1695
1643.6	1701
1643.8	1720
1644	1732
1644.2	1749
1644.4	1754
1644.6	1762
1644.8	1770
1645	1786
1645.2	1797
1645.4	1773
1645.6	1800
1645.8	1802
1646	1820
1646.2	1846
1646.4	1854
1646.6	1893
1646.8	1915
1647	1926
1647.2	1939
1647.4	1937
1647.6	1936
1647.8	1947
1648	1978
1648.2	1981
1648.4	2000
1648.6	2034
1648.8	2030
1649	2053
1649.2	2068
1649.4	2091
1649.6	2116
1649.8	2120
1650	2142
1650.2	2131
1650.4	2142
1650.6	2161
1650.8	2184
1651	2210
1651.2	2223
1651.4	2260
1651.6	2261
1651.8	2260
1652	2290
1652.2	2311
1652.4	2340
1652.6	2358
1652.8	2395
1653	2398
1653.2	2396
1653.4	2427
1653.6	2438
1653.8	2482
1654	2503
1654.2	2513
1654.4	2537
1654.6	2561
1654.8	2598
1655	2612
1655.2	2638
1655.4	2669
1655.6	2674
1655.8	2704
1656	2715
1656.2	2739
1656.4	2762
1656.6	2772
1656.8	2815
1657	2832
1657.2	2869
1657.4	2922
1657.6	2951
1657.8	2994
1658	3008
1658.2	3045
1658.4	3062
1658.6	3081
1658.8	3126
1659	3126
1659.2	3151
1659.4	3178
1659.6	3232
1659.8	3278
1660	3301
1660.2	3348
1660.4	3359
1660.6	3406
1660.8	3441
1661	3463
1661.2	3491
1661.4	3515
1661.6	3573
1661.8	3599
1662	3619
1662.2	3668
1662.4	3696
1662.6	3746
1662.8	3792
1663	3826
1663.2	3845
1663.4	3857
1663.6	3903
1663.8	3953
1664	4013
1664.2	4062
1664.4	4076
1664.6	4112
1664.8	4149
1665	4217
1665.2	4267
1665.4	4303
1665.6	4362
1665.8	4387
1666	4445
1666.2	4507
1666.4	4562
1666.6	4622
1666.8	4668
1667	4763
1667.2	4836
1667.4	4902
1667.6	4967
1667.8	5037
1668	5091
1668.2	5176
1668.4	5272
1668.6	5352
1668.8	5454
1669	5560
1669.2	5616
1669.4	5703
1669.6	5818
1669.8	5906
1670	6022
1670.2	6133
1670.4	6233
1670.6	6364
1670.8	6469
1671	6612
1671.2	6757
1671.4	6892
1671.6	6983
1671.8	7101
1672	7297
1672.2	7433
1672.4	7595
1672.6	7773
1672.8	7943
1673	8143
1673.2	8332
1673.4	8558
1673.6	8775
1673.8	8956
1674	9197
1674.2	9419
1674.4	9683
1674.6	9915
1674.8	10135
1675	10378
1675.2	10599
1675.4	10902
1675.6	11196
1675.8	11424
1676	11732
1676.2	12013
1676.4	12292
1676.6	12582
1676.8	12905
1677	13151
1677.2	13481
1677.4	13851
1677.6	14177
1677.8	14479
1678	14765
1678.2	15091
1678.4	15408
1678.6	15693
1678.8	16138
1679	16459
1679.2	16589
1679.4	16892
1679.6	17122
1679.8	17424
1680	17705
1680.2	17961
1680.4	18128
1680.6	18474
1680.8	18615
1681	18691
1681.2	18905
1681.4	19074
1681.6	19288
1681.8	19351
1682	19268
1682.2	19237
1682.4	19196
1682.6	19094
1682.8	19024
1683	19094
1683.2	19155
1683.4	18934
1683.6	18826
1683.8	18778
1684	18739
1684.2	18739
1684.4	18568
1684.6	18391
1684.8	18290
1685	18227
1685.2	18191
1685.4	18014
1685.6	17806
1685.8	17638
1686	17514
1686.2	17497
1686.4	17336
1686.6	17138
1686.8	16870
1687	16772
1687.2	16735
1687.4	16757
1687.6	16698
1687.8	16581
1688	16488
1688.2	16283
1688.4	16124
1688.6	15995
1688.8	15751
1689	15584
1689.2	15426
1689.4	15303
1689.6	15127
1689.8	14909
1690	14782
1690.2	14629
1690.4	14551
1690.6	14446
1690.8	14300
1691	14125
1691.2	13938
1691.4	13701
1691.6	13481
1691.8	13281
1692	13096
1692.2	12968
1692.4	12888
1692.6	12698
1692.8	12454
1693	12267
1693.2	12133
1693.4	11997
1693.6	11820
1693.8	11656
1694	11465
1694.2	11275
1694.4	11153
1694.6	11009
1694.8	10892
1695	10783
1695.2	10586
1695.4	10410
1695.6	10283
1695.8	10157
1696	10000
1696.2	9885
1696.4	9760
1696.6	9620
1696.8	9482
1697	9358
1697.2	9252
1697.4	9134
1697.6	9034
1697.8	8946
1698	8781
1698.2	8642
1698.4	8568
1698.6	8478
1698.8	8381
1699	8237
1699.2	8156
1699.4	8061
1699.6	7981
1699.8	7876
1700	7785
1700.2	7687
1700.4	7580
1700.6	7499
1700.8	7418
1701	7342
1701.2	7283
1701.4	7145
1701.6	7081
1701.8	7023
1702	6959
1702.2	6874
1702.4	6784
1702.6	6708
1702.8	6604
1703	6527
1703.2	6467
1703.4	6397
1703.6	6344
1703.8	6250
1704	6217
1704.2	6139
1704.4	6045
1704.6	5998
1704.8	5921
1705	5859
1705.2	5790
1705.4	5745
1705.6	5705
1705.8	5625
1706	5557
1706.2	5490
1706.4	5418
1706.6	5363
1706.8	5307
1707	5253
1707.2	5228
1707.4	5175
1707.6	5091
1707.8	5001
1708	4960
1708.2	4899
1708.4	4865
1708.6	4815
1708.8	4791
1709	4754
1709.2	4689
1709.4	4651
1709.6	4591
1709.8	4528
1710	4487
1710.2	4444
1710.4	4416
1710.6	4337
1710.8	4305
1711	4275
1711.2	4227
1711.4	4202
1711.6	4151
1711.8	4104
1712	4065
1712.2	4028
1712.4	3994
1712.6	3941
1712.8	3907
1713	3860
1713.2	3826
1713.4	3807
1713.6	3751
1713.8	3724
1714	3684
1714.2	3657
1714.4	3628
1714.6	3592
1714.8	3578
1715	3540
1715.2	3509
1715.4	3488
1715.6	3453
1715.8	3411
1716	3378
1716.2	3367
1716.4	3323
1716.6	3303
1716.8	3307
1717	3266
1717.2	3241
1717.4	3205
1717.6	3204
1717.8	3175
1718	3165
1718.2	3164
1718.4	3123
1718.6	3109
1718.8	3085
1719	3049
1719.2	3029
1719.4	3024
1719.6	3031
1719.8	3002
1720	2970
1720.2	2967
1720.4	2950
1720.6	2939
1720.8	2915
1721	2899
1721.2	2895
1721.4	2886
1721.6	2889
1721.8	2874
1722	2855
1722.2	2846
1722.4	2850
1722.6	2838
1722.8	2789
1723	2784
1723.2	2771
1723.4	2762
1723.6	2772
1723.8	2752
1724	2746
1724.2	2735
1724.4	2744
1724.6	2753
1724.8	2744
1725	2726
1725.2	2695
1725.4	2691
1725.6	2704
1725.8	2693
1726	2707
1726.2	2700
1726.4	2710
1726.6	2707
1726.8	2705
1727	2703
1727.2	2699
1727.4	2707
1727.6	2718
1727.8	2721
1728	2706
1728.2	2700
1728.4	2728
1728.6	2720
1728.8	2725
1729	2744
1729.2	2744
1729.4	2732
1729.6	2728
1729.8	2732
1730	2718
1730.2	2732
1730.4	2748
1730.6	2754
1730.8	2775
1731	2773
1731.2	2770
1731.4	2770
1731.6	2782
1731.8	2813
1732	2818
1732.2	2831
1732.4	2833
1732.6	2844
1732.8	2879
1733	2883
1733.2	2893
1733.4	2896
1733.6	2894
1733.8	2924
1734	2935
1734.2	2947
1734.4	2961
1734.6	2967
1734.8	2987
1735	2993
1735.2	3019
1735.4	3023
1735.6	3035
1735.8	3061
1736	3071
1736.2	3103
1736.4	3116
1736.6	3133
1736.8	3149
1737	3178
1737.2	3213
1737.4	3228
1737.6	3245
1737.8	3264
1738	3294
1738.2	3308
1738.4	3325
1738.6	3355
1738.8	3387
1739	3443
1739.2	3490
1739.4	3518
1739.6	3562
1739.8	3607
1740	3656
1740.2	3709
1740.4	3763
1740.6	3819
1740.8	3842
1741	3885
1741.2	3951
1741.4	4021
1741.6	4061
1741.8	4117
1742	4192
1742.2	4238
1742.4	4299
1742.6	4361
1742.8	4399
1743	4464
1743.2	4527
1743.4	4588
1743.6	4627
1743.8	4632
1744	4674
1744.2	4697
1744.4	4698
1744.6	4695
1744.8	4697
1745	4680
1745.2	4659
1745.4	4662
1745.6	4636
1745.8	4558
1746	4496
1746.2	4470
1746.4	4420
1746.6	4344
1746.8	4274
1747	4172
1747.2	4084
1747.4	4011
1747.6	3910
1747.8	3819
1748	3730
1748.2	3661
1748.4	3583
1748.6	3518
1748.8	3451
1749	3351
1749.2	3259
1749.4	3195
1749.6	3113
1749.8	3051
1750	3011
1750.2	2970
1750.4	2891
1750.6	2825
1750.8	2797
1751	2752
1751.2	2710
1751.4	2651
1751.6	2597
1751.8	2562
1752	2524
1752.2	2512
1752.4	2484
1752.6	2460
1752.8	2425
1753	2398
1753.2	2380
1753.4	2366
1753.6	2353
1753.8	2327
1754	2308
1754.2	2300
1754.4	2290
1754.6	2275
1754.8	2256
1755	2244
1755.2	2235
1755.4	2213
1755.6	2218
1755.8	2208
1756	2206
1756.2	2201
1756.4	2187
1756.6	2169
1756.8	2151
1757	2138
1757.2	2111
1757.4	2086
1757.6	2090
1757.8	2076
1758	2065
1758.2	2047
1758.4	2037
1758.6	2015
1758.8	1989
1759	1979
1759.2	1937
1759.4	1911
1759.6	1900
1759.8	1872
1760	1842
1760.2	1837
1760.4	1851
1760.6	1836
1760.8	1817
1761	1811
1761.2	1774
1761.4	1777
1761.6	1753
1761.8	1734
1762	1722
1762.2	1713
1762.4	1692
1762.6	1657
1762.8	1634
1763	1637
1763.2	1626
1763.4	1621
1763.6	1611
1763.8	1597
1764	1591
1764.2	1584
1764.4	1575
1764.6	1550
1764.8	1551
1765	1537
1765.2	1526
1765.4	1516
1765.6	1505
1765.8	1499
1766	1477
1766.2	1453
1766.4	1441
1766.6	1418
1766.8	1420
1767	1406
1767.2	1412
1767.4	1390
1767.6	1376
1767.8	1362
1768	1338
1768.2	1333
1768.4	1326
1768.6	1301
1768.8	1282
1769	1277
1769.2	1273
1769.4	1253
1769.6	1241
1769.8	1237
1770	1218
1770.2	1200
1770.4	1181
1770.6	1168
1770.8	1158
1771	1159
1771.2	1169
1771.4	1145
1771.6	1131
1771.8	1109
1772	1094
1772.2	1099
1772.4	1105
1772.6	1089
1772.8	1073
1773	1073
1773.2	1072
1773.4	1054
1773.6	1057
1773.8	1048
1774	1039
1774.2	1039
1774.4	1047
1774.6	1047
1774.8	1025
1775	1018
1775.2	1019
1775.4	1018
1775.6	1015
1775.8	1006
1776	999
1776.2	966
1776.4	957
1776.6	972
1776.8	967
1777	973
1777.2	967
1777.4	953
1777.6	940
1777.8	935
1778	946
1778.2	938
1778.4	936
1778.6	943
1778.8	931
1779	917
1779.2	903
1779.4	920
1779.6	913
1779.8	915
1780	929
1780.2	921
1780.4	920
1780.6	906
1780.8	883
1781	870
1781.2	870
1781.4	873
1781.6	878
1781.8	888
1782	883
1782.2	883
1782.4	870
1782.6	861
1782.8	854
1783	830
1783.2	829
1783.4	853
1783.6	859
1783.8	858
1784	846
1784.2	828
1784.4	805
1784.6	810
1784.8	827
1785	805
1785.2	796
1785.4	799
1785.6	805
1785.8	822
1786	814
1786.2	814
1786.4	801
1786.6	791
1786.8	802
1787	805
1787.2	808
1787.4	798
1787.6	791
1787.8	782
1788	787
1788.2	794
1788.4	775
1788.6	782
1788.8	796
1789	794
1789.2	793
1789.4	784
1789.6	781
1789.8	762
1790	761
1790.2	774
1790.4	762
1790.6	767
1790.8	764
1791	761
1791.2	755
1791.4	758
1791.6	759
1791.8	765
1792	778
1792.2	785
1792.4	769
1792.6	764
1792.8	758
1793	765
1793.2	757
1793.4	749
1793.6	755
1793.8	730
1794	739
1794.2	763
1794.4	766
1794.6	750
1794.8	744
1795	760
1795.2	743
1795.4	741
1795.6	749
1795.8	741
1796	745
1796.2	759
1796.4	776
1796.6	767
1796.8	766
1797	778
1797.2	769
1797.4	765
1797.6	773
1797.8	755
1798	728
1798.2	737
1798.4	758
1798.6	755
1798.8	747
1799	757
1799.2	758
1799.4	748
1799.6	755
1799.8	757
1800	755
1800.2	753
1800.4	766
1800.6	769
1800.8	777
1801	782
1801.2	778
1801.4	764
1801.6	761
1801.8	766
1802	759
1802.2	768
1802.4	775
1802.6	768
1802.8	772
1803	782
1803.2	790
1803.4	771
1803.6	767
1803.8	776
1804	766
1804.2	775
1804.4	774
1804.6	775
1804.8	777
1805	777
1805.2	794
1805.4	780
1805.6	774
1805.8	791
1806	782
1806.2	770
1806.4	765
1806.6	784
1806.8	784
1807	798
1807.2	820
1807.4	810
1807.6	809
1807.8	806
1808	805
1808.2	810
1808.4	805
1808.6	813
1808.8	813
1809	824
1809.2	825
1809.4	802
1809.6	811
1809.8	821
1810	827
1810.2	822
1810.4	840
1810.6	855
1810.8	854
1811	850
1811.2	841
1811.4	839
1811.6	834
1811.8	850
1812	866
1812.2	862
1812.4	864
1812.6	885
1812.8	881
1813	886
1813.2	888
1813.4	888
1813.6	876
1813.8	867
1814	895
1814.2	910
1814.4	922
1814.6	931
1814.8	947
1815	937
1815.2	935
1815.4	936
1815.6	929
1815.8	945
1816	976
1816.2	972
1816.4	978
1816.6	998
1816.8	1002
1817	999
1817.2	1013
1817.4	1039
1817.6	1033
1817.8	1030
1818	1043
1818.2	1056
1818.4	1061
1818.6	1060
1818.8	1072
1819	1077
1819.2	1094
1819.4	1132
1819.6	1144
1819.8	1148
1820	1175
1820.2	1192
1820.4	1204
1820.6	1195
1820.8	1199
1821	1199
1821.2	1216
1821.4	1242
1821.6	1244
1821.8	1222
1822	1224
1822.2	1257
1822.4	1267
1822.6	1260
1822.8	1274
1823	1281
1823.2	1272
1823.4	1284
1823.6	1304
1823.8	1306
1824	1317
1824.2	1341
1824.4	1348
1824.6	1353
1824.8	1353
1825	1342
1825.2	1339
1825.4	1360
1825.6	1400
1825.8	1424
1826	1419
1826.2	1434
1826.4	1431
1826.6	1431
1826.8	1422
1827	1431
1827.2	1446
1827.4	1485
1827.6	1544
1827.8	1553
1828	1560
1828.2	1590
1828.4	1620
1828.6	1625
1828.8	1637
1829	1655
1829.2	1685
1829.4	1700
1829.6	1731
1829.8	1749
1830	1764
1830.2	1782
1830.4	1808
1830.6	1820
1830.8	1819
1831	1814
1831.2	1810
1831.4	1822
1831.6	1829
1831.8	1819
1832	1806
1832.2	1806
1832.4	1798
1832.6	1774
1832.8	1766
1833	1754
1833.2	1716
1833.4	1700
1833.6	1685
1833.8	1663
1834	1618
1834.2	1592
1834.4	1577
1834.6	1552
1834.8	1527
1835	1489
1835.2	1434
1835.4	1389
1835.6	1366
1835.8	1368
1836	1346
1836.2	1307
1836.4	1279
1836.6	1243
1836.8	1193
1837	1170
1837.2	1156
1837.4	1133
1837.6	1103
1837.8	1077
1838	1031
1838.2	985
1838.4	954
1838.6	936
1838.8	950
1839	950
1839.2	952
1839.4	941
1839.6	926
1839.8	906
1840	863
1840.2	830
1840.4	818
1840.6	816
1840.8	803
1841	780
1841.2	800
1841.4	792
1841.6	784
1841.8	769
1842	758
1842.2	716
1842.4	699
1842.6	698
1842.8	694
1843	691
1843.2	689
1843.4	677
1843.6	673
1843.8	667
1844	663
1844.2	646
1844.4	645
1844.6	648
1844.8	638
1845	623
1845.2	632
1845.4	638
1845.6	618
1845.8	614
1846	625
1846.2	615
1846.4	609
1846.6	607
1846.8	601
1847	580
1847.2	590
1847.4	598
1847.6	574
1847.8	563
1848	582
1848.2	568
1848.4	560
1848.6	557
1848.8	535
1849	523
1849.2	522
1849.4	536
1849.6	542
1849.8	541
1850	552
1850.2	547
1850.4	536
1850.6	535
1850.8	543
1851	530
1851.2	537
1851.4	544
1851.6	541
1851.8	534
1852	524
1852.2	532
1852.4	534
1852.6	542
1852.8	536
1853	519
1853.2	526
1853.4	533
1853.6	518
1853.8	515
1854	515
1854.2	502
1854.4	487
1854.6	473
1854.8	481
1855	487
1855.2	493
1855.4	513
1855.6	510
1855.8	511
1856	520
1856.2	524
1856.4	516
1856.6	516
1856.8	523
1857	504
1857.2	488
1857.4	488
1857.6	485
1857.8	475
1858	488
1858.2	488
1858.4	490
1858.6	487
1858.8	508
1859	511
1859.2	495
1859.4	506
1859.6	516
1859.8	506
1860	492
1860.2	502
1860.4	491
1860.6	480
1860.8	488
1861	480
1861.2	471
1861.4	477
1861.6	492
1861.8	497
1862	503
1862.2	519
1862.4	531
1862.6	521
1862.8	523
1863	526
1863.2	502
1863.4	505
1863.6	530
1863.8	537
1864	537
1864.2	531
1864.4	535
1864.6	523
1864.8	530
1865	532
1865.2	534
1865.4	543
1865.6	546
1865.8	548
1866	542
1866.2	563
1866.4	564
1866.6	562
1866.8	567
1867	587
1867.2	577
1867.4	576
1867.6	583
1867.8	597
1868	588
1868.2	580
1868.4	583
1868.6	589
1868.8	607
1869	623
1869.2	647
1869.4	649
1869.6	656
1869.8	667
1870	668
1870.2	684
1870.4	693
1870.6	682
1870.8	675
1871	692
1871.2	721
1871.4	715
1871.6	707
1871.8	713
1872	743
1872.2	770
1872.4	788
1872.6	811
1872.8	814
1873	816
1873.2	825
1873.4	813
1873.6	805
1873.8	817
1874	826
1874.2	852
1874.4	875
1874.6	893
1874.8	892
1875	908
1875.2	919
1875.4	924
1875.6	935
1875.8	947
1876	960
1876.2	956
1876.4	971
1876.6	989
1876.8	983
1877	986
1877.2	997
1877.4	983
1877.6	973
1877.8	964
1878	967
1878.2	977
1878.4	1014
1878.6	1012
1878.8	996
1879	996
1879.2	997
1879.4	990
1879.6	968
1879.8	971
1880	968
1880.2	957
1880.4	953
1880.6	954
1880.8	945
1881	929
1881.2	918
1881.4	925
1881.6	914
1881.8	900
1882	883
1882.2	885
1882.4	891
1882.6	895
1882.8	880
1883	861
1883.2	858
1883.4	873
1883.6	873
1883.8	871
1884	876
1884.2	847
1884.4	817
1884.6	837
1884.8	844
1885	822
1885.2	820
1885.4	822
1885.6	810
1885.8	824
1886	827
1886.2	822
1886.4	807
1886.6	814
1886.8	823
1887	799
1887.2	787
1887.4	785
1887.6	779
1887.8	767
1888	776
1888.2	781
1888.4	760
1888.6	757
1888.8	740
1889	720
1889.2	720
1889.4	721
1889.6	706
1889.8	697
1890	693
1890.2	686
1890.4	665
1890.6	646
1890.8	630
1891	604
1891.2	598
1891.4	601
1891.6	585
1891.8	578
1892	575
1892.2	559
1892.4	527
1892.6	512
1892.8	510
1893	515
1893.2	486
1893.4	485
1893.6	470
1893.8	453
1894	449
1894.2	443
1894.4	421
1894.6	406
1894.8	405
1895	399
1895.2	399
1895.4	409
1895.6	404
1895.8	387
1896	372
1896.2	371
1896.4	366
1896.6	359
1896.8	352
1897	352
1897.2	339
1897.4	330
1897.6	330
1897.8	331
1898	340
1898.2	339
1898.4	318
1898.6	300
1898.8	312
1899	323
1899.2	296
1899.4	294
1899.6	307
1899.8	287
1900	262
1900.2	257
1900.4	259
1900.6	225
1900.8	224
1901	231
1901.2	238
1901.4	254
1901.6	257
1901.8	255
1902	242
1902.2	253
1902.4	263
1902.6	251
1902.8	255
1903	247
1903.2	225
1903.4	212
1903.6	222
1903.8	210
1904	204
1904.2	237
1904.4	246
1904.6	231
1904.8	219
1905	222
1905.2	223
1905.4	215
1905.6	211
1905.8	212
1906	201
1906.2	218
1906.4	228
1906.6	230
1906.8	215
1907	203
1907.2	203
1907.4	192
1907.6	204
1907.8	203
1908	195
1908.2	199
1908.4	216
1908.6	226
1908.8	209
1909	213
1909.2	196
1909.4	192
1909.6	201
1909.8	196
1910	185
1910.2	164
1910.4	189
1910.6	204
1910.8	198
1911	203
1911.2	203
1911.4	185
1911.6	192
1911.8	185
1912	180
1912.2	174
1912.4	196
1912.6	199
1912.8	179
1913	181
1913.2	192
1913.4	183
1913.6	179
1913.8	179
1914	176
1914.2	144
1914.4	141
1914.6	155
1914.8	153
1915	158
1915.2	168
1915.4	189
1915.6	180
1915.8	174
1916	178
1916.2	164
1916.4	158
1916.6	151
1916.8	148
1917	136
1917.2	145
1917.4	153
1917.6	142
1917.8	154
1918	154
1918.2	160
1918.4	169
1918.6	178
1918.8	181
1919	164
1919.2	170
1919.4	168
1919.6	157
1919.8	171
1920	165
1920.2	141
1920.4	138
1920.6	137
1920.8	145
1921	125
1921.2	130
1921.4	135
1921.6	131
1921.8	152
1922	167
1922.2	163
1922.4	143
1922.6	163
1922.8	152
1923	151
1923.2	161
1923.4	161
1923.6	153
1923.8	137
1924	123
1924.2	125
1924.4	105
1924.6	123
1924.8	142
1925	140
1925.2	152
1925.4	166
1925.6	173
1925.8	159
1926	159
1926.2	158
1926.4	140
1926.6	158
1926.8	162
1927	162
1927.2	142
1927.4	150
1927.6	150
1927.8	135
1928	152
1928.2	163
1928.4	155
1928.6	144
1928.8	150
1929	153
1929.2	140
1929.4	153
1929.6	144
1929.8	119
1930	118
1930.2	144
1930.4	144
1930.6	126
1930.8	143
1931	149
1931.2	153
1931.4	171
1931.6	166
1931.8	139
1932	129
1932.2	135
1932.4	141
1932.6	140
1932.8	146
1933	145
1933.2	134
1933.4	147
1933.6	141
1933.8	128
1934	113
1934.2	129
1934.4	140
1934.6	126
1934.8	135
1935	123
1935.2	116
1935.4	145
1935.6	151
1935.8	141
1936	124
1936.2	123
1936.4	116
1936.6	110
1936.8	126
1937	131
1937.2	128
1937.4	126
1937.6	123
1937.8	136
1938	126
1938.2	138
1938.4	133
1938.6	126
1938.8	121
1939	121
1939.2	111
1939.4	102
1939.6	112
1939.8	112
1940	96
1940.2	116
1940.4	124
1940.6	122
1940.8	113
1941	117
1941.2	127
1941.4	111
1941.6	122
1941.8	121
1942	111
1942.2	97
1942.4	107
1942.6	110
1942.8	93
1943	107
1943.2	110
1943.4	99
1943.6	117
1943.8	116
1944	115
1944.2	112
1944.4	135
1944.6	140
1944.8	128
1945	139
1945.2	112
1945.4	91
1945.6	106
1945.8	114
1946	103
1946.2	81
1946.4	107
1946.6	120
1946.8	103
1947	117
1947.2	115
1947.4	127
1947.6	114
1947.8	116
1948	112
1948.2	94
1948.4	108
1948.6	105
1948.8	74
1949	71
1949.2	81
1949.4	93
1949.6	72
1949.8	81
1950	88
1950.2	75
1950.4	87
1950.6	85
1950.8	100
1951	77
1951.2	78
1951.4	78
1951.6	69
1951.8	83
1952	97
1952.2	100
1952.4	99
1952.6	104
1952.8	100
1953	77
1953.2	75
1953.4	77
1953.6	68
1953.8	81
1954	69
1954.2	69
1954.4	54
1954.6	57
1954.8	78
1955	72
1955.2	91
1955.4	75
1955.6	56
1955.8	60
1956	70
1956.2	82
1956.4	53
1956.6	63
1956.8	67
1957	44
1957.2	51
1957.4	52
1957.6	47
1957.8	49
1958	67
1958.2	70
1958.4	63
1958.6	74
1958.8	69
1959	62
1959.2	69
1959.4	84
1959.6	89
1959.8	57
1960	72
1960.2	81
1960.4	62
1960.6	60
1960.8	67
1961	55
1961.2	43
1961.4	54
1961.6	60
1961.8	43
1962	59
1962.2	52
1962.4	45
1962.6	48
1962.8	57
1963	65
1963.2	43
1963.4	56
1963.6	60
1963.8	58
1964	70
1964.2	66
1964.4	54
1964.6	36
1964.8	41
1965	32
1965.2	16
1965.4	28
1965.6	43
1965.8	45
1966	40
1966.2	39
1966.4	45
1966.6	38
1966.8	50
1967	39
1967.2	18
1967.4	37
1967.6	43
1967.8	47
1968	39
1968.2	50
1968.4	45
1968.6	23
1968.8	43
1969	48
1969.2	34
1969.4	44
1969.6	55
1969.8	66
1970	46
1970.2	45
1970.4	31
1970.6	19
1970.8	25
1971	21
1971.2	30
1971.4	37
1971.6	32
1971.8	44
1972	39
1972.2	57
1972.4	46
1972.6	32
1972.8	27
1973	27
1973.2	34
1973.4	3
1973.6	18
1973.8	27
1974	1
1974.2	16
1974.4	21
1974.6	33
1974.8	30
1975	39
1975.2	44
1975.4	30
1975.6	39
1975.8	24
1976	21
1976.2	36
1976.4	43
1976.6	45
1976.8	17
1977	30
1977.2	26
1977.4	16
1977.6	30
1977.8	30
1978	31
1978.2	26
1978.4	30
1978.6	29
1978.8	1
1979	16
1979.2	14
1979.4	24
1979.6	28
1979.8	25
1980	36
1980.2	24
1980.4	48
1980.6	55
1980.8	26
1981	21
1981.2	35
1981.4	33
1981.6	12
1981.8	23
1982	36
1982.2	30
1982.4	47
1982.6	53
1982.8	45
1983	56
1983.2	58
1983.4	63
1983.6	37
1983.8	35
1984	45
1984.2	18
1984.4	44
1984.6	49
1984.8	49
1985	33
1985.2	40
1985.4	55
1985.6	45
1985.8	61
1986	50
1986.2	47
1986.4	51
1986.6	49
1986.8	71
1987	66
1987.2	62
1987.4	65
1987.6	26
1987.8	23
1988	26
1988.2	63
1988.4	67
1988.6	60
1988.8	59
1989	40
1989.2	49
1989.4	40
1989.6	34
1989.8	34
1990	38
1990.2	56
1990.4	42
1990.6	60
1990.8	68
1991	52
1991.2	59
1991.4	68
1991.6	75
1991.8	59
1992	55
1992.2	53
1992.4	30
1992.6	44
1992.8	38
1993	37
1993.2	43
1993.4	48
1993.6	58
1993.8	49
1994	53
1994.2	57
1994.4	46
1994.6	68
1994.8	72
1995	63
1995.2	45
1995.4	49
1995.6	67
1995.8	46
1996	56
1996.2	53
1996.4	58
1996.6	70
1996.8	70
1997	68
1997.2	52
1997.4	50
1997.6	50
1997.8	35
1998	50
1998.2	53
1998.4	56
1998.6	41
1998.8	29
1999	40
1999.2	39
1999.4	44
1999.6	34
1999.8	3
2000	5
