# Optical absorption spectrum of Program fragment delivered error ``Can't call method "sample_" on an undefined value at abs.template line 1.'':YSAG (Tm:Y3Sc2Al3O12)
# assuming unity concentration per meter.  This data was part of the NASA 
# Laser Spectra Database found on the web until December of 2005 which
# was created by Pat Cross working at NASA Langley Research Center, Internal
# Operations Group, Aerospace Electronics Systems Division, Remote Sensing.
#
# The spectra was collected by BMW on  5 July 1993 and was 
# annotated on 12 June 1993.  The sample name was "" was a 10.5000
# long piece of :.   
# The incident light had unknown polarization.
#
# Spectra were recorded from 1500 to 2200nm
# every 0.2nm at room temperature.
#
# FILE NAME ON IBM-PC = YSAG13.SP ON MAC= P12063.06 NO_POINTS = 3501. pts DATA_INTV = .00020 nm MIN_LAMBDA = 1.500000 _m MIN_DATA = .52970 MAX_LAMBDA = 2.200000 _m MAX_DATA = .81460 SCANSPEED = 15.000000 nm/min SLITWIDTH= .20000 nmITA = 0. RESP = .500 sec ISMS = 0. DATE=93/05/07 INST = 509. ? = 0. 0:00:05 12-07-1993.
#
##Wavelength (nm)	Absorbance (/meter) 
1500	374
1500.2	451
1500.4	485
1500.6	451
1500.8	519
1501	473
1501.2	466
1501.4	478
1501.6	430
1501.8	410
1502	418
1502.2	444
1502.4	382
1502.6	468
1502.8	345
1503	454
1503.2	483
1503.4	324
1503.6	514
1503.8	471
1504	517
1504.2	531
1504.4	553
1504.6	505
1504.8	410
1505	401
1505.2	447
1505.4	401
1505.6	346
1505.8	362
1506	377
1506.2	360
1506.4	420
1506.6	334
1506.8	401
1507	464
1507.2	454
1507.4	522
1507.6	495
1507.8	440
1508	544
1508.2	524
1508.4	507
1508.6	498
1508.8	413
1509	495
1509.2	442
1509.4	418
1509.6	476
1509.8	435
1510	346
1510.2	428
1510.4	493
1510.6	498
1510.8	546
1511	365
1511.2	522
1511.4	459
1511.6	411
1511.8	435
1512	454
1512.2	416
1512.4	490
1512.6	449
1512.8	418
1513	440
1513.2	454
1513.4	493
1513.6	457
1513.8	401
1514	500
1514.2	425
1514.4	392
1514.6	452
1514.8	430
1515	416
1515.2	454
1515.4	428
1515.6	481
1515.8	527
1516	459
1516.2	568
1516.4	537
1516.6	527
1516.8	627
1517	466
1517.2	508
1517.4	529
1517.6	447
1517.8	447
1518	491
1518.2	416
1518.4	440
1518.6	372
1518.8	363
1519	513
1519.2	447
1519.4	483
1519.6	520
1519.8	433
1520	471
1520.2	515
1520.4	525
1520.6	510
1520.8	433
1521	435
1521.2	438
1521.4	416
1521.6	442
1521.8	409
1522	426
1522.2	469
1522.4	435
1522.6	421
1522.8	496
1523	471
1523.2	452
1523.4	527
1523.6	542
1523.8	522
1524	505
1524.2	452
1524.4	525
1524.6	462
1524.8	459
1525	491
1525.2	351
1525.4	467
1525.6	493
1525.8	493
1526	481
1526.2	440
1526.4	349
1526.6	503
1526.8	552
1527	496
1527.2	493
1527.4	438
1527.6	431
1527.8	576
1528	486
1528.2	542
1528.4	525
1528.6	455
1528.8	554
1529	559
1529.2	474
1529.4	486
1529.6	414
1529.8	496
1530	554
1530.2	431
1530.4	491
1530.6	407
1530.8	445
1531	576
1531.2	532
1531.4	578
1531.6	583
1531.8	549
1532	477
1532.2	544
1532.4	552
1532.6	571
1532.8	574
1533	503
1533.2	562
1533.4	566
1533.6	421
1533.8	455
1534	530
1534.2	503
1534.4	557
1534.6	457
1534.8	465
1535	535
1535.2	528
1535.4	564
1535.6	569
1535.8	537
1536	581
1536.2	484
1536.4	482
1536.6	559
1536.8	436
1537	501
1537.2	477
1537.4	477
1537.6	525
1537.8	516
1538	494
1538.2	465
1538.4	484
1538.6	489
1538.8	506
1539	496
1539.2	542
1539.4	487
1539.6	547
1539.8	545
1540	537
1540.2	537
1540.4	635
1540.6	586
1540.8	569
1541	572
1541.2	596
1541.4	603
1541.6	559
1541.8	557
1542	572
1542.2	545
1542.4	533
1542.6	564
1542.8	523
1543	460
1543.2	504
1543.4	487
1543.6	574
1543.8	518
1544	542
1544.2	645
1544.4	652
1544.6	654
1544.8	637
1545	596
1545.2	562
1545.4	506
1545.6	550
1545.8	528
1546	511
1546.2	530
1546.4	496
1546.6	477
1546.8	446
1547	518
1547.2	492
1547.4	611
1547.6	601
1547.8	655
1548	616
1548.2	628
1548.4	543
1548.6	601
1548.8	650
1549	574
1549.2	582
1549.4	540
1549.6	560
1549.8	574
1550	565
1550.2	635
1550.4	533
1550.6	603
1550.8	560
1551	552
1551.2	584
1551.4	557
1551.6	526
1551.8	523
1552	613
1552.2	521
1552.4	565
1552.6	591
1552.8	548
1553	640
1553.2	587
1553.4	647
1553.6	577
1553.8	569
1554	709
1554.2	599
1554.4	577
1554.6	502
1554.8	589
1555	528
1555.2	562
1555.4	516
1555.6	506
1555.8	487
1556	480
1556.2	557
1556.4	621
1556.6	645
1556.8	662
1557	574
1557.2	626
1557.4	677
1557.6	687
1557.8	609
1558	623
1558.2	672
1558.4	577
1558.6	606
1558.8	570
1559	633
1559.2	526
1559.4	599
1559.6	631
1559.8	618
1560	643
1560.2	582
1560.4	582
1560.6	633
1560.8	645
1561	675
1561.2	626
1561.4	567
1561.6	633
1561.8	550
1562	565
1562.2	584
1562.4	504
1562.6	521
1562.8	587
1563	558
1563.2	638
1563.4	553
1563.6	584
1563.8	648
1564	592
1564.2	638
1564.4	638
1564.6	594
1564.8	580
1565	670
1565.2	638
1565.4	706
1565.6	655
1565.8	636
1566	680
1566.2	704
1566.4	636
1566.6	611
1566.8	616
1567	589
1567.2	614
1567.4	597
1567.6	531
1567.8	504
1568	517
1568.2	585
1568.4	568
1568.6	711
1568.8	606
1569	568
1569.2	611
1569.4	685
1569.6	607
1569.8	636
1570	672
1570.2	570
1570.4	597
1570.6	592
1570.8	585
1571	590
1571.2	524
1571.4	575
1571.6	570
1571.8	590
1572	609
1572.2	631
1572.4	582
1572.6	697
1572.8	665
1573	707
1573.2	746
1573.4	685
1573.6	717
1573.8	648
1574	714
1574.2	741
1574.4	590
1574.6	551
1574.8	660
1575	660
1575.2	663
1575.4	648
1575.6	631
1575.8	633
1576	631
1576.2	587
1576.4	675
1576.6	629
1576.8	616
1577	582
1577.2	597
1577.4	653
1577.6	685
1577.8	570
1578	673
1578.2	690
1578.4	673
1578.6	744
1578.8	638
1579	636
1579.2	668
1579.4	587
1579.6	670
1579.8	600
1580	629
1580.2	612
1580.4	534
1580.6	626
1580.8	643
1581	578
1581.2	636
1581.4	705
1581.6	709
1581.8	731
1582	751
1582.2	687
1582.4	731
1582.6	749
1582.8	744
1583	729
1583.2	614
1583.4	651
1583.6	709
1583.8	663
1584	661
1584.2	690
1584.4	636
1584.6	719
1584.8	724
1585	666
1585.2	783
1585.4	651
1585.6	805
1585.8	776
1586	763
1586.2	756
1586.4	734
1586.6	697
1586.8	734
1587	710
1587.2	656
1587.4	697
1587.6	585
1587.8	634
1588	727
1588.2	673
1588.4	663
1588.6	768
1588.8	675
1589	710
1589.2	693
1589.4	729
1589.6	855
1589.8	719
1590	766
1590.2	803
1590.4	803
1590.6	874
1590.8	855
1591	722
1591.2	872
1591.4	860
1591.6	833
1591.8	897
1592	793
1592.2	830
1592.4	810
1592.6	712
1592.8	828
1593	801
1593.2	724
1593.4	820
1593.6	830
1593.8	882
1594	934
1594.2	840
1594.4	877
1594.6	889
1594.8	838
1595	917
1595.2	835
1595.4	779
1595.6	951
1595.8	899
1596	894
1596.2	909
1596.4	823
1596.6	862
1596.8	875
1597	815
1597.2	867
1597.4	1003
1597.6	917
1597.8	1016
1598	919
1598.2	1021
1598.4	1048
1598.6	969
1598.8	946
1599	961
1599.2	996
1599.4	984
1599.6	979
1599.8	944
1600	946
1600.2	954
1600.4	971
1600.6	1009
1600.8	942
1601	971
1601.2	1143
1601.4	1014
1601.6	1036
1601.8	1111
1602	1053
1602.2	1083
1602.4	1093
1602.6	1106
1602.8	1183
1603	1066
1603.2	1088
1603.4	1086
1603.6	1073
1603.8	1204
1604	1178
1604.2	1184
1604.4	1178
1604.6	1201
1604.8	1251
1605	1221
1605.2	1244
1605.4	1309
1605.6	1408
1605.8	1418
1606	1421
1606.2	1421
1606.4	1477
1606.6	1569
1606.8	1577
1607	1592
1607.2	1703
1607.4	1682
1607.6	1728
1607.8	1765
1608	1734
1608.2	1840
1608.4	1892
1608.6	1788
1608.8	1936
1609	2059
1609.2	2004
1609.4	2215
1609.6	2252
1609.8	2340
1610	2557
1610.2	2498
1610.4	2622
1610.6	2763
1610.8	2722
1611	2837
1611.2	2900
1611.4	2985
1611.6	3079
1611.8	3082
1612	3193
1612.2	3345
1612.4	3381
1612.6	3571
1612.8	3714
1613	3774
1613.2	3968
1613.4	4154
1613.6	4260
1613.8	4465
1614	4450
1614.2	4663
1614.4	4817
1614.6	4917
1614.8	5154
1615	5219
1615.2	5191
1615.4	5403
1615.6	5547
1615.8	5649
1616	5808
1616.2	5914
1616.4	6105
1616.6	6265
1616.8	6320
1617	6499
1617.2	6565
1617.4	6642
1617.6	6864
1617.8	6877
1618	6986
1618.2	7232
1618.4	7277
1618.6	7257
1618.8	7451
1619	7392
1619.2	7605
1619.4	7640
1619.6	7725
1619.8	7760
1620	7860
1620.2	7860
1620.4	7881
1620.6	7789
1620.8	7878
1621	7924
1621.2	7863
1621.4	8017
1621.6	7999
1621.8	7960
1622	8035
1622.2	7924
1622.4	7964
1622.6	7964
1622.8	7846
1623	7828
1623.2	7760
1623.4	7714
1623.6	7803
1623.8	7542
1624	7472
1624.2	7514
1624.4	7375
1624.6	7215
1624.8	7219
1625	7150
1625.2	7171
1625.4	7085
1625.6	7027
1625.8	6911
1626	6935
1626.2	6589
1626.4	6679
1626.6	6592
1626.8	6525
1627	6419
1627.2	6278
1627.4	6111
1627.6	6115
1627.8	5889
1628	5869
1628.2	5741
1628.4	5589
1628.6	5538
1628.8	5482
1629	5397
1629.2	5353
1629.4	5288
1629.6	5102
1629.8	5108
1630	4948
1630.2	4903
1630.4	4793
1630.6	4588
1630.8	4588
1631	4409
1631.2	4290
1631.4	4211
1631.6	4032
1631.8	3985
1632	3927
1632.2	3838
1632.4	3777
1632.6	3714
1632.8	3517
1633	3515
1633.2	3489
1633.4	3407
1633.6	3328
1633.8	3149
1634	3061
1634.2	2989
1634.4	2925
1634.6	2846
1634.8	2794
1635	2718
1635.2	2652
1635.4	2547
1635.6	2571
1635.8	2563
1636	2429
1636.2	2247
1636.4	2375
1636.6	2229
1636.8	2282
1637	2197
1637.2	2092
1637.4	2139
1637.6	2023
1637.8	2008
1638	1971
1638.2	1900
1638.4	1885
1638.6	1942
1638.8	1841
1639	1856
1639.2	1820
1639.4	1714
1639.6	1719
1639.8	1688
1640	1675
1640.2	1655
1640.4	1624
1640.6	1503
1640.8	1567
1641	1552
1641.2	1590
1641.4	1598
1641.6	1529
1641.8	1629
1642	1655
1642.2	1560
1642.4	1583
1642.6	1567
1642.8	1455
1643	1567
1643.2	1430
1643.4	1369
1643.6	1354
1643.8	1290
1644	1364
1644.2	1371
1644.4	1351
1644.6	1473
1644.8	1422
1645	1437
1645.2	1427
1645.4	1437
1645.6	1425
1645.8	1453
1646	1356
1646.2	1481
1646.4	1501
1646.6	1374
1646.8	1460
1647	1354
1647.2	1397
1647.4	1387
1647.6	1384
1647.8	1387
1648	1478
1648.2	1417
1648.4	1539
1648.6	1532
1648.8	1440
1649	1483
1649.2	1427
1649.4	1397
1649.6	1511
1649.8	1392
1650	1437
1650.2	1387
1650.4	1336
1650.6	1387
1650.8	1369
1651	1371
1651.2	1397
1651.4	1301
1651.6	1328
1651.8	1445
1652	1366
1652.2	1407
1652.4	1364
1652.6	1354
1652.8	1415
1653	1435
1653.2	1377
1653.4	1455
1653.6	1432
1653.8	1476
1654	1466
1654.2	1488
1654.4	1443
1654.6	1458
1654.8	1372
1655	1372
1655.2	1359
1655.4	1260
1655.6	1387
1655.8	1265
1656	1233
1656.2	1306
1656.4	1263
1656.6	1349
1656.8	1311
1657	1205
1657.2	1273
1657.4	1334
1657.6	1311
1657.8	1334
1658	1253
1658.2	1319
1658.4	1276
1658.6	1286
1658.8	1195
1659	1200
1659.2	1165
1659.4	1100
1659.6	1195
1659.8	1142
1660	1208
1660.2	1102
1660.4	1193
1660.6	1245
1660.8	1233
1661	1258
1661.2	1296
1661.4	1228
1661.6	1288
1661.8	1223
1662	1298
1662.2	1213
1662.4	1225
1662.6	1153
1662.8	1168
1663	1168
1663.2	1105
1663.4	1120
1663.6	1083
1663.8	1208
1664	1165
1664.2	1208
1664.4	1246
1664.6	1223
1664.8	1225
1665	1276
1665.2	1205
1665.4	1276
1665.6	1238
1665.8	1198
1666	1258
1666.2	1178
1666.4	1203
1666.6	1193
1666.8	1178
1667	1304
1667.2	1316
1667.4	1266
1667.6	1309
1667.8	1306
1668	1344
1668.2	1336
1668.4	1390
1668.6	1390
1668.8	1339
1669	1362
1669.2	1407
1669.4	1392
1669.6	1502
1669.8	1563
1670	1499
1670.2	1469
1670.4	1261
1670.6	1540
1670.8	1456
1671	1568
1671.2	1607
1671.4	1555
1671.6	1617
1671.8	1702
1672	1668
1672.2	1707
1672.4	1784
1672.6	1792
1672.8	1797
1673	1860
1673.2	1818
1673.4	1951
1673.6	1881
1673.8	1933
1674	1925
1674.2	1938
1674.4	1943
1674.6	1933
1674.8	2019
1675	2037
1675.2	1948
1675.4	2082
1675.6	2103
1675.8	2177
1676	2111
1676.2	2185
1676.4	2265
1676.6	2315
1676.8	2339
1677	2352
1677.2	2350
1677.4	2403
1677.6	2395
1677.8	2457
1678	2457
1678.2	2516
1678.4	2559
1678.6	2556
1678.8	2583
1679	2697
1679.2	2697
1679.4	2724
1679.6	2820
1679.8	2891
1680	2943
1680.2	2962
1680.4	3009
1680.6	2993
1680.8	3020
1681	3020
1681.2	3145
1681.4	3123
1681.6	3112
1681.8	3131
1682	3179
1682.2	3276
1682.4	3254
1682.6	3366
1682.8	3423
1683	3468
1683.2	3507
1683.4	3587
1683.6	3661
1683.8	3701
1684	3673
1684.2	3744
1684.4	3857
1684.6	3808
1684.8	3848
1685	3981
1685.2	3793
1685.4	3903
1685.6	4007
1685.8	3961
1686	3999
1686.2	4013
1686.4	4095
1686.6	4077
1686.8	4104
1687	4121
1687.2	4019
1687.4	4074
1687.6	4124
1687.8	4063
1688	4104
1688.2	4086
1688.4	4060
1688.6	4151
1688.8	4089
1689	4148
1689.2	4118
1689.4	4110
1689.6	4039
1689.8	4042
1690	4025
1690.2	4074
1690.4	4101
1690.6	3952
1690.8	4028
1691	4080
1691.2	3999
1691.4	4107
1691.6	4031
1691.8	4063
1692	4069
1692.2	4066
1692.4	3981
1692.6	4005
1692.8	3996
1693	3984
1693.2	3935
1693.4	3920
1693.6	3871
1693.8	3747
1694	3819
1694.2	3839
1694.4	3793
1694.6	3877
1694.8	3776
1695	3722
1695.2	3799
1695.4	3793
1695.6	3839
1695.8	3819
1696	3739
1696.2	3759
1696.4	3773
1696.6	3676
1696.8	3633
1697	3659
1697.2	3587
1697.4	3602
1697.6	3519
1697.8	3567
1698	3616
1698.2	3573
1698.4	3613
1698.6	3630
1698.8	3647
1699	3659
1699.2	3599
1699.4	3491
1699.6	3587
1699.8	3573
1700	3585
1700.2	3559
1700.4	3381
1700.6	3375
1700.8	3381
1701	3347
1701.2	3341
1701.4	3182
1701.6	3316
1701.8	3302
1702	3274
1702.2	3327
1702.4	3339
1702.6	3218
1702.8	3274
1703	3260
1703.2	3271
1703.4	3257
1703.6	3135
1703.8	3135
1704	3013
1704.2	3121
1704.4	3057
1704.6	3076
1704.8	3057
1705	3024
1705.2	3027
1705.4	3002
1705.6	2985
1705.8	2971
1706	2977
1706.2	3029
1706.4	2922
1706.6	2900
1706.8	2936
1707	2894
1707.2	2769
1707.4	2870
1707.6	2831
1707.8	2749
1708	2692
1708.2	2660
1708.4	2649
1708.6	2652
1708.8	2622
1709	2698
1709.2	2581
1709.4	2592
1709.6	2579
1709.8	2514
1710	2533
1710.2	2482
1710.4	2452
1710.6	2447
1710.8	2404
1711	2441
1711.2	2372
1711.4	2420
1711.6	2436
1711.8	2396
1712	2319
1712.2	2353
1712.4	2212
1712.6	2220
1712.8	2191
1713	2144
1713.2	2186
1713.4	2146
1713.6	2086
1713.8	2094
1714	2141
1714.2	2078
1714.4	2120
1714.6	2054
1714.8	2028
1715	2033
1715.2	2031
1715.4	1991
1715.6	2046
1715.8	1840
1716	1929
1716.2	1952
1716.4	1773
1716.6	1812
1716.8	1804
1717	1793
1717.2	1749
1717.4	1760
1717.6	1724
1717.8	1786
1718	1700
1718.2	1768
1718.4	1757
1718.6	1729
1718.8	1703
1719	1600
1719.2	1585
1719.4	1623
1719.6	1562
1719.8	1582
1720	1569
1720.2	1411
1720.4	1465
1720.6	1477
1720.8	1549
1721	1508
1721.2	1523
1721.4	1521
1721.6	1577
1721.8	1580
1722	1534
1722.2	1500
1722.4	1411
1722.6	1409
1722.8	1427
1723	1343
1723.2	1361
1723.4	1429
1723.6	1366
1723.8	1442
1724	1391
1724.2	1424
1724.4	1424
1724.6	1399
1724.8	1414
1725	1444
1725.2	1490
1725.4	1422
1725.6	1401
1725.8	1330
1726	1409
1726.2	1437
1726.4	1348
1726.6	1232
1726.8	1194
1727	1257
1727.2	1358
1727.4	1315
1727.6	1320
1727.8	1323
1728	1338
1728.2	1376
1728.4	1328
1728.6	1439
1728.8	1414
1729	1366
1729.2	1424
1729.4	1452
1729.6	1488
1729.8	1534
1730	1496
1730.2	1452
1730.4	1409
1730.6	1547
1730.8	1567
1731	1654
1731.2	1524
1731.4	1580
1731.6	1593
1731.8	1665
1732	1654
1732.2	1690
1732.4	1667
1732.6	1765
1732.8	1822
1733	1734
1733.2	1708
1733.4	1721
1733.6	1711
1733.8	1890
1734	1843
1734.2	1906
1734.4	1955
1734.6	1966
1734.8	1958
1735	1953
1735.2	1984
1735.4	2042
1735.6	2055
1735.8	2123
1736	2189
1736.2	2194
1736.4	2165
1736.6	2282
1736.8	2216
1737	2253
1737.2	2317
1737.4	2405
1737.6	2375
1737.8	2410
1738	2391
1738.2	2383
1738.4	2359
1738.6	2421
1738.8	2386
1739	2389
1739.2	2426
1739.4	2346
1739.6	2383
1739.8	2405
1740	2306
1740.2	2402
1740.4	2466
1740.6	2383
1740.8	2407
1741	2453
1741.2	2375
1741.4	2381
1741.6	2354
1741.8	2319
1742	2263
1742.2	2277
1742.4	2256
1742.6	2237
1742.8	2203
1743	2264
1743.2	2184
1743.4	2176
1743.6	2264
1743.8	2229
1744	2200
1744.2	2234
1744.4	2226
1744.6	2142
1744.8	2094
1745	2037
1745.2	2021
1745.4	1979
1745.6	1919
1745.8	1872
1746	1916
1746.2	1929
1746.4	1830
1746.6	1776
1746.8	1799
1747	1869
1747.2	1833
1747.4	1797
1747.6	1802
1747.8	1804
1748	1680
1748.2	1704
1748.4	1732
1748.6	1626
1748.8	1557
1749	1580
1749.2	1560
1749.4	1511
1749.6	1537
1749.8	1491
1750	1422
1750.2	1509
1750.4	1573
1750.6	1473
1750.8	1537
1751	1606
1751.2	1488
1751.4	1532
1751.6	1465
1751.8	1509
1752	1499
1752.2	1369
1752.4	1361
1752.6	1394
1752.8	1328
1753	1280
1753.2	1250
1753.4	1341
1753.6	1336
1753.8	1235
1754	1336
1754.2	1316
1754.4	1336
1754.6	1303
1754.8	1313
1755	1346
1755.2	1331
1755.4	1238
1755.6	1278
1755.8	1303
1756	1223
1756.2	1258
1756.4	1195
1756.6	1205
1756.8	1265
1757	1238
1757.2	1223
1757.4	1303
1757.6	1253
1757.8	1321
1758	1286
1758.2	1336
1758.4	1308
1758.6	1271
1758.8	1205
1759	1220
1759.2	1233
1759.4	1195
1759.6	1296
1759.8	1175
1760	1167
1760.2	1137
1760.4	1213
1760.6	1273
1760.8	1180
1761	1165
1761.2	1238
1761.4	1175
1761.6	1238
1761.8	1203
1762	1150
1762.2	1185
1762.4	1235
1762.6	1180
1762.8	1173
1763	1230
1763.2	1117
1763.4	1178
1763.6	1223
1763.8	1198
1764	1198
1764.2	1165
1764.4	1215
1764.6	1190
1764.8	1193
1765	1256
1765.2	1105
1765.4	1163
1765.6	1225
1765.8	1183
1766	1256
1766.2	1175
1766.4	1120
1766.6	1240
1766.8	1266
1767	1183
1767.2	1190
1767.4	1165
1767.6	1160
1767.8	1173
1768	1213
1768.2	1118
1768.4	1120
1768.6	1160
1768.8	1253
1769	1233
1769.2	1178
1769.4	1230
1769.6	1140
1769.8	1138
1770	1158
1770.2	1195
1770.4	1130
1770.6	1160
1770.8	1073
1771	1103
1771.2	1075
1771.4	1143
1771.6	1090
1771.8	1135
1772	1170
1772.2	1243
1772.4	1193
1772.6	1233
1772.8	1130
1773	1198
1773.2	1173
1773.4	1188
1773.6	1210
1773.8	1163
1774	1100
1774.2	1128
1774.4	1128
1774.6	1140
1774.8	1050
1775	1033
1775.2	1068
1775.4	1108
1775.6	1148
1775.8	1160
1776	1213
1776.2	1153
1776.4	1205
1776.6	1241
1776.8	1208
1777	1188
1777.2	1103
1777.4	1073
1777.6	1090
1777.8	1070
1778	1011
1778.2	986
1778.4	934
1778.6	1033
1778.8	973
1779	1043
1779.2	1103
1779.4	1078
1779.6	1128
1779.8	1158
1780	1153
1780.2	1135
1780.4	1211
1780.6	1103
1780.8	1103
1781	1088
1781.2	1026
1781.4	1068
1781.6	929
1781.8	1013
1782	1003
1782.2	1021
1782.4	971
1782.6	1080
1782.8	1090
1783	1068
1783.2	1153
1783.4	1046
1783.6	1061
1783.8	1115
1784	1075
1784.2	1048
1784.4	1031
1784.6	998
1784.8	936
1785	941
1785.2	926
1785.4	1001
1785.6	959
1785.8	1011
1786	1061
1786.2	1011
1786.4	1038
1786.6	1128
1786.8	1036
1787	1106
1787.2	1046
1787.4	1026
1787.6	1033
1787.8	1083
1788	1063
1788.2	1003
1788.4	1061
1788.6	1053
1788.8	1041
1789	993
1789.2	1076
1789.4	1041
1789.6	1018
1789.8	1061
1790	1071
1790.2	1153
1790.4	1043
1790.6	1023
1790.8	1048
1791	998
1791.2	1011
1791.4	996
1791.6	946
1791.8	994
1792	1021
1792.2	1076
1792.4	964
1792.6	1003
1792.8	919
1793	951
1793.2	964
1793.4	996
1793.6	1036
1793.8	907
1794	944
1794.2	949
1794.4	951
1794.6	996
1794.8	1048
1795	966
1795.2	986
1795.4	959
1795.6	959
1795.8	922
1796	954
1796.2	951
1796.4	969
1796.6	1006
1796.8	944
1797	816
1797.2	818
1797.4	855
1797.6	848
1797.8	850
1798	848
1798.2	823
1798.4	840
1798.6	860
1798.8	855
1799	895
1799.2	897
1799.4	845
1799.6	848
1799.8	917
1800	870
1800.2	806
1800.4	791
1800.6	771
1800.8	791
1801	698
1801.2	735
1801.4	808
1801.6	703
1801.8	727
1802	833
1802.2	762
1802.4	845
1802.6	791
1802.8	752
1803	818
1803.2	828
1803.4	863
1803.6	813
1803.8	786
1804	781
1804.2	759
1804.4	652
1804.6	693
1804.8	649
1805	656
1805.2	691
1805.4	627
1805.6	700
1805.8	659
1806	698
1806.2	700
1806.4	730
1806.6	652
1806.8	745
1807	620
1807.2	630
1807.4	701
1807.6	713
1807.8	681
1808	644
1808.2	613
1808.4	581
1808.6	583
1808.8	664
1809	669
1809.2	659
1809.4	703
1809.6	745
1809.8	693
1810	747
1810.2	728
1810.4	710
1810.6	728
1810.8	654
1811	564
1811.2	630
1811.4	513
1811.6	503
1811.8	557
1812	674
1812.2	640
1812.4	620
1812.6	615
1812.8	676
1813	681
1813.2	598
1813.4	581
1813.6	571
1813.8	567
1814	569
1814.2	567
1814.4	537
1814.6	494
1814.8	479
1815	506
1815.2	545
1815.4	508
1815.6	562
1815.8	511
1816	542
1816.2	516
1816.4	615
1816.6	640
1816.8	579
1817	528
1817.2	593
1817.4	627
1817.6	547
1817.8	489
1818	538
1818.2	506
1818.4	545
1818.6	516
1818.8	460
1819	470
1819.2	472
1819.4	579
1819.6	581
1819.8	674
1820	720
1820.2	521
1820.4	496
1820.6	477
1820.8	429
1821	345
1821.2	280
1821.4	388
1821.6	424
1821.8	361
1822	487
1822.2	545
1822.4	429
1822.6	458
1822.8	528
1823	584
1823.2	523
1823.4	463
1823.6	559
1823.8	618
1824	581
1824.2	530
1824.4	538
1824.6	431
1824.8	424
1825	477
1825.2	518
1825.4	465
1825.6	467
1825.8	552
1826	535
1826.2	482
1826.4	506
1826.6	460
1826.8	285
1827	371
1827.2	443
1827.4	547
1827.6	540
1827.8	526
1828	521
1828.2	504
1828.4	468
1828.6	501
1828.8	359
1829	369
1829.2	470
1829.4	422
1829.6	468
1829.8	511
1830	487
1830.2	506
1830.4	572
1830.6	552
1830.8	511
1831	463
1831.2	439
1831.4	407
1831.6	400
1831.8	398
1832	422
1832.2	516
1832.4	506
1832.6	480
1832.8	531
1833	603
1833.2	463
1833.4	417
1833.6	487
1833.8	504
1834	560
1834.2	535
1834.4	562
1834.6	577
1834.8	441
1835	318
1835.2	383
1835.4	429
1835.6	369
1835.8	415
1836	519
1836.2	477
1836.4	482
1836.6	432
1836.8	432
1837	460
1837.2	482
1837.4	569
1837.6	511
1837.8	376
1838	448
1838.2	446
1838.4	453
1838.6	403
1838.8	415
1839	451
1839.2	521
1839.4	548
1839.6	494
1839.8	504
1840	388
1840.2	395
1840.4	350
1840.6	364
1840.8	439
1841	439
1841.2	482
1841.4	555
1841.6	555
1841.8	521
1842	395
1842.2	355
1842.4	468
1842.6	398
1842.8	463
1843	427
1843.2	420
1843.4	475
1843.6	519
1843.8	582
1844	514
1844.2	434
1844.4	429
1844.6	436
1844.8	490
1845	511
1845.2	468
1845.4	417
1845.6	453
1845.8	519
1846	434
1846.2	538
1846.4	495
1846.6	478
1846.8	492
1847	340
1847.2	449
1847.4	335
1847.6	276
1847.8	331
1848	362
1848.2	362
1848.4	451
1848.6	307
1848.8	367
1849	499
1849.2	475
1849.4	478
1849.6	504
1849.8	528
1850	434
1850.2	432
1850.4	417
1850.6	374
1850.8	340
1851	192
1851.2	319
1851.4	376
1851.6	357
1851.8	388
1852	391
1852.2	444
1852.4	483
1852.6	473
1852.8	398
1853	468
1853.2	485
1853.4	429
1853.6	386
1853.8	362
1854	338
1854.2	321
1854.4	304
1854.6	314
1854.8	345
1855	454
1855.2	352
1855.4	413
1855.6	526
1855.8	502
1856	519
1856.2	497
1856.4	444
1856.6	386
1856.8	502
1857	401
1857.2	302
1857.4	300
1857.6	372
1857.8	377
1858	317
1858.2	408
1858.4	410
1858.6	288
1858.8	307
1859	396
1859.2	408
1859.4	432
1859.6	386
1859.8	434
1860	408
1860.2	254
1860.4	398
1860.6	480
1860.8	459
1861	418
1861.2	410
1861.4	473
1861.6	483
1861.8	459
1862	432
1862.2	490
1862.4	422
1862.6	507
1862.8	398
1863	418
1863.2	475
1863.4	543
1863.6	509
1863.8	490
1864	381
1864.2	492
1864.4	492
1864.6	377
1864.8	384
1865	372
1865.2	362
1865.4	353
1865.6	425
1865.8	434
1866	420
1866.2	302
1866.4	396
1866.6	439
1866.8	425
1867	394
1867.2	432
1867.4	485
1867.6	413
1867.8	372
1868	331
1868.2	362
1868.4	430
1868.6	415
1868.8	432
1869	418
1869.2	490
1869.4	447
1869.6	449
1869.8	505
1870	478
1870.2	478
1870.4	454
1870.6	360
1870.8	437
1871	418
1871.2	423
1871.4	312
1871.6	267
1871.8	379
1872	444
1872.2	427
1872.4	439
1872.6	493
1872.8	401
1873	420
1873.2	401
1873.4	314
1873.6	298
1873.8	298
1874	288
1874.2	362
1874.4	379
1874.6	350
1874.8	452
1875	399
1875.2	444
1875.4	389
1875.6	437
1875.8	379
1876	350
1876.2	466
1876.4	524
1876.6	527
1876.8	396
1877	493
1877.2	370
1877.4	367
1877.6	358
1877.8	298
1878	391
1878.2	418
1878.4	341
1878.6	415
1878.8	384
1879	418
1879.2	310
1879.4	303
1879.6	339
1879.8	411
1880	401
1880.2	418
1880.4	485
1880.6	452
1880.8	401
1881	389
1881.2	408
1881.4	346
1881.6	303
1881.8	295
1882	245
1882.2	228
1882.4	341
1882.6	358
1882.8	358
1883	324
1883.2	355
1883.4	461
1883.6	449
1883.8	343
1884	339
1884.2	461
1884.4	394
1884.6	358
1884.8	315
1885	384
1885.2	396
1885.4	339
1885.6	478
1885.8	464
1886	315
1886.2	367
1886.4	336
1886.6	284
1886.8	375
1887	317
1887.2	245
1887.4	267
1887.6	377
1887.8	375
1888	351
1888.2	293
1888.4	336
1888.6	372
1888.8	324
1889	389
1889.2	353
1889.4	269
1889.6	348
1889.8	308
1890	250
1890.2	284
1890.4	221
1890.6	221
1890.8	262
1891	308
1891.2	387
1891.4	312
1891.6	310
1891.8	363
1892	281
1892.2	372
1892.4	365
1892.6	210
1892.8	310
1893	327
1893.2	363
1893.4	416
1893.6	305
1893.8	308
1894	418
1894.2	336
1894.4	257
1894.6	324
1894.8	274
1895	377
1895.2	281
1895.4	284
1895.6	293
1895.8	327
1896	284
1896.2	322
1896.4	310
1896.6	293
1896.8	370
1897	348
1897.2	365
1897.4	363
1897.6	368
1897.8	332
1898	339
1898.2	226
1898.4	210
1898.6	289
1898.8	289
1899	363
1899.2	186
1899.4	243
1899.6	293
1899.8	214
1900	205
1900.2	105
1900.4	229
1900.6	329
1900.8	438
1901	327
1901.2	353
1901.4	387
1901.6	481
1901.8	457
1902	445
1902.2	450
1902.4	356
1902.6	253
1902.8	234
1903	238
1903.2	217
1903.4	186
1903.6	162
1903.8	289
1904	373
1904.2	327
1904.4	471
1904.6	520
1904.8	404
1905	389
1905.2	389
1905.4	361
1905.6	377
1905.8	329
1906	267
1906.2	286
1906.4	217
1906.6	227
1906.8	272
1907	246
1907.2	315
1907.4	181
1907.6	250
1907.8	368
1908	349
1908.2	368
1908.4	440
1908.6	421
1908.8	406
1909	428
1909.2	382
1909.4	382
1909.6	346
1909.8	387
1910	390
1910.2	286
1910.4	296
1910.6	346
1910.8	327
1911	368
1911.2	329
1911.4	265
1911.6	378
1911.8	370
1912	361
1912.2	370
1912.4	315
1912.6	382
1912.8	431
1913	404
1913.2	385
1913.4	253
1913.6	234
1913.8	327
1914	255
1914.2	246
1914.4	267
1914.6	236
1914.8	272
1915	378
1915.2	236
1915.4	404
1915.6	330
1915.8	255
1916	320
1916.2	339
1916.4	320
1916.6	318
1916.8	306
1917	337
1917.2	373
1917.4	322
1917.6	433
1917.8	435
1918	354
1918.2	414
1918.4	402
1918.6	414
1918.8	421
1919	354
1919.2	356
1919.4	325
1919.6	320
1919.8	346
1920	270
1920.2	127
1920.4	263
1920.6	310
1920.8	320
1921	291
1921.2	263
1921.4	308
1921.6	414
1921.8	366
1922	426
1922.2	368
1922.4	397
1922.6	438
1922.8	380
1923	318
1923.2	378
1923.4	213
1923.6	217
1923.8	279
1924	236
1924.2	256
1924.4	248
1924.6	224
1924.8	301
1925	356
1925.2	371
1925.4	421
1925.6	327
1925.8	474
1926	484
1926.2	392
1926.4	462
1926.6	313
1926.8	359
1927	344
1927.2	246
1927.4	287
1927.6	363
1927.8	306
1928	217
1928.2	225
1928.4	289
1928.6	282
1928.8	327
1929	220
1929.2	397
1929.4	354
1929.6	407
1929.8	412
1930	392
1930.2	383
1930.4	416
1930.6	296
1930.8	363
1931	251
1931.2	253
1931.4	301
1931.6	270
1931.8	325
1932	368
1932.2	289
1932.4	335
1932.6	349
1932.8	392
1933	407
1933.2	359
1933.4	292
1933.6	455
1933.8	392
1934	320
1934.2	402
1934.4	289
1934.6	299
1934.8	397
1935	311
1935.2	368
1935.4	351
1935.6	364
1935.8	416
1936	354
1936.2	284
1936.4	400
1936.6	280
1936.8	318
1937	313
1937.2	306
1937.4	349
1937.6	323
1937.8	246
1938	373
1938.2	443
1938.4	332
1938.6	361
1938.8	318
1939	308
1939.2	380
1939.4	244
1939.6	376
1939.8	330
1940	210
1940.2	261
1940.4	342
1940.6	328
1940.8	335
1941	352
1941.2	320
1941.4	332
1941.6	256
1941.8	311
1942	280
1942.2	316
1942.4	388
1942.6	349
1942.8	349
1943	426
1943.2	364
1943.4	371
1943.6	400
1943.8	366
1944	328
1944.2	426
1944.4	325
1944.6	323
1944.8	213
1945	335
1945.2	301
1945.4	244
1945.6	301
1945.8	359
1946	313
1946.2	364
1946.4	361
1946.6	316
1946.8	421
1947	373
1947.2	373
1947.4	388
1947.6	335
1947.8	330
1948	273
1948.2	232
1948.4	258
1948.6	299
1948.8	172
1949	234
1949.2	256
1949.4	318
1949.6	289
1949.8	333
1950	273
1950.2	354
1950.4	364
1950.6	383
1950.8	393
1951	316
1951.2	359
1951.4	318
1951.6	321
1951.8	388
1952	313
1952.2	268
1952.4	316
1952.6	294
1952.8	292
1953	292
1953.2	234
1953.4	313
1953.6	354
1953.8	342
1954	301
1954.2	340
1954.4	361
1954.6	422
1954.8	352
1955	357
1955.2	282
1955.4	237
1955.6	325
1955.8	227
1956	249
1956.2	227
1956.4	232
1956.6	194
1956.8	220
1957	213
1957.2	294
1957.4	261
1957.6	270
1957.8	316
1958	325
1958.2	328
1958.4	337
1958.6	333
1958.8	282
1959	364
1959.2	290
1959.4	314
1959.6	318
1959.8	263
1960	273
1960.2	333
1960.4	306
1960.6	302
1960.8	259
1961	316
1961.2	347
1961.4	350
1961.6	323
1961.8	256
1962	285
1962.2	306
1962.4	292
1962.6	201
1962.8	270
1963	213
1963.2	223
1963.4	309
1963.6	177
1963.8	251
1964	249
1964.2	232
1964.4	225
1964.6	271
1964.8	282
1965	292
1965.2	170
1965.4	244
1965.6	342
1965.8	251
1966	244
1966.2	268
1966.4	251
1966.6	374
1966.8	347
1967	271
1967.2	259
1967.4	273
1967.6	263
1967.8	340
1968	311
1968.2	280
1968.4	261
1968.6	247
1968.8	268
1969	273
1969.2	235
1969.4	271
1969.6	213
1969.8	263
1970	273
1970.2	232
1970.4	220
1970.6	256
1970.8	225
1971	237
1971.2	247
1971.4	220
1971.6	218
1971.8	206
1972	228
1972.2	235
1972.4	204
1972.6	209
1972.8	209
1973	190
1973.2	159
1973.4	199
1973.6	182
1973.8	213
1974	144
1974.2	185
1974.4	240
1974.6	237
1974.8	264
1975	355
1975.2	319
1975.4	369
1975.6	331
1975.8	290
1976	297
1976.2	221
1976.4	204
1976.6	249
1976.8	235
1977	173
1977.2	206
1977.4	59
1977.6	187
1977.8	180
1978	187
1978.2	168
1978.4	159
1978.6	273
1978.8	271
1979	261
1979.2	211
1979.4	261
1979.6	237
1979.8	223
1980	202
1980.2	149
1980.4	204
1980.6	128
1980.8	106
1981	140
1981.2	144
1981.4	159
1981.6	192
1981.8	156
1982	152
1982.2	259
1982.4	233
1982.6	204
1982.8	245
1983	271
1983.2	312
1983.4	304
1983.6	261
1983.8	276
1984	185
1984.2	175
1984.4	259
1984.6	204
1984.8	190
1985	140
1985.2	57
1985.4	149
1985.6	133
1985.8	154
1986	154
1986.2	161
1986.4	240
1986.6	230
1986.8	261
1987	190
1987.2	195
1987.4	164
1987.6	230
1987.8	211
1988	197
1988.2	133
1988.4	137
1988.6	173
1988.8	171
1989	71
1989.2	95
1989.4	128
1989.6	135
1989.8	192
1990	161
1990.2	226
1990.4	199
1990.6	223
1990.8	204
1991	257
1991.2	149
1991.4	245
1991.6	245
1991.8	235
1992	228
1992.2	178
1992.4	216
1992.6	149
1992.8	149
1993	178
1993.2	173
1993.4	135
1993.6	214
1993.8	26
1994	126
1994.2	176
1994.4	171
1994.6	197
1994.8	92
1995	159
1995.2	154
1995.4	185
1995.6	185
1995.8	183
1996	138
1996.2	190
1996.4	209
1996.6	123
1996.8	133
1997	149
1997.2	142
1997.4	166
1997.6	204
1997.8	109
1998	126
1998.2	126
1998.4	223
1998.6	195
1998.8	145
1999	223
1999.2	131
1999.4	133
1999.6	140
1999.8	190
2000	154
2000.2	178
2000.4	157
2000.6	219
2000.8	230
2001	138
2001.2	195
2001.4	219
2001.6	200
2001.8	100
2002	142
2002.2	107
2002.4	180
2002.6	145
2002.8	180
2003	188
2003.2	204
2003.4	209
2003.6	269
2003.8	166
2004	211
2004.2	219
2004.4	178
2004.6	178
2004.8	169
2005	238
2005.2	178
2005.4	69
2005.6	140
2005.8	123
2006	57
2006.2	112
2006.4	102
2006.6	105
2006.8	126
2007	112
2007.2	140
2007.4	214
2007.6	204
2007.8	252
2008	188
2008.2	233
2008.4	226
2008.6	216
2008.8	185
2009	238
2009.2	88
2009.4	214
2009.6	164
2009.8	159
2010	112
2010.2	119
2010.4	86
2010.6	131
2010.8	109
2011	126
2011.2	183
2011.4	114
2011.6	250
2011.8	264
2012	185
2012.2	197
2012.4	259
2012.6	150
2012.8	190
2013	131
2013.2	131
2013.4	152
2013.6	57
2013.8	86
2014	60
2014.2	57
2014.4	74
2014.6	128
2014.8	114
2015	138
2015.2	140
2015.4	193
2015.6	164
2015.8	185
2016	188
2016.2	202
2016.4	209
2016.6	174
2016.8	176
2017	169
2017.2	138
2017.4	76
2017.6	109
2017.8	119
2018	100
2018.2	124
2018.4	169
2018.6	178
2018.8	207
2019	150
2019.2	109
2019.4	245
2019.6	119
2019.8	202
2020	159
2020.2	100
2020.4	171
2020.6	190
2020.8	81
2021	131
2021.2	79
2021.4	5
2021.6	93
2021.8	67
2022	86
2022.2	48
2022.4	46
2022.6	62
2022.8	72
2023	128
2023.2	157
2023.4	117
2023.6	136
2023.8	202
2024	72
2024.2	143
2024.4	219
2024.6	159
2024.8	248
2025	171
2025.2	136
2025.4	155
2025.6	186
2025.8	143
2026	212
2026.2	140
2026.4	174
2026.6	129
2026.8	131
2027	212
2027.2	219
2027.4	159
2027.6	136
2027.8	65
2028	107
2028.2	145
2028.4	148
2028.6	124
2028.8	107
2029	55
2029.2	145
2029.4	126
2029.6	112
2029.8	169
2030	79
2030.2	126
2030.4	93
2030.6	93
2030.8	140
2031	81
2031.2	74
2031.4	162
2031.6	74
2031.8	150
2032	209
2032.2	160
2032.4	133
2032.6	188
2032.8	131
2033	229
2033.2	155
2033.4	195
2033.6	264
2033.8	183
2034	145
2034.2	164
2034.4	107
2034.6	95
2034.8	164
2035	58
2035.2	148
2035.4	114
2035.6	79
2035.8	119
2036	200
2036.2	110
2036.4	186
2036.6	100
2036.8	86
2037	212
2037.2	119
2037.4	200
2037.6	138
2037.8	34
2038	148
2038.2	143
2038.4	29
2038.6	129
2038.8	124
2039	103
2039.2	6
2039.4	124
2039.6	164
2039.8	169
2040	91
2040.2	167
2040.4	210
2040.6	160
2040.8	210
2041	145
2041.2	186
2041.4	200
2041.6	198
2041.8	207
2042	167
2042.2	65
2042.4	77
2042.6	131
2042.8	91
2043	122
2043.2	129
2043.4	53
2043.6	162
2043.8	207
2044	172
2044.2	229
2044.4	126
2044.6	217
2044.8	136
2045	105
2045.2	134
2045.4	89
2045.6	84
2045.8	67
2046	79
2046.2	86
2046.4	39
2046.6	41
2046.8	188
2047	98
2047.2	134
2047.4	188
2047.6	207
2047.8	210
2048	308
2048.2	265
2048.4	236
2048.6	246
2048.8	181
2049	188
2049.2	150
2049.4	115
2049.6	131
2049.8	86
2050	122
2050.2	134
2050.4	93
2050.6	150
2050.8	179
2051	138
2051.2	162
2051.4	165
2051.6	210
2051.8	200
2052	134
2052.2	108
2052.4	146
2052.6	112
2052.8	153
2053	117
2053.2	34
2053.4	93
2053.6	98
2053.8	91
2054	160
2054.2	86
2054.4	112
2054.6	196
2054.8	167
2055	179
2055.2	193
2055.4	196
2055.6	258
2055.8	262
2056	238
2056.2	260
2056.4	179
2056.6	198
2056.8	224
2057	219
2057.2	105
2057.4	117
2057.6	30
2057.8	91
2058	117
2058.2	82
2058.4	108
2058.6	110
2058.8	110
2059	153
2059.2	184
2059.4	243
2059.6	274
2059.8	150
2060	184
2060.2	236
2060.4	110
2060.6	148
2060.8	186
2061	96
2061.2	162
2061.4	134
2061.6	139
2061.8	148
2062	56
2062.2	143
2062.4	191
2062.6	174
2062.8	217
2063	122
2063.2	174
2063.4	215
2063.6	200
2063.8	136
2064	169
2064.2	131
2064.4	200
2064.6	200
2064.8	255
2065	196
2065.2	150
2065.4	141
2065.6	189
2065.8	153
2066	189
2066.2	205
2066.4	110
2066.6	136
2066.8	208
2067	184
2067.2	200
2067.4	177
2067.6	129
2067.8	236
2068	184
2068.2	215
2068.4	148
2068.6	141
2068.8	153
2069	267
2069.2	234
2069.4	227
2069.6	162
2069.8	117
2070	155
2070.2	241
2070.4	172
2070.6	193
2070.8	117
2071	122
2071.2	70
2071.4	139
2071.6	177
2071.8	158
2072	153
2072.2	113
2072.4	101
2072.6	177
2072.8	191
2073	153
2073.2	227
2073.4	325
2073.6	272
2073.8	277
2074	267
2074.2	177
2074.4	243
2074.6	189
2074.8	198
2075	260
2075.2	108
2075.4	146
2075.6	167
2075.8	182
2076	143
2076.2	125
2076.4	98
2076.6	220
2076.8	186
2077	213
2077.2	224
2077.4	275
2077.6	263
2077.8	296
2078	260
2078.2	232
2078.4	239
2078.6	198
2078.8	244
2079	155
2079.2	61
2079.4	136
2079.6	65
2079.8	39
2080	155
2080.2	113
2080.4	122
2080.6	146
2080.8	167
2081	139
2081.2	208
2081.4	215
2081.6	198
2081.8	189
2082	163
2082.2	244
2082.4	151
2082.6	270
2082.8	225
2083	129
2083.2	222
2083.4	208
2083.6	151
2083.8	198
2084	170
2084.2	125
2084.4	236
2084.6	191
2084.8	227
2085	208
2085.2	148
2085.4	268
2085.6	260
2085.8	160
2086	213
2086.2	210
2086.4	234
2086.6	220
2086.8	182
2087	179
2087.2	160
2087.4	186
2087.6	151
2087.8	122
2088	122
2088.2	177
2088.4	108
2088.6	125
2088.8	206
2089	96
2089.2	110
2089.4	146
2089.6	113
2089.8	125
2090	189
2090.2	158
2090.4	203
2090.6	144
2090.8	227
2091	323
2091.2	210
2091.4	198
2091.6	311
2091.8	287
2092	375
2092.2	292
2092.4	246
2092.6	332
2092.8	260
2093	172
2093.2	263
2093.4	208
2093.6	80
2093.8	132
2094	32
2094.2	96
2094.4	130
2094.6	106
2094.8	108
2095	163
2095.2	149
2095.4	227
2095.6	251
2095.8	194
2096	265
2096.2	215
2096.4	191
2096.6	222
2096.8	203
2097	213
2097.2	225
2097.4	96
2097.6	201
2097.8	99
2098	80
2098.2	149
2098.4	99
2098.6	113
2098.8	189
2099	68
2099.2	199
2099.4	179
2099.6	153
2099.8	265
2100	191
2100.2	227
2100.4	263
2100.6	170
2100.8	187
2101	165
2101.2	127
2101.4	206
2101.6	125
2101.8	144
2102	270
2102.2	160
2102.4	189
2102.6	175
2102.8	73
2103	175
2103.2	194
2103.4	137
2103.6	123
2103.8	151
2104	123
2104.2	175
2104.4	146
2104.6	163
2104.8	218
2105	168
2105.2	187
2105.4	161
2105.6	187
2105.8	189
2106	194
2106.2	142
2106.4	249
2106.6	151
2106.8	194
2107	187
2107.2	85
2107.4	111
2107.6	170
2107.8	85
2108	104
2108.2	96
2108.4	59
2108.6	120
2108.8	125
2109	89
2109.2	189
2109.4	68
2109.6	130
2109.8	222
2110	222
2110.2	189
2110.4	184
2110.6	142
2110.8	206
2111	189
2111.2	175
2111.4	225
2111.6	92
2111.8	120
2112	153
2112.2	87
2112.4	101
2112.6	130
2112.8	54
2113	118
2113.2	182
2113.4	94
2113.6	196
2113.8	146
2114	182
2114.2	237
2114.4	237
2114.6	137
2114.8	146
2115	175
2115.2	144
2115.4	180
2115.6	87
2115.8	151
2116	35
2116.2	68
2116.4	106
2116.6	75
2116.8	33
2117	118
2117.2	49
2117.4	156
2117.6	137
2117.8	118
2118	170
2118.2	118
2118.4	111
2118.6	223
2118.8	184
2119	201
2119.2	111
2119.4	40
2119.6	139
2119.8	139
2120	64
2120.2	142
2120.4	135
2120.6	97
2120.8	158
2121	118
2121.2	158
2121.4	173
2121.6	137
2121.8	185
2122	187
2122.2	156
2122.4	146
2122.6	73
2122.8	101
2123	149
2123.2	175
2123.4	128
2123.6	68
2123.8	73
2124	158
2124.2	137
2124.4	64
2124.6	132
2124.8	101
2125	118
2125.2	106
2125.4	59
2125.6	101
2125.8	83
2126	2
2126.2	59
2126.4	154
2126.6	54
2126.8	137
2127	99
2127.2	109
2127.4	206
2127.6	182
2127.8	149
2128	239
2128.2	130
2128.4	206
2128.6	213
2128.8	106
2129	201
2129.2	137
2129.4	14
2129.6	92
2129.8	92
2130	47
2130.2	57
2130.4	1
2130.6	68
2130.8	118
2131	68
2131.2	142
2131.4	73
2131.6	75
2131.8	109
2132	87
2132.2	92
2132.4	123
2132.6	28
2132.8	23
2133	80
2133.2	1
2133.4	52
2133.6	113
2133.8	38
2134	78
2134.2	121
2134.4	87
2134.6	140
2134.8	21
2135	116
2135.2	149
2135.4	180
2135.6	199
2135.8	182
2136	130
2136.2	232
2136.4	185
2136.6	125
2136.8	216
2137	64
2137.2	76
2137.4	121
2137.6	113
2137.8	97
2138	38
2138.2	1
2138.4	33
2138.6	26
2138.8	16
2139	71
2139.2	28
2139.4	9
2139.6	211
2139.8	64
2140	163
2140.2	57
2140.4	76
2140.6	109
2140.8	35
2141	59
2141.2	97
2141.4	31
2141.6	9
2141.8	31
2142	1
2142.2	61
2142.4	92
2142.6	1
2142.8	137
2143	118
2143.2	104
2143.4	190
2143.6	123
2143.8	149
2144	213
2144.2	130
2144.4	95
2144.6	64
2144.8	7
2145	59
2145.2	31
2145.4	14
2145.6	1
2145.8	1
2146	1
2146.2	52
2146.4	19
2146.6	40
2146.8	128
2147	69
2147.2	61
2147.4	202
2147.6	78
2147.8	52
2148	116
2148.2	133
2148.4	111
2148.6	38
2148.8	47
2149	54
2149.2	1
2149.4	97
2149.6	71
2149.8	1
2150	1
2150.2	12
2150.4	73
2150.6	121
2150.8	66
2151	137
2151.2	69
2151.4	1
2151.6	102
2151.8	104
2152	64
2152.2	26
2152.4	17
2152.6	28
2152.8	164
2153	28
2153.2	40
2153.4	90
2153.6	1
2153.8	97
2154	102
2154.2	62
2154.4	102
2154.6	76
2154.8	24
2155	83
2155.2	57
2155.4	38
2155.6	71
2155.8	1
2156	14
2156.2	1
2156.4	1
2156.6	55
2156.8	1
2157	92
2157.2	149
2157.4	90
2157.6	14
2157.8	111
2158	19
2158.2	57
2158.4	1
2158.6	1
2158.8	5
2159	1
2159.2	1
2159.4	36
2159.6	1
2159.8	1
2160	3
2160.2	24
2160.4	36
2160.6	130
2160.8	118
2161	133
2161.2	95
2161.4	85
2161.6	81
2161.8	69
2162	107
2162.2	95
2162.4	7
2162.6	52
2162.8	88
2163	1
2163.2	43
2163.4	1
2163.6	47
2163.8	57
2164	52
2164.2	55
2164.4	111
2164.6	14
2164.8	133
2165	102
2165.2	52
2165.4	138
2165.6	121
2165.8	22
2166	69
2166.2	22
2166.4	69
2166.6	1
2166.8	1
2167	17
2167.2	33
2167.4	1
2167.6	40
2167.8	1
2168	1
2168.2	93
2168.4	19
2168.6	5
2168.8	55
2169	22
2169.2	64
2169.4	107
2169.6	123
2169.8	123
2170	57
2170.2	38
2170.4	140
2170.6	69
2170.8	43
2171	43
2171.2	1
2171.4	7
2171.6	50
2171.8	15
2172	130
2172.2	1
2172.4	1
2172.6	69
2172.8	43
2173	62
2173.2	24
2173.4	26
2173.6	43
2173.8	57
2174	31
2174.2	112
2174.4	1
2174.6	1
2174.8	10
2175	1
2175.2	41
2175.4	31
2175.6	1
2175.8	1
2176	45
2176.2	15
2176.4	38
2176.6	1
2176.8	1
2177	55
2177.2	100
2177.4	36
2177.6	67
2177.8	29
2178	67
2178.2	48
2178.4	45
2178.6	71
2178.8	59
2179	76
2179.2	102
2179.4	123
2179.6	67
2179.8	43
2180	29
2180.2	104
2180.4	67
2180.6	64
2180.8	55
2181	1
2181.2	36
2181.4	57
2181.6	29
2181.8	1
2182	15
2182.2	1
2182.4	1
2182.6	15
2182.8	19
2183	31
2183.2	36
2183.4	3
2183.6	36
2183.8	38
2184	1
2184.2	55
2184.4	1
2184.6	1
2184.8	31
2185	1
2185.2	1
2185.4	1
2185.6	1
2185.8	1
2186	1
2186.2	3
2186.4	79
2186.6	102
2186.8	124
2187	138
2187.2	140
2187.4	150
2187.6	88
2187.8	114
2188	121
2188.2	67
2188.4	1
2188.6	1
2188.8	1
2189	1
2189.2	1
2189.4	1
2189.6	1
2189.8	1
2190	22
2190.2	100
2190.4	90
2190.6	62
2190.8	64
2191	27
2191.2	1
2191.4	53
2191.6	71
2191.8	12
2192	1
2192.2	3
2192.4	1
2192.6	1
2192.8	1
2193	1
2193.2	1
2193.4	1
2193.6	1
2193.8	1
2194	69
2194.2	105
2194.4	93
2194.6	98
2194.8	64
2195	112
2195.2	81
2195.4	69
2195.6	88
2195.8	38
2196	12
2196.2	15
2196.4	1
2196.6	3
2196.8	55
2197	83
2197.2	38
2197.4	48
2197.6	29
2197.8	15
2198	64
2198.2	1
2198.4	81
2198.6	1
2198.8	17
2199	98
2199.2	1
2199.4	5
2199.6	67
2199.8	62
2200	1
