  11102 11  1 CEGDLF.01  CL3495 GA   .000 U  #  81594 00.00   1        
  PROGRAM    EHEAD   VERSION 01.01 DEUTERIUM LAMP                  
  USER PLC DATE & TIME  1995  4  4 00.00 00.00     9.990    295K S     
 EN1 Ce 100     0     0 GdLiF4           .260000 -  .499200 .00010      
 SLIT WIDTH IS 1500 MICRONS, SAMPLE SHAPE IS CYLINDRICAL, C-AXIS         
 PERP. TO LONG CYLINDER AXIS, PUMP IS ALONG A(=B AXIS & LONG AXIS)       
 OF CRYSTAL. SAMPLE IS PLACED SUCH THAT C-AXIS IS IN THE SAME            
 DIRECTION AS EMISSION (S-POL)                                           
 DATA MISSING FROM 12 POINTS ON INPUT DATA FILE. SET MISSING DATA        
 POINTS TO ZERO.                                                         
  FORMAT(1X,G15.8)                                                       
  EOH                                                                    
  2393.           
   .49954000E-02  
   .44475000E-02  
   .50398000E-02  
   .44644000E-02  
   .43666000E-02  
   .42276000E-02  
   .51756000E-02  
   .51634000E-02  
   .53264000E-02  
   .56392000E-02  
   .51792000E-02  
   .48721000E-02  
   .49101000E-02  
   .49500000E-02  
   .55042000E-02  
   .45690000E-02  
   .49725000E-02  
   .48818000E-02  
   .53196000E-02  
   .46303000E-02  
   .56726000E-02  
   .51755000E-02  
   .51834000E-02  
   .48787000E-02  
   .53341000E-02  
   .64906000E-02  
   .50386000E-02  
   .52925000E-02  
   .48007000E-02  
   .56792000E-02  
   .57693000E-02  
   .56052000E-02  
   .53625000E-02  
   .52133000E-02  
   .59092000E-02  
   .51568000E-02  
   .62350000E-02  
   .59232000E-02  
   .53274000E-02  
   .51768000E-02  
   .57745000E-02  
   .61305000E-02  
   .53629000E-02  
   .56302000E-02  
   .53732000E-02  
   .49474000E-02  
   .54217000E-02  
   .51570000E-02  
   .52319000E-02  
   .54350000E-02  
   .60118000E-02  
   .57223000E-02  
   .61177000E-02  
   .56050000E-02  
   .52321000E-02  
   .50819000E-02  
   .49611000E-02  
   .61786000E-02  
   .56240000E-02  
   .59854000E-02  
   .52430000E-02  
   .52797000E-02  
   .57310000E-02  
   .55917000E-02  
   .55902000E-02  
   .50807000E-02  
   .55413000E-02  
   .53854000E-02  
   .55441000E-02  
   .54688000E-02  
   .53878000E-02  
   .53637000E-02  
   .57661000E-02  
   .65352000E-02  
   .55819000E-02  
   .52723000E-02  
   .55871000E-02  
   .51249000E-02  
   .57864000E-02  
   .54889000E-02  
   .60678000E-02  
   .50929000E-02  
   .56619000E-02  
   .54785000E-02  
   .51407000E-02  
   .49531000E-02  
   .54733000E-02  
   .46795000E-02  
   .49568000E-02  
   .57535000E-02  
   .52539000E-02  
   .50096000E-02  
   .51847000E-02  
   .50912000E-02  
   .51870000E-02  
   .42944000E-02  
   .49831000E-02  
   .41676000E-02  
   .38199000E-02  
   .35791000E-02  
   .37821000E-02  
   .33914000E-02  
   .32423000E-02  
   .27801000E-02  
   .31809000E-02  
   .33301000E-02  
   .25832000E-02  
   .25175000E-02  
   .20793000E-02  
   .21984000E-02  
   .26628000E-02  
   .21467000E-02  
   .21911000E-02  
   .11745000E-02  
   .12577000E-02  
   .10718000E-02  
   .17883000E-02  
   .11322000E-02  
   .11053000E-02  
   .33697000E-03  
   .56689000E-03  
   .16030000E-02  
   .65846000E-03  
   .92710000E-04  
   .88533000E-04  
   .65019000E-03  
   .61955000E-03  
   .22836000E-03  
   .61532000E-03  
   .00000000      
   .75637000E-04  
   .00000000      
   .36873000E-03  
   .00000000      
   .27079000E-03  
   .00000000      
   .36092000E-03  
   .84478000E-03  
   .47411000E-03  
   .20852000E-04  
   .00000000      
   .35841000E-03  
   .53914000E-03  
   .59430000E-03  
   .63514000E-03  
   .27910000E-03  
   .47633000E-03  
   .63964000E-03  
   .13714000E-02  
   .26928000E-03  
   .64682000E-03  
   .00000000      
   .40496000E-03  
   .00000000      
   .00000000      
   .33034000E-03  
   .33200000E-03  
   .00000000      
   .90930000E-03  
   .64537000E-04  
   .58741000E-03  
   .00000000      
   .33722000E-03  
   .24444000E-03  
   .16505000E-02  
   .77903000E-03  
   .72274000E-03  
   .31692000E-03  
   .65609000E-03  
   .14601000E-02  
   .80818000E-03  
   .83931000E-03  
   .20031000E-03  
   .58513000E-03  
   .10603000E-02  
   .11964000E-02  
   .95299000E-03  
   .27521000E-03  
   .70165000E-03  
   .62327000E-03  
   .12452000E-02  
   .28971000E-03  
   .36794000E-03  
   .00000000      
   .24760000E-03  
   .16838000E-02  
   .40883000E-03  
   .36554000E-03  
   .00000000      
   .00000000      
   .63657000E-03  
   .00000000      
   .87036000E-03  
   .00000000      
   .80598000E-03  
   .28550000E-03  
   .12009000E-02  
   .25857000E-03  
   .31077000E-03  
   .00000000      
   .93146000E-04  
   .17211000E-02  
   .32378000E-04  
   .65514000E-04  
   .17782000E-03  
   .39976000E-04  
   .71329000E-03  
   .35161000E-03  
   .60761000E-03  
   .28674000E-03  
   .00000000      
   .00000000      
   .68006000E-03  
   .00000000      
   .56856000E-03  
   .00000000      
   .00000000      
   .00000000      
   .00000000      
   .00000000      
   .00000000      
   .00000000      
   .00000000      
   .00000000      
   .00000000      
   .00000000      
   .26873000E-03  
   .32275000E-03  
   .93284000E-03  
   .00000000      
   .42226000E-03  
   .00000000      
   .43245000E-03  
   .12044000E-02  
   .48965000E-04  
   .50303000E-04  
   .00000000      
   .00000000      
   .54890000E-03  
   .33094000E-03  
   .74256000E-03  
   .00000000      
   .42354000E-03  
   .69638000E-04  
   .13173000E-02  
   .29106000E-03  
   .12465000E-03  
   .00000000      
   .39370000E-03  
   .16836000E-02  
   .25156000E-03  
   .00000000      
   .00000000      
   .00000000      
   .14605000E-02  
   .00000000      
   .56812000E-03  
   .00000000      
   .40153000E-04  
   .00000000      
   .95719000E-03  
   .00000000      
   .41531000E-03  
   .00000000      
   .37729000E-03  
   .19304000E-02  
   .35283000E-03  
   .00000000      
   .00000000      
   .62358000E-03  
   .87460000E-03  
   .45258000E-03  
   .85776000E-03  
   .00000000      
   .46247000E-03  
   .75884000E-03  
   .11614000E-02  
   .00000000      
   .30996000E-03  
   .00000000      
   .53277000E-03  
   .16273000E-02  
   .36902000E-03  
   .34665000E-03  
   .00000000      
   .00000000      
   .78241000E-03  
   .00000000      
   .21071000E-03  
   .00000000      
   .29262000E-03  
   .58952000E-04  
   .14450000E-02  
   .00000000      
   .32674000E-03  
   .00000000      
   .00000000      
   .17664000E-02  
   .00000000      
   .30482000E-03  
   .00000000      
   .10828000E-03  
   .96564000E-03  
   .45552000E-03  
   .89575000E-03  
   .00000000      
   .00000000      
   .14174000E-03  
   .14531000E-02  
   .36508000E-03  
   .47170000E-03  
   .00000000      
   .00000000      
   .17374000E-02  
   .59001000E-03  
   .94521000E-03  
   .00000000      
   .31574000E-03  
   .17499000E-02  
   .46288000E-03  
   .86697000E-03  
   .57379000E-04  
   .00000000      
   .16185000E-03  
   .13980000E-02  
   .40000000E-03  
   .35118000E-03  
   .00000000      
   .88168000E-03  
   .23303000E-02  
   .89000000E-03  
   .31769000E-03  
   .00000000      
   .56807000E-04  
   .52887000E-03  
   .33341000E-03  
   .10335000E-02  
   .45974000E-03  
   .85686000E-03  
   .00000000      
   .83352000E-03  
   .65192000E-03  
   .00000000      
   .00000000      
   .44003000E-03  
   .22429000E-02  
   .78711000E-03  
   .89380000E-03  
   .29108000E-03  
   .46968000E-03  
   .17010000E-02  
   .44541000E-03  
   .48541000E-03  
   .00000000      
   .79075000E-03  
   .86327000E-03  
   .16782000E-02  
   .75385000E-03  
   .31069000E-03  
   .15568000E-03  
   .50772000E-03  
   .19044000E-02  
   .42116000E-03  
   .78535000E-03  
   .80916000E-03  
   .48644000E-03  
   .22283000E-02  
   .72924000E-03  
   .12025000E-02  
   .44585000E-03  
   .79944000E-03  
   .11443000E-02  
   .15888000E-02  
   .32912000E-03  
   .93248000E-03  
   .11520000E-02  
   .14442000E-02  
   .24155000E-02  
   .14868000E-02  
   .10471000E-02  
   .89324000E-03  
   .15656000E-02  
   .19310000E-02  
   .13309000E-02  
   .20004000E-02  
   .12562000E-02  
   .15264000E-02  
   .22161000E-02  
   .26382000E-02  
   .23580000E-02  
   .24227000E-02  
   .21815000E-02  
   .26754000E-02  
   .36606000E-02  
   .29830000E-02  
   .34519000E-02  
   .32673000E-02  
   .35704000E-02  
   .45016000E-02  
   .40567000E-02  
   .43962000E-02  
   .46047000E-02  
   .53464000E-02  
   .52620000E-02  
   .95502000E-02  
   .15141000E-01  
   .81517000E-02  
   .72522000E-02  
   .77369000E-02  
   .91241000E-02  
   .86404000E-02  
   .90832000E-02  
   .10370000E-01  
   .10883000E-01  
   .12113000E-01  
   .13162000E-01  
   .14410000E-01  
   .15836000E-01  
   .17716000E-01  
   .19024000E-01  
   .21209000E-01  
   .22310000E-01  
   .24313000E-01  
   .26732000E-01  
   .28973000E-01  
   .30820000E-01  
   .33510000E-01  
   .37165000E-01  
   .39725000E-01  
   .42378000E-01  
   .45666000E-01  
   .49936000E-01  
   .53155000E-01  
   .58206000E-01  
   .62405000E-01  
   .65493000E-01  
   .69219000E-01  
   .73608000E-01  
   .78217000E-01  
   .82651000E-01  
   .87993000E-01  
   .91704000E-01  
   .97197000E-01  
   .99360000E-01  
   .10471000      
   .10896000      
   .11175000      
   .11681000      
   .11864000      
   .12125000      
   .12496000      
   .12747000      
   .13000000      
   .13475000      
   .13922000      
   .14328000      
   .14789000      
   .15009000      
   .15545000      
   .15895000      
   .16293000      
   .16650000      
   .16849000      
   .17276000      
   .17419000      
   .17544000      
   .17948000      
   .18251000      
   .18238000      
   .18677000      
   .18852000      
   .19322000      
   .19684000      
   .19874000      
   .20430000      
   .20809000      
   .21614000      
   .21933000      
   .22243000      
   .22717000      
   .22863000      
   .22849000      
   .22952000      
   .23037000      
   .22858000      
   .22769000      
   .22534000      
   .22701000      
   .22280000      
   .22147000      
   .22332000      
   .22449000      
   .23012000      
   .23382000      
   .23955000      
   .25038000      
   .25932000      
   .27227000      
   .28976000      
   .31606000      
   .34238000      
   .39088000      
   .44095000      
   .49993000      
   .56652000      
   .63206000      
   .72263000      
   .80788000      
   .87437000      
   .93596000      
   .97177000      
   1.0000000      
   .99417000      
   .98347000      
   .94687000      
   .89284000      
   .82151000      
   .74325000      
   .66713000      
   .59316000      
   .52605000      
   .46184000      
   .41387000      
   .36807000      
   .33324000      
   .31060000      
   .29304000      
   .28563000      
   .27860000      
   .27646000      
   .27448000      
   .27667000      
   .27975000      
   .28546000      
   .29673000      
   .31230000      
   .32960000      
   .34253000      
   .36042000      
   .36992000      
   .38532000      
   .39108000      
   .39771000      
   .39554000      
   .39055000      
   .38021000      
   .36661000      
   .35079000      
   .33247000      
   .31481000      
   .29596000      
   .28151000      
   .26179000      
   .24529000      
   .23192000      
   .22066000      
   .20765000      
   .20040000      
   .18930000      
   .18189000      
   .17496000      
   .16887000      
   .16439000      
   .16202000      
   .15756000      
   .15475000      
   .15290000      
   .15272000      
   .15052000      
   .15032000      
   .14940000      
   .15030000      
   .15112000      
   .15188000      
   .15089000      
   .15253000      
   .15332000      
   .15600000      
   .15594000      
   .15711000      
   .15802000      
   .15915000      
   .15999000      
   .16122000      
   .16319000      
   .16441000      
   .16520000      
   .16692000      
   .16825000      
   .17021000      
   .17005000      
   .17163000      
   .17164000      
   .17250000      
   .17240000      
   .17354000      
   .17505000      
   .17546000      
   .17781000      
   .17775000      
   .17796000      
   .17750000      
   .17952000      
   .17855000      
   .18043000      
   .18156000      
   .18188000      
   .18181000      
   .18207000      
   .18328000      
   .18251000      
   .18261000      
   .18287000      
   .18492000      
   .18476000      
   .18491000      
   .18575000      
   .18454000      
   .18627000      
   .18567000      
   .18592000      
   .18515000      
   .18537000      
   .18501000      
   .18375000      
   .18452000      
   .18328000      
   .18387000      
   .18437000      
   .18299000      
   .18301000      
   .18235000      
   .18156000      
   .18154000      
   .18062000      
   .18065000      
   .17898000      
   .17901000      
   .17803000      
   .17634000      
   .17685000      
   .17529000      
   .17459000      
   .17330000      
   .17357000      
   .17300000      
   .16993000      
   .16971000      
   .16878000      
   .16810000      
   .16707000      
   .16644000      
   .16546000      
   .16400000      
   .16122000      
   .16146000      
   .16107000      
   .15892000      
   .15952000      
   .15749000      
   .15681000      
   .15580000      
   .15354000      
   .15374000      
   .15230000      
   .15093000      
   .15039000      
   .14854000      
   .14756000      
   .14658000      
   .14443000      
   .14337000      
   .14170000      
   .13931000      
   .13942000      
   .13780000      
   .13704000      
   .13622000      
   .13483000      
   .13194000      
   .13115000      
   .13090000      
   .12909000      
   .12750000      
   .12647000      
   .12506000      
   .12345000      
   .12206000      
   .11983000      
   .11977000      
   .11958000      
   .11755000      
   .11659000      
   .11483000      
   .11373000      
   .11227000      
   .11165000      
   .10942000      
   .10798000      
   .10757000      
   .10676000      
   .10548000      
   .10352000      
   .10212000      
   .10069000      
   .99688000E-01  
   .98902000E-01  
   .97604000E-01  
   .96269000E-01  
   .95167000E-01  
   .94625000E-01  
   .92996000E-01  
   .91578000E-01  
   .91772000E-01  
   .90130000E-01  
   .89189000E-01  
   .88303000E-01  
   .87648000E-01  
   .85965000E-01  
   .84708000E-01  
   .83688000E-01  
   .83062000E-01  
   .81370000E-01  
   .80726000E-01  
   .80042000E-01  
   .78509000E-01  
   .77235000E-01  
   .77135000E-01  
   .76247000E-01  
   .74929000E-01  
   .73594000E-01  
   .73261000E-01  
   .72330000E-01  
   .70550000E-01  
   .69875000E-01  
   .69476000E-01  
   .69031000E-01  
   .67979000E-01  
   .66816000E-01  
   .65606000E-01  
   .65233000E-01  
   .64433000E-01  
   .63906000E-01  
   .63399000E-01  
   .62421000E-01  
   .61925000E-01  
   .60927000E-01  
   .60245000E-01  
   .59679000E-01  
   .59003000E-01  
   .58357000E-01  
   .57464000E-01  
   .56762000E-01  
   .55805000E-01  
   .55620000E-01  
   .54870000E-01  
   .54477000E-01  
   .53654000E-01  
   .53306000E-01  
   .53164000E-01  
   .51857000E-01  
   .51281000E-01  
   .50660000E-01  
   .50342000E-01  
   .49160000E-01  
   .48822000E-01  
   .48229000E-01  
   .47552000E-01  
   .47678000E-01  
   .47224000E-01  
   .46744000E-01  
   .46165000E-01  
   .46069000E-01  
   .45523000E-01  
   .45267000E-01  
   .44241000E-01  
   .43992000E-01  
   .43968000E-01  
   .43290000E-01  
   .42921000E-01  
   .42568000E-01  
   .42015000E-01  
   .42188000E-01  
   .41778000E-01  
   .41495000E-01  
   .40995000E-01  
   .40917000E-01  
   .40751000E-01  
   .40353000E-01  
   .39754000E-01  
   .39479000E-01  
   .39584000E-01  
   .39334000E-01  
   .39151000E-01  
   .38319000E-01  
   .38307000E-01  
   .38093000E-01  
   .37758000E-01  
   .37830000E-01  
   .37755000E-01  
   .37877000E-01  
   .37374000E-01  
   .36763000E-01  
   .36471000E-01  
   .36687000E-01  
   .36648000E-01  
   .36739000E-01  
   .37002000E-01  
   .36741000E-01  
   .36430000E-01  
   .36253000E-01  
   .36142000E-01  
   .36034000E-01  
   .35744000E-01  
   .35853000E-01  
   .35607000E-01  
   .35700000E-01  
   .35193000E-01  
   .35065000E-01  
   .35335000E-01  
   .35051000E-01  
   .34947000E-01  
   .35018000E-01  
   .34960000E-01  
   .34980000E-01  
   .34843000E-01  
   .34673000E-01  
   .34348000E-01  
   .34683000E-01  
   .34414000E-01  
   .34807000E-01  
   .34592000E-01  
   .34612000E-01  
   .34130000E-01  
   .34543000E-01  
   .34162000E-01  
   .34192000E-01  
   .34182000E-01  
   .34389000E-01  
   .33928000E-01  
   .34033000E-01  
   .34146000E-01  
   .34185000E-01  
   .34182000E-01  
   .33797000E-01  
   .34024000E-01  
   .34117000E-01  
   .34028000E-01  
   .34142000E-01  
   .33677000E-01  
   .33807000E-01  
   .33845000E-01  
   .33920000E-01  
   .33836000E-01  
   .33784000E-01  
   .33595000E-01  
   .33858000E-01  
   .33874000E-01  
   .33632000E-01  
   .33717000E-01  
   .33545000E-01  
   .33499000E-01  
   .33425000E-01  
   .33375000E-01  
   .33653000E-01  
   .33450000E-01  
   .33121000E-01  
   .33410000E-01  
   .33094000E-01  
   .33090000E-01  
   .33209000E-01  
   .33078000E-01  
   .33047000E-01  
   .32750000E-01  
   .32614000E-01  
   .32583000E-01  
   .32665000E-01  
   .32618000E-01  
   .32425000E-01  
   .32050000E-01  
   .32225000E-01  
   .32070000E-01  
   .31952000E-01  
   .31932000E-01  
   .32276000E-01  
   .31665000E-01  
   .31710000E-01  
   .31566000E-01  
   .31288000E-01  
   .31341000E-01  
   .31039000E-01  
   .30914000E-01  
   .31071000E-01  
   .30942000E-01  
   .30640000E-01  
   .30403000E-01  
   .30452000E-01  
   .30052000E-01  
   .29681000E-01  
   .29757000E-01  
   .29688000E-01  
   .29714000E-01  
   .29743000E-01  
   .29584000E-01  
   .29304000E-01  
   .29440000E-01  
   .29313000E-01  
   .28933000E-01  
   .28887000E-01  
   .28674000E-01  
   .28877000E-01  
   .28634000E-01  
   .28477000E-01  
   .28665000E-01  
   .28375000E-01  
   .28047000E-01  
   .27639000E-01  
   .27749000E-01  
   .27798000E-01  
   .27769000E-01  
   .27648000E-01  
   .27444000E-01  
   .27142000E-01  
   .27169000E-01  
   .26987000E-01  
   .26936000E-01  
   .26654000E-01  
   .26494000E-01  
   .26130000E-01  
   .26074000E-01  
   .25964000E-01  
   .25755000E-01  
   .25549000E-01  
   .25708000E-01  
   .25339000E-01  
   .24723000E-01  
   .24600000E-01  
   .24897000E-01  
   .24741000E-01  
   .24406000E-01  
   .24214000E-01  
   .24053000E-01  
   .23990000E-01  
   .23889000E-01  
   .23545000E-01  
   .23466000E-01  
   .23310000E-01  
   .22980000E-01  
   .23099000E-01  
   .22831000E-01  
   .22698000E-01  
   .22550000E-01  
   .22532000E-01  
   .22412000E-01  
   .22082000E-01  
   .21915000E-01  
   .21806000E-01  
   .21894000E-01  
   .21526000E-01  
   .21349000E-01  
   .21041000E-01  
   .20882000E-01  
   .20808000E-01  
   .20358000E-01  
   .20190000E-01  
   .20010000E-01  
   .19653000E-01  
   .19886000E-01  
   .19869000E-01  
   .19626000E-01  
   .19341000E-01  
   .19134000E-01  
   .18998000E-01  
   .18972000E-01  
   .18674000E-01  
   .18443000E-01  
   .18325000E-01  
   .18310000E-01  
   .18178000E-01  
   .17814000E-01  
   .17675000E-01  
   .17551000E-01  
   .17705000E-01  
   .17519000E-01  
   .17564000E-01  
   .17419000E-01  
   .17270000E-01  
   .16889000E-01  
   .16775000E-01  
   .16704000E-01  
   .16813000E-01  
   .16635000E-01  
   .16383000E-01  
   .16146000E-01  
   .15879000E-01  
   .15799000E-01  
   .15907000E-01  
   .15713000E-01  
   .15603000E-01  
   .15516000E-01  
   .15471000E-01  
   .15256000E-01  
   .15078000E-01  
   .15007000E-01  
   .15047000E-01  
   .14866000E-01  
   .14814000E-01  
   .14571000E-01  
   .14359000E-01  
   .14350000E-01  
   .14234000E-01  
   .14068000E-01  
   .13994000E-01  
   .13869000E-01  
   .13622000E-01  
   .13494000E-01  
   .13388000E-01  
   .13332000E-01  
   .13046000E-01  
   .12974000E-01  
   .12973000E-01  
   .12993000E-01  
   .12695000E-01  
   .12577000E-01  
   .12381000E-01  
   .12338000E-01  
   .12259000E-01  
   .12040000E-01  
   .11860000E-01  
   .11677000E-01  
   .11629000E-01  
   .11461000E-01  
   .11387000E-01  
   .11286000E-01  
   .11046000E-01  
   .11069000E-01  
   .10974000E-01  
   .10921000E-01  
   .10963000E-01  
   .10784000E-01  
   .10592000E-01  
   .10462000E-01  
   .10379000E-01  
   .10186000E-01  
   .10173000E-01  
   .10061000E-01  
   .99904000E-02  
   .98548000E-02  
   .99333000E-02  
   .99943000E-02  
   .98377000E-02  
   .96768000E-02  
   .95463000E-02  
   .94575000E-02  
   .93930000E-02  
   .91978000E-02  
   .92196000E-02  
   .91565000E-02  
   .90724000E-02  
   .88619000E-02  
   .87568000E-02  
   .86796000E-02  
   .85866000E-02  
   .85430000E-02  
   .85742000E-02  
   .85230000E-02  
   .83877000E-02  
   .83367000E-02  
   .81865000E-02  
   .81041000E-02  
   .81445000E-02  
   .79159000E-02  
   .79414000E-02  
   .78222000E-02  
   .76799000E-02  
   .78735000E-02  
   .78585000E-02  
   .76601000E-02  
   .77070000E-02  
   .78289000E-02  
   .77781000E-02  
   .78578000E-02  
   .77930000E-02  
   .78269000E-02  
   .77312000E-02  
   .78326000E-02  
   .77926000E-02  
   .78689000E-02  
   .76975000E-02  
   .76877000E-02  
   .76440000E-02  
   .75312000E-02  
   .75779000E-02  
   .74615000E-02  
   .73364000E-02  
   .71720000E-02  
   .72895000E-02  
   .72168000E-02  
   .69787000E-02  
   .69004000E-02  
   .68588000E-02  
   .67924000E-02  
   .68886000E-02  
   .67679000E-02  
   .67043000E-02  
   .66483000E-02  
   .67477000E-02  
   .66932000E-02  
   .68258000E-02  
   .67663000E-02  
   .68794000E-02  
   .68390000E-02  
   .69394000E-02  
   .69536000E-02  
   .68495000E-02  
   .68379000E-02  
   .67767000E-02  
   .68312000E-02  
   .67339000E-02  
   .65457000E-02  
   .64729000E-02  
   .63987000E-02  
   .64422000E-02  
   .64349000E-02  
   .63833000E-02  
   .63003000E-02  
   .62256000E-02  
   .63150000E-02  
   .63710000E-02  
   .64456000E-02  
   .63601000E-02  
   .63038000E-02  
   .61685000E-02  
   .61063000E-02  
   .61945000E-02  
   .61364000E-02  
   .60819000E-02  
   .58937000E-02  
   .59431000E-02  
   .58927000E-02  
   .59229000E-02  
   .58678000E-02  
   .59532000E-02  
   .58967000E-02  
   .60479000E-02  
   .61140000E-02  
   .61981000E-02  
   .63342000E-02  
   .65947000E-02  
   .68461000E-02  
   .70408000E-02  
   .73568000E-02  
   .77643000E-02  
   .81913000E-02  
   .88875000E-02  
   .94443000E-02  
   .10136000E-01  
   .10908000E-01  
   .11697000E-01  
   .12666000E-01  
   .13392000E-01  
   .14306000E-01  
   .15165000E-01  
   .15929000E-01  
   .16604000E-01  
   .17421000E-01  
   .18285000E-01  
   .19038000E-01  
   .19834000E-01  
   .20426000E-01  
   .21148000E-01  
   .21652000E-01  
   .22359000E-01  
   .22534000E-01  
   .22807000E-01  
   .23061000E-01  
   .23086000E-01  
   .22996000E-01  
   .22845000E-01  
   .22905000E-01  
   .22882000E-01  
   .22396000E-01  
   .22494000E-01  
   .22204000E-01  
   .22334000E-01  
   .22056000E-01  
   .21837000E-01  
   .21845000E-01  
   .21860000E-01  
   .21654000E-01  
   .21527000E-01  
   .21507000E-01  
   .21834000E-01  
   .22326000E-01  
   .22629000E-01  
   .22919000E-01  
   .23546000E-01  
   .24538000E-01  
   .25494000E-01  
   .26755000E-01  
   .28281000E-01  
   .29834000E-01  
   .31391000E-01  
   .33224000E-01  
   .34690000E-01  
   .35910000E-01  
   .36822000E-01  
   .37426000E-01  
   .37894000E-01  
   .37586000E-01  
   .36976000E-01  
   .35821000E-01  
   .34516000E-01  
   .32679000E-01  
   .31111000E-01  
   .29522000E-01  
   .27688000E-01  
   .26744000E-01  
   .24966000E-01  
   .23368000E-01  
   .22237000E-01  
   .21000000E-01  
   .19935000E-01  
   .19069000E-01  
   .18300000E-01  
   .17581000E-01  
   .16785000E-01  
   .16448000E-01  
   .16019000E-01  
   .15743000E-01  
   .15701000E-01  
   .15703000E-01  
   .15581000E-01  
   .15665000E-01  
   .15685000E-01  
   .16028000E-01  
   .16367000E-01  
   .16377000E-01  
   .16613000E-01  
   .16658000E-01  
   .16895000E-01  
   .16860000E-01  
   .16470000E-01  
   .16214000E-01  
   .15594000E-01  
   .15010000E-01  
   .14509000E-01  
   .13620000E-01  
   .12846000E-01  
   .12042000E-01  
   .11420000E-01  
   .10755000E-01  
   .10090000E-01  
   .94836000E-02  
   .88680000E-02  
   .82775000E-02  
   .79487000E-02  
   .76311000E-02  
   .70461000E-02  
   .67635000E-02  
   .65549000E-02  
   .62089000E-02  
   .60198000E-02  
   .57114000E-02  
   .57154000E-02  
   .53090000E-02  
   .50839000E-02  
   .49289000E-02  
   .48784000E-02  
   .45393000E-02  
   .44697000E-02  
   .43470000E-02  
   .42214000E-02  
   .42972000E-02  
   .39904000E-02  
   .39757000E-02  
   .38505000E-02  
   .37697000E-02  
   .37782000E-02  
   .36613000E-02  
   .35622000E-02  
   .36030000E-02  
   .34793000E-02  
   .34204000E-02  
   .34747000E-02  
   .32885000E-02  
   .30842000E-02  
   .29702000E-02  
   .31486000E-02  
   .32828000E-02  
   .30656000E-02  
   .30251000E-02  
   .29708000E-02  
   .27865000E-02  
   .28248000E-02  
   .26912000E-02  
   .27140000E-02  
   .25524000E-02  
   .24641000E-02  
   .25327000E-02  
   .24848000E-02  
   .23605000E-02  
   .23453000E-02  
   .23063000E-02  
   .22648000E-02  
   .23899000E-02  
   .22531000E-02  
   .21145000E-02  
   .20070000E-02  
   .19852000E-02  
   .20131000E-02  
   .20130000E-02  
   .20229000E-02  
   .19319000E-02  
   .19988000E-02  
   .19543000E-02  
   .20478000E-02  
   .19140000E-02  
   .18660000E-02  
   .18570000E-02  
   .19165000E-02  
   .21341000E-02  
   .19606000E-02  
   .18686000E-02  
   .19510000E-02  
   .19378000E-02  
   .20543000E-02  
   .20625000E-02  
   .21227000E-02  
   .20755000E-02  
   .21552000E-02  
   .21129000E-02  
   .22823000E-02  
   .21331000E-02  
   .21833000E-02  
   .20800000E-02  
   .12649000E-02  
   .19754000E-02  
   .19182000E-02  
   .18901000E-02  
   .19413000E-02  
   .18925000E-02  
   .19165000E-02  
   .18993000E-02  
   .18454000E-02  
   .17697000E-02  
   .17912000E-02  
   .17257000E-02  
   .18952000E-02  
   .17794000E-02  
   .17856000E-02  
   .16218000E-02  
   .17857000E-02  
   .19495000E-02  
   .17096000E-02  
   .17377000E-02  
   .16836000E-02  
   .17924000E-02  
   .17958000E-02  
   .17483000E-02  
   .17836000E-02  
   .17484000E-02  
   .17019000E-02  
   .16975000E-02  
   .18174000E-02  
   .18760000E-02  
   .18188000E-02  
   .16465000E-02  
   .17093000E-02  
   .18789000E-02  
   .17484000E-02  
   .17099000E-02  
   .17203000E-02  
   .17735000E-02  
   .18339000E-02  
   .17774000E-02  
   .19033000E-02  
   .19505000E-02  
   .21366000E-02  
   .22007000E-02  
   .24845000E-02  
   .25046000E-02  
   .26273000E-02  
   .26586000E-02  
   .27951000E-02  
   .30519000E-02  
   .27790000E-02  
   .28720000E-02  
   .28640000E-02  
   .28919000E-02  
   .30250000E-02  
   .27968000E-02  
   .28027000E-02  
   .27721000E-02  
   .29405000E-02  
   .29257000E-02  
   .29473000E-02  
   .28895000E-02  
   .30471000E-02  
   .30011000E-02  
   .29589000E-02  
   .31251000E-02  
   .29711000E-02  
   .28478000E-02  
   .28749000E-02  
   .29407000E-02  
   .31782000E-02  
   .30358000E-02  
   .31907000E-02  
   .31583000E-02  
   .33389000E-02  
   .34577000E-02  
   .38722000E-02  
   .39407000E-02  
   .42405000E-02  
   .43575000E-02  
   .45126000E-02  
   .50295000E-02  
   .49211000E-02  
   .49788000E-02  
   .51204000E-02  
   .50454000E-02  
   .48353000E-02  
   .44038000E-02  
   .41648000E-02  
   .38080000E-02  
   .35053000E-02  
   .32585000E-02  
   .28489000E-02  
   .25512000E-02  
   .23373000E-02  
   .21370000E-02  
   .19587000E-02  
   .21283000E-02  
   .18889000E-02  
   .18849000E-02  
   .19350000E-02  
   .19411000E-02  
   .20722000E-02  
   .19615000E-02  
   .21969000E-02  
   .21312000E-02  
   .22037000E-02  
   .22777000E-02  
   .25942000E-02  
   .25421000E-02  
   .25789000E-02  
   .24536000E-02  
   .25291000E-02  
   .27196000E-02  
   .24067000E-02  
   .21780000E-02  
   .21733000E-02  
   .22452000E-02  
   .23001000E-02  
   .20534000E-02  
   .19939000E-02  
   .20184000E-02  
   .19972000E-02  
   .21841000E-02  
   .22587000E-02  
   .20855000E-02  
   .22634000E-02  
   .22134000E-02  
   .22257000E-02  
   .25536000E-02  
   .25574000E-02  
   .24605000E-02  
   .26258000E-02  
   .27958000E-02  
   .29874000E-02  
   .31299000E-02  
   .32243000E-02  
   .31993000E-02  
   .34111000E-02  
   .35823000E-02  
   .40535000E-02  
   .38220000E-02  
   .40629000E-02  
   .43406000E-02  
   .45833000E-02  
   .49039000E-02  
   .51144000E-02  
   .53187000E-02  
   .54924000E-02  
   .58466000E-02  
   .60491000E-02  
   .59727000E-02  
   .64212000E-02  
   .66282000E-02  
   .68768000E-02  
   .73993000E-02  
   .80709000E-02  
   .82022000E-02  
   .85182000E-02  
   .88594000E-02  
   .90363000E-02  
   .93071000E-02  
   .93113000E-02  
   .95345000E-02  
   .96231000E-02  
   .96877000E-02  
   .97787000E-02  
   .97153000E-02  
   .10145000E-01  
   .10342000E-01  
   .10779000E-01  
   .11039000E-01  
   .11493000E-01  
   .11494000E-01  
   .11648000E-01  
   .12255000E-01  
   .12781000E-01  
   .13021000E-01  
   .13626000E-01  
   .14082000E-01  
   .14961000E-01  
   .15801000E-01  
   .13858000E-01  
   .17311000E-01  
   .19205000E-01  
   .19945000E-01  
   .20790000E-01  
   .21656000E-01  
   .22644000E-01  
   .22901000E-01  
   .23396000E-01  
   .23745000E-01  
   .23264000E-01  
   .23313000E-01  
   .23192000E-01  
   .22876000E-01  
   .22421000E-01  
   .21791000E-01  
   .21457000E-01  
   .20873000E-01  
   .20137000E-01  
   .19226000E-01  
   .17924000E-01  
   .16588000E-01  
   .14995000E-01  
   .13479000E-01  
   .12477000E-01  
   .11072000E-01  
   .10155000E-01  
   .93775000E-02  
   .85664000E-02  
   .79084000E-02  
   .77672000E-02  
   .79120000E-02  
   .81618000E-02  
   .83278000E-02  
   .90914000E-02  
   .96007000E-02  
   .10451000E-01  
   .11384000E-01  
   .12584000E-01  
   .13323000E-01  
   .14322000E-01  
   .15253000E-01  
   .15593000E-01  
   .16207000E-01  
   .16703000E-01  
   .16728000E-01  
   .16575000E-01  
   .16551000E-01  
   .16320000E-01  
   .15939000E-01  
   .15172000E-01  
   .14968000E-01  
   .14318000E-01  
   .13714000E-01  
   .13428000E-01  
   .13394000E-01  
   .12945000E-01  
   .12626000E-01  
   .12451000E-01  
   .12386000E-01  
   .11572000E-01  
   .10944000E-01  
   .99915000E-02  
   .94063000E-02  
   .88277000E-02  
   .78814000E-02  
   .75039000E-02  
   .67236000E-02  
   .63278000E-02  
   .58671000E-02  
   .57317000E-02  
   .54429000E-02  
   .50210000E-02  
   .47417000E-02  
   .46735000E-02  
   .46352000E-02  
   .41777000E-02  
   .39539000E-02  
   .38686000E-02  
   .37617000E-02  
   .36617000E-02  
   .35078000E-02  
   .32697000E-02  
   .32574000E-02  
   .30802000E-02  
   .29447000E-02  
   .31419000E-02  
   .28675000E-02  
   .27192000E-02  
   .26044000E-02  
   .27183000E-02  
   .29776000E-02  
   .27193000E-02  
   .27128000E-02  
   .26626000E-02  
   .25922000E-02  
   .26756000E-02  
   .26744000E-02  
   .27085000E-02  
   .26061000E-02  
   .26420000E-02  
   .26023000E-02  
   .27573000E-02  
   .26837000E-02  
   .26048000E-02  
   .25655000E-02  
   .26130000E-02  
   .28571000E-02  
   .26836000E-02  
   .27782000E-02  
   .27730000E-02  
   .28600000E-02  
   .30009000E-02  
   .29357000E-02  
   .29406000E-02  
   .27973000E-02  
   .28003000E-02  
   .26278000E-02  
   .30106000E-02  
   .29064000E-02  
   .29501000E-02  
   .30512000E-02  
   .31684000E-02  
   .32861000E-02  
   .33115000E-02  
   .32492000E-02  
   .33999000E-02  
   .32788000E-02  
   .35454000E-02  
   .35728000E-02  
   .37153000E-02  
   .35054000E-02  
   .34873000E-02  
   .34453000E-02  
   .36352000E-02  
   .32658000E-02  
   .30342000E-02  
   .30305000E-02  
   .28142000E-02  
   .31172000E-02  
   .27325000E-02  
   .23439000E-02  
   .23445000E-02  
   .22209000E-02  
   .24574000E-02  
   .22890000E-02  
   .23402000E-02  
   .23593000E-02  
   .26155000E-02  
   .27486000E-02  
   .28676000E-02  
   .30767000E-02  
   .33587000E-02  
   .34745000E-02  
   .38931000E-02  
   .41942000E-02  
   .41539000E-02  
   .43088000E-02  
   .43035000E-02  
   .44701000E-02  
   .43847000E-02  
   .42826000E-02  
   .41490000E-02  
   .36774000E-02  
   .38351000E-02  
   .36866000E-02  
   .37063000E-02  
   .34653000E-02  
   .36198000E-02  
   .33792000E-02  
   .35969000E-02  
   .37763000E-02  
   .36350000E-02  
   .36625000E-02  
   .35664000E-02  
   .39369000E-02  
   .42056000E-02  
   .39611000E-02  
   .43737000E-02  
   .45417000E-02  
   .48140000E-02  
   .52302000E-02  
   .56243000E-02  
   .58713000E-02  
   .62120000E-02  
   .63076000E-02  
   .66700000E-02  
   .69219000E-02  
   .66491000E-02  
   .65790000E-02  
   .65364000E-02  
   .63423000E-02  
   .63307000E-02  
   .57328000E-02  
   .57282000E-02  
   .53236000E-02  
   .50767000E-02  
   .49501000E-02  
   .50619000E-02  
   .47652000E-02  
   .47668000E-02  
   .44680000E-02  
   .46312000E-02  
   .48664000E-02  
   .48330000E-02  
   .46575000E-02  
   .46393000E-02  
   .45742000E-02  
   .48190000E-02  
   .48921000E-02  
   .49191000E-02  
   .48933000E-02  
   .51819000E-02  
   .53762000E-02  
   .58801000E-02  
   .61602000E-02  
   .65732000E-02  
   .70294000E-02  
   .82318000E-02  
   .94900000E-02  
   .10454000E-01  
   .11590000E-01  
   .13185000E-01  
   .14843000E-01  
   .16118000E-01  
   .17486000E-01  
   .19420000E-01  
   .20553000E-01  
   .21660000E-01  
   .22301000E-01  
   .22825000E-01  
   .22274000E-01  
   .21527000E-01  
   .21876000E-01  
   .20646000E-01  
   .19943000E-01  
   .18295000E-01  
   .16834000E-01  
   .15564000E-01  
   .14607000E-01  
   .13505000E-01  
   .12421000E-01  
   .11477000E-01  
   .10060000E-01  
   .91902000E-02  
   .85502000E-02  
   .81433000E-02  
   .75883000E-02  
   .76461000E-02  
   .75975000E-02  
   .79113000E-02  
   .86236000E-02  
   .90406000E-02  
   .96710000E-02  
   .10218000E-01  
   .10824000E-01  
   .11577000E-01  
   .11657000E-01  
   .11919000E-01  
   .11783000E-01  
   .12093000E-01  
   .11889000E-01  
   .11684000E-01  
   .11195000E-01  
   .11177000E-01  
   .11122000E-01  
   .10907000E-01  
   .11086000E-01  
   .10798000E-01  
   .10801000E-01  
   .10626000E-01  
   .10787000E-01  
   .11004000E-01  
   .10802000E-01  
   .10854000E-01  
   .10683000E-01  
   .10506000E-01  
   .10390000E-01  
   .10336000E-01  
   .96968000E-02  
   .91239000E-02  
   .84916000E-02  
   .79331000E-02  
   .72517000E-02  
   .65984000E-02  
   .62469000E-02  
   .55015000E-02  
   .51211000E-02  
   .48564000E-02  
   .44456000E-02  
   .46618000E-02  
   .41648000E-02  
   .41271000E-02  
   .40621000E-02  
   .40476000E-02  
   .40776000E-02  
   .40630000E-02  
   .39876000E-02  
   .40600000E-02  
   .43319000E-02  
   .43578000E-02  
   .43870000E-02  
   .46906000E-02  
   .51805000E-02  
   .56314000E-02  
   .58821000E-02  
   .64272000E-02  
   .65174000E-02  
   .67655000E-02  
   .70823000E-02  
   .73092000E-02  
   .70419000E-02  
   .70238000E-02  
   .67378000E-02  
   .64128000E-02  
   .62342000E-02  
   .57758000E-02  
   .52793000E-02  
   .50261000E-02  
   .45905000E-02  
   .45285000E-02  
   .43793000E-02  
   .44686000E-02  
   .43808000E-02  
   .44187000E-02  
   .42676000E-02  
   .45168000E-02  
   .43692000E-02  
   .43659000E-02  
   .42005000E-02  
   .41435000E-02  
   .43580000E-02  
   .41225000E-02  
   .37787000E-02  
   .38551000E-02  
   .38048000E-02  
   .37308000E-02  
   .35336000E-02  
   .34077000E-02  
   .33245000E-02  
   .34089000E-02  
   .34351000E-02  
   .35156000E-02  
   .32558000E-02  
   .33169000E-02  
   .31990000E-02  
   .30160000E-02  
   .34716000E-02  
   .33055000E-02  
   .31982000E-02  
   .27772000E-02  
   .29447000E-02  
   .30795000E-02  
   .28444000E-02  
   .28806000E-02  
   .26770000E-02  
   .27432000E-02  
   .27777000E-02  
   .30332000E-02  
   .27596000E-02  
   .29303000E-02  
   .29818000E-02  
   .29386000E-02  
   .30903000E-02  
   .27652000E-02  
   .27993000E-02  
   .27656000E-02  
   .27525000E-02  
   .29305000E-02  
   .28438000E-02  
   .29354000E-02  
   .26975000E-02  
   .29223000E-02  
   .26744000E-02  
   .28772000E-02  
   .27168000E-02  
   .28069000E-02  
   .27572000E-02  
   .26775000E-02  
   .29082000E-02  
   .27922000E-02  
   .27940000E-02  
   .27536000E-02  
   .28484000E-02  
   .30014000E-02  
   .29548000E-02  
   .28997000E-02  
   .28279000E-02  
   .29770000E-02  
   .28829000E-02  
   .30679000E-02  
   .30482000E-02  
   .30695000E-02  
   .29767000E-02  
   .28794000E-02  
   .32790000E-02  
   .30043000E-02  
   .30464000E-02  
   .29866000E-02  
   .28764000E-02  
   .30225000E-02  
   .29808000E-02  
   .28735000E-02  
   .28257000E-02  
   .29430000E-02  
   .28157000E-02  
   .30995000E-02  
   .30736000E-02  
   .31123000E-02  
   .29336000E-02  
   .31053000E-02  
   .34592000E-02  
   .31775000E-02  
   .32191000E-02  
   .32380000E-02  
   .32906000E-02  
   .33869000E-02  
   .32738000E-02  
   .36435000E-02  
   .36968000E-02  
   .36000000E-02  
   .38097000E-02  
   .40504000E-02  
   .39054000E-02  
   .42138000E-02  
   .42584000E-02  
   .43752000E-02  
   .45199000E-02  
   .41429000E-02  
   .41993000E-02  
   .42960000E-02  
   .44336000E-02  
   .44805000E-02  
   .43612000E-02  
   .43127000E-02  
   .42026000E-02  
   .44249000E-02  
   .40977000E-02  
   .42923000E-02  
   .41506000E-02  
   .42552000E-02  
   .40432000E-02  
   .37963000E-02  
   .39376000E-02  
   .34730000E-02  
   .34206000E-02  
   .33875000E-02  
   .32637000E-02  
   .34749000E-02  
   .32606000E-02  
   .32738000E-02  
   .33984000E-02  
   .37022000E-02  
   .38295000E-02  
   .42093000E-02  
   .42704000E-02  
   .44717000E-02  
   .46318000E-02  
   .49697000E-02  
   .52362000E-02  
   .52434000E-02  
   .52114000E-02  
   .50751000E-02  
   .52479000E-02  
   .54206000E-02  
   .52452000E-02  
   .53298000E-02  
   .49511000E-02  
   .49624000E-02  
   .48038000E-02  
   .50122000E-02  
   .46557000E-02  
   .46453000E-02  
   .57750000E-02  
   .50318000E-02  
   .45251000E-02  
   .41811000E-02  
   .38080000E-02  
   .37161000E-02  
   .37170000E-02  
   .39876000E-02  
   .37878000E-02  
   .38184000E-02  
   .38567000E-02  
   .40115000E-02  
   .39439000E-02  
   .41301000E-02  
   .37703000E-02  
   .35652000E-02  
   .36201000E-02  
   .33218000E-02  
   .34155000E-02  
   .31126000E-02  
   .29513000E-02  
   .29579000E-02  
   .30124000E-02  
   .32200000E-02  
   .29080000E-02  
   .28698000E-02  
   .28472000E-02  
   .30014000E-02  
   .30004000E-02  
   .30583000E-02  
   .29757000E-02  
   .30102000E-02  
   .29955000E-02  
   .31380000E-02  
   .34530000E-02  
   .34121000E-02  
   .35819000E-02  
   .36021000E-02  
   .37682000E-02  
   .41056000E-02  
   .42670000E-02  
   .46987000E-02  
   .48843000E-02  
   .52119000E-02  
   .55690000E-02  
   .60181000E-02  
   .60752000E-02  
   .61394000E-02  
   .62189000E-02  
   .64355000E-02  
   .67583000E-02  
   .64784000E-02  
   .64791000E-02  
   .64860000E-02  
   .63676000E-02  
   .61124000E-02  
   .56644000E-02  
   .54501000E-02  
   .52676000E-02  
   .49731000E-02  
   .48715000E-02  
   .48311000E-02  
   .44882000E-02  
   .43719000E-02  
   .44855000E-02  
   .46097000E-02  
   .47975000E-02  
   .46643000E-02  
   .48902000E-02  
   .45161000E-02  
   .45398000E-02  
   .46733000E-02  
   .47425000E-02  
   .46776000E-02  
   .46987000E-02  
   .48069000E-02  
   .47564000E-02  
   .52074000E-02  
   .53008000E-02  
   .55571000E-02  
   .57671000E-02  
   .61184000E-02  
   .66416000E-02  
   .68321000E-02  
   .72808000E-02  
   .00000000      
   .00000000      
   .00000000      
   .00000000      
   .00000000      
   .00000000      
   .00000000      
   .00000000      
   .11182000E-01  
   .10793000E-01  
   .10761000E-01  
   .10724000E-01  
   .10711000E-01  
   .10952000E-01  
   .10579000E-01  
   .10708000E-01  
   .10726000E-01  
   .10931000E-01  
   .10893000E-01  
   .10728000E-01  
   .10603000E-01  
   .10226000E-01  
   .99155000E-02  
   .94730000E-02  
   .92360000E-02  
   .86199000E-02  
   .82953000E-02  
   .77349000E-02  
   .72148000E-02  
   .71083000E-02  
   .67444000E-02  
   .64600000E-02  
   .62578000E-02  
   .63161000E-02  
   .65143000E-02  
   .63817000E-02  
   .64447000E-02  
   .64157000E-02  
   .67091000E-02  
   .69344000E-02  
   .73443000E-02  
   .72477000E-02  
   .74234000E-02  
   .78813000E-02  
   .80795000E-02  
   .85003000E-02  
   .87415000E-02  
   .90910000E-02  
   .93983000E-02  
   .10166000E-01  
   .10857000E-01  
   .11527000E-01  
   .12454000E-01  
   .13373000E-01  
   .14796000E-01  
   .16424000E-01  
   .18019000E-01  
   .19264000E-01  
   .20488000E-01  
   .21412000E-01  
   .22491000E-01  
   .23412000E-01  
   .23598000E-01  
   .23631000E-01  
   .23724000E-01  
   .23466000E-01  
   .23736000E-01  
   .23036000E-01  
   .22527000E-01  
   .21969000E-01  
   .21514000E-01  
   .21105000E-01  
   .21288000E-01  
   .20564000E-01  
   .20508000E-01  
   .20103000E-01  
   .19878000E-01  
   .19781000E-01  
   .19344000E-01  
   .18706000E-01  
   .18744000E-01  
   .18660000E-01  
   .19043000E-01  
   .18702000E-01  
   .18822000E-01  
   .18689000E-01  
   .18706000E-01  
   .18714000E-01  
   .19021000E-01  
   .19086000E-01  
   .19691000E-01  
   .20446000E-01  
   .20421000E-01  
   .20798000E-01  
   .20990000E-01  
   .21845000E-01  
   .22269000E-01  
   .22994000E-01  
   .23752000E-01  
   .25281000E-01  
   .27091000E-01  
   .29112000E-01  
   .31880000E-01  
   .35204000E-01  
   .38201000E-01  
   .40359000E-01  
   .42974000E-01  
   .44565000E-01  
   .45342000E-01  
   .45790000E-01  
   .44436000E-01  
   .42566000E-01  
   .40051000E-01  
   .37217000E-01  
   .34171000E-01  
   .31093000E-01  
   .27980000E-01  
   .25262000E-01  
   .22995000E-01  
   .21369000E-01  
   .19991000E-01  
   .18794000E-01  
   .17656000E-01  
   .16641000E-01  
   .16148000E-01  
   .15767000E-01  
   .15074000E-01  
   .14514000E-01  
   .14213000E-01  
   .13950000E-01  
   .13684000E-01  
   .13602000E-01  
   .13403000E-01  
   .13223000E-01  
   .13255000E-01  
   .13338000E-01  
   .13528000E-01  
   .13303000E-01  
   .13303000E-01  
   .13363000E-01  
   .13470000E-01  
   .13970000E-01  
   .13703000E-01  
   .13823000E-01  
   .13917000E-01  
   .14182000E-01  
   .14190000E-01  
   .14405000E-01  
   .14428000E-01  
   .14863000E-01  
   .14842000E-01  
   .14885000E-01  
   .15253000E-01  
   .15580000E-01  
   .15838000E-01  
   .16149000E-01  
   .16700000E-01  
   .17488000E-01  
   .17519000E-01  
   .17698000E-01  
   .18222000E-01  
   .18918000E-01  
   .19554000E-01  
   .19625000E-01  
   .20261000E-01  
   .20545000E-01  
   .20999000E-01  
   .21553000E-01  
   .22198000E-01  
   .22720000E-01  
   .23130000E-01  
   .23712000E-01  
   .24400000E-01  
   .25113000E-01  
   .25800000E-01  
   .26387000E-01  
   .26889000E-01  
   .31267000E-01  
   .29284000E-01  
   .28989000E-01  
   .29264000E-01  
   .29763000E-01  
   .30373000E-01  
   .31085000E-01  
   .31347000E-01  
   .31251000E-01  
   .31310000E-01  
   .31257000E-01  
   .31487000E-01  
   .31650000E-01  
   .31581000E-01  
   .31317000E-01  
   .31476000E-01  
   .31931000E-01  
   .32073000E-01  
   .31958000E-01  
   .32452000E-01  
   .32842000E-01  
   .32553000E-01  
   .32617000E-01  
   .32014000E-01  
   .30847000E-01  
   .29920000E-01  
   .28912000E-01  
   .28019000E-01  
   .26889000E-01  
   .25071000E-01  
   .23571000E-01  
   .22337000E-01  
   .21261000E-01  
   .19983000E-01  
   .18623000E-01  
   .17384000E-01  
   .16534000E-01  
   .15522000E-01  
   .14899000E-01  
   .14256000E-01  
   .13418000E-01  
   .12718000E-01  
   .11992000E-01  
   .11641000E-01  
   .11395000E-01  
   .10849000E-01  
   .10421000E-01  
   .10163000E-01  
   .97391000E-02  
   .96488000E-02  
   .92295000E-02  
   .88543000E-02  
   .85971000E-02  
   .84185000E-02  
   .83558000E-02  
   .82846000E-02  
   .79403000E-02  
   .80184000E-02  
   .75453000E-02  
   .72878000E-02  
   .73040000E-02  
   .70883000E-02  
   .70917000E-02  
   .68992000E-02  
   .66421000E-02  
   .66160000E-02  
   .65316000E-02  
   .63991000E-02  
   .61707000E-02  
   .59988000E-02  
   .59269000E-02  
   .60034000E-02  
   .58373000E-02  
   .59560000E-02  
   .57021000E-02  
   .56612000E-02  
   .56782000E-02  
   .54075000E-02  
   .53379000E-02  
   .53167000E-02  
   .52115000E-02  
   .53237000E-02  
   .51478000E-02  
   .50825000E-02  
   .50656000E-02  
   .51539000E-02  
   .51346000E-02  
   .51816000E-02  
   .49721000E-02  
   .49869000E-02  
   .50247000E-02  
   .48864000E-02  
   .50455000E-02  
   .49249000E-02  
   .47308000E-02  
   .47006000E-02  
   .47171000E-02  
   .47144000E-02  
   .46497000E-02  
   .45796000E-02  
   .45835000E-02  
   .44819000E-02  
   .44162000E-02  
   .44936000E-02  
   .43634000E-02  
   .44128000E-02  
   .42670000E-02  
   .43773000E-02  
   .45733000E-02  
   .42415000E-02  
   .42544000E-02  
   .42603000E-02  
   .43844000E-02  
   .44334000E-02  
   .42572000E-02  
   .41706000E-02  
   .41652000E-02  
   .40477000E-02  
   .40153000E-02  
   .41213000E-02  
   .39774000E-02  
   .39074000E-02  
   .39342000E-02  
   .39604000E-02  
   .41070000E-02  
   .40694000E-02  
   .40492000E-02  
   .38959000E-02  
   .39307000E-02  
   .39868000E-02  
   .40310000E-02  
   .39673000E-02  
   .39681000E-02  
   .40789000E-02  
   .39802000E-02  
   .41869000E-02  
   .39141000E-02  
   .39489000E-02  
   .39672000E-02  
   .40245000E-02  