  11102 11  1 CELCAF.01  CL5135 GA   .000 U  #  81594 00.00   1         
  PROGRAM    EHEAD   VERSION 01.01 DEUTERIUM LAMP                       
  USER PLC DATE & TIME  1995  4  6 00.00 00.00     9.990    295K S      
 EC1 Ce   1     0     0 LiCaALF6         .260000 -  .399600 .00010      
 SLIT WIDTH IS 1500 MICRONS, SAMPLE IS RECTANGULAR SHAPE. C-AXIS         
 IS CUT PERP. TO LONG AXIS OF CRYSTAL. PUMP LIGHT IS ALONG A(=B          
 & LONG AXIS ) OF CRYSTAL. SAMPLE IS PLACED SO THAT C-AXIS IS IN         
 THE SAME DIRECTION AS EMISSION IS OBSERVED. CONCENTRATION IS            
 ATOMIC PERCENT. FIVE INTENSITY POINTS IN MIDDLE OF DATA FILE ARE        
 MISSING. INTENSITY VALUES SET TO ZERO.                                  
  FORMAT(1X,G15.8)                                                       
  EOH                                                                    
  1397.           
   .24686000E-22  
   .21772000E-22  
   .24276000E-22  
   .23740000E-22  
   .24114000E-22  
   .25454000E-22  
   .26018000E-22  
   .26276000E-22  
   .27039000E-22  
   .27474000E-22  
   .26517000E-22  
   .26142000E-22  
   .25972000E-22  
   .25160000E-22  
   .24058000E-22  
   .23845000E-22  
   .23303000E-22  
   .22511000E-22  
   .22971000E-22  
   .23614000E-22  
   .23778000E-22  
   .23889000E-22  
   .24635000E-22  
   .24687000E-22  
   .24391000E-22  
   .23814000E-22  
   .23016000E-22  
   .23103000E-22  
   .23067000E-22  
   .22973000E-22  
   .23040000E-22  
   .22822000E-22  
   .22942000E-22  
   .22711000E-22  
   .22922000E-22  
   .22697000E-22  
   .22735000E-22  
   .21501000E-22  
   .21072000E-22  
   .21147000E-22  
   .21889000E-22  
   .22048000E-22  
   .22669000E-22  
   .22727000E-22  
   .22520000E-22  
   .22823000E-22  
   .23595000E-22  
   .23426000E-22  
   .24103000E-22  
   .24167000E-22  
   .23350000E-22  
   .22067000E-22  
   .21822000E-22  
   .20752000E-22  
   .20122000E-22  
   .19650000E-22  
   .20437000E-22  
   .21236000E-22  
   .21691000E-22  
   .22099000E-22  
   .22386000E-22  
   .22178000E-22  
   .21342000E-22  
   .21296000E-22  
   .20836000E-22  
   .20270000E-22  
   .19811000E-22  
   .19438000E-22  
   .19316000E-22  
   .19342000E-22  
   .19649000E-22  
   .20417000E-22  
   .21200000E-22  
   .21456000E-22  
   .21963000E-22  
   .22189000E-22  
   .22452000E-22  
   .21761000E-22  
   .21341000E-22  
   .21440000E-22  
   .22691000E-22  
   .23077000E-22  
   .23942000E-22  
   .24372000E-22  
   .24468000E-22  
   .23322000E-22  
   .22359000E-22  
   .21974000E-22  
   .22309000E-22  
   .23000000E-22  
   .23858000E-22  
   .24753000E-22  
   .25361000E-22  
   .25262000E-22  
   .25056000E-22  
   .24787000E-22  
   .24886000E-22  
   .24836000E-22  
   .24699000E-22  
   .24743000E-22  
   .24778000E-22  
   .24903000E-22  
   .25393000E-22  
   .26608000E-22  
   .27339000E-22  
   .27929000E-22  
   .28261000E-22  
   .28650000E-22  
   .28898000E-22  
   .30038000E-22  
   .30433000E-22  
   .30818000E-22  
   .30995000E-22  
   .31651000E-22  
   .31809000E-22  
   .32462000E-22  
   .32472000E-22  
   .33779000E-22  
   .35028000E-22  
   .36950000E-22  
   .38923000E-22  
   .41381000E-22  
   .42587000E-22  
   .43646000E-22  
   .43291000E-22  
   .44505000E-22  
   .45616000E-22  
   .47781000E-22  
   .49933000E-22  
   .51562000E-22  
   .52405000E-22  
   .53877000E-22  
   .55468000E-22  
   .55858000E-22  
   .57895000E-22  
   .60557000E-22  
   .62986000E-22  
   .65622000E-22  
   .69077000E-22  
   .71808000E-22  
   .73761000E-22  
   .75998000E-22  
   .77701000E-22  
   .80982000E-22  
   .85626000E-22  
   .91322000E-22  
   .96810000E-22  
   .10072000E-21  
   .10488000E-21  
   .10841000E-21  
   .11253000E-21  
   .11745000E-21  
   .12361000E-21  
   .12870000E-21  
   .13379000E-21  
   .13742000E-21  
   .14121000E-21  
   .14687000E-21  
   .15420000E-21  
   .16168000E-21  
   .17014000E-21  
   .17790000E-21  
   .18602000E-21  
   .19206000E-21  
   .19865000E-21  
   .20573000E-21  
   .21476000E-21  
   .22221000E-21  
   .23192000E-21  
   .23903000E-21  
   .24806000E-21  
   .25630000E-21  
   .26465000E-21  
   .27320000E-21  
   .28502000E-21  
   .29422000E-21  
   .30192000E-21  
   .30974000E-21  
   .31460000E-21  
   .32127000E-21  
   .32991000E-21  
   .34109000E-21  
   .35246000E-21  
   .36377000E-21  
   .37621000E-21  
   .38401000E-21  
   .39093000E-21  
   .40265000E-21  
   .41242000E-21  
   .41857000E-21  
   .42732000E-21  
   .43415000E-21  
   .43838000E-21  
   .45035000E-21  
   .46091000E-21  
   .47399000E-21  
   .48747000E-21  
   .48995000E-21  
   .00000000      
   .00000000      
   .00000000      
   .00000000      
   .00000000      
   .51211000E-21  
   .53313000E-21  
   .53675000E-21  
   .55232000E-21  
   .56787000E-21  
   .57683000E-21  
   .58622000E-21  
   .59568000E-21  
   .59652000E-21  
   .59114000E-21  
   .59464000E-21  
   .60649000E-21  
   .61680000E-21  
   .62181000E-21  
   .63211000E-21  
   .63266000E-21  
   .63024000E-21  
   .63741000E-21  
   .64496000E-21  
   .64694000E-21  
   .65315000E-21  
   .65743000E-21  
   .66340000E-21  
   .66723000E-21  
   .67578000E-21  
   .68453000E-21  
   .69744000E-21  
   .70196000E-21  
   .70846000E-21  
   .71362000E-21  
   .71947000E-21  
   .71429000E-21  
   .71224000E-21  
   .72084000E-21  
   .72559000E-21  
   .73319000E-21  
   .74235000E-21  
   .74596000E-21  
   .74393000E-21  
   .75170000E-21  
   .75598000E-21  
   .75677000E-21  
   .76110000E-21  
   .76021000E-21  
   .75626000E-21  
   .75711000E-21  
   .76810000E-21  
   .77288000E-21  
   .77588000E-21  
   .77939000E-21  
   .78246000E-21  
   .77928000E-21  
   .78376000E-21  
   .79436000E-21  
   .79701000E-21  
   .78998000E-21  
   .78691000E-21  
   .77941000E-21  
   .77142000E-21  
   .76445000E-21  
   .76380000E-21  
   .77066000E-21  
   .77693000E-21  
   .77932000E-21  
   .78230000E-21  
   .78548000E-21  
   .78308000E-21  
   .77952000E-21  
   .77643000E-21  
   .77791000E-21  
   .77736000E-21  
   .77242000E-21  
   .76854000E-21  
   .76258000E-21  
   .75719000E-21  
   .75398000E-21  
   .75358000E-21  
   .75577000E-21  
   .75803000E-21  
   .76001000E-21  
   .76243000E-21  
   .75805000E-21  
   .74755000E-21  
   .74543000E-21  
   .73868000E-21  
   .73388000E-21  
   .73266000E-21  
   .73513000E-21  
   .72981000E-21  
   .73429000E-21  
   .72798000E-21  
   .72076000E-21  
   .71687000E-21  
   .70994000E-21  
   .69445000E-21  
   .68492000E-21  
   .67413000E-21  
   .65817000E-21  
   .65357000E-21  
   .65409000E-21  
   .65300000E-21  
   .64985000E-21  
   .64968000E-21  
   .64510000E-21  
   .63582000E-21  
   .62306000E-21  
   .61664000E-21  
   .60989000E-21  
   .60395000E-21  
   .59809000E-21  
   .59511000E-21  
   .58907000E-21  
   .58453000E-21  
   .57853000E-21  
   .57065000E-21  
   .57029000E-21  
   .56832000E-21  
   .56314000E-21  
   .55586000E-21  
   .55370000E-21  
   .54189000E-21  
   .53539000E-21  
   .53343000E-21  
   .52815000E-21  
   .52272000E-21  
   .52026000E-21  
   .51359000E-21  
   .50360000E-21  
   .50201000E-21  
   .49453000E-21  
   .48734000E-21  
   .48162000E-21  
   .47771000E-21  
   .46939000E-21  
   .46233000E-21  
   .45553000E-21  
   .44838000E-21  
   .44253000E-21  
   .43766000E-21  
   .43547000E-21  
   .43339000E-21  
   .43145000E-21  
   .42931000E-21  
   .42623000E-21  
   .42194000E-21  
   .41851000E-21  
   .41738000E-21  
   .41304000E-21  
   .41286000E-21  
   .41130000E-21  
   .40666000E-21  
   .40069000E-21  
   .39564000E-21  
   .38990000E-21  
   .38555000E-21  
   .38336000E-21  
   .38228000E-21  
   .38109000E-21  
   .37791000E-21  
   .37645000E-21  
   .37404000E-21  
   .37216000E-21  
   .36945000E-21  
   .36773000E-21  
   .36644000E-21  
   .36503000E-21  
   .36262000E-21  
   .36083000E-21  
   .35854000E-21  
   .35565000E-21  
   .35249000E-21  
   .34945000E-21  
   .34766000E-21  
   .34541000E-21  
   .34349000E-21  
   .34356000E-21  
   .34257000E-21  
   .34307000E-21  
   .34185000E-21  
   .33898000E-21  
   .33419000E-21  
   .33117000E-21  
   .32715000E-21  
   .32727000E-21  
   .32743000E-21  
   .32767000E-21  
   .32635000E-21  
   .32465000E-21  
   .31982000E-21  
   .31741000E-21  
   .31606000E-21  
   .31800000E-21  
   .31729000E-21  
   .31680000E-21  
   .31469000E-21  
   .31235000E-21  
   .30937000E-21  
   .30800000E-21  
   .30625000E-21  
   .30468000E-21  
   .30410000E-21  
   .30096000E-21  
   .29937000E-21  
   .29996000E-21  
   .30029000E-21  
   .29881000E-21  
   .29694000E-21  
   .29446000E-21  
   .29341000E-21  
   .29312000E-21  
   .29412000E-21  
   .29422000E-21  
   .29562000E-21  
   .29560000E-21  
   .29669000E-21  
   .29843000E-21  
   .29953000E-21  
   .29842000E-21  
   .29962000E-21  
   .29819000E-21  
   .29338000E-21  
   .29221000E-21  
   .29318000E-21  
   .29227000E-21  
   .29276000E-21  
   .29385000E-21  
   .29511000E-21  
   .29535000E-21  
   .29571000E-21  
   .29522000E-21  
   .29776000E-21  
   .29691000E-21  
   .29675000E-21  
   .29787000E-21  
   .30008000E-21  
   .29889000E-21  
   .29920000E-21  
   .30047000E-21  
   .29802000E-21  
   .29628000E-21  
   .29616000E-21  
   .29603000E-21  
   .29457000E-21  
   .29660000E-21  
   .29607000E-21  
   .29603000E-21  
   .29655000E-21  
   .29686000E-21  
   .29573000E-21  
   .29502000E-21  
   .29378000E-21  
   .29321000E-21  
   .29255000E-21  
   .29182000E-21  
   .29253000E-21  
   .29278000E-21  
   .29277000E-21  
   .29263000E-21  
   .29156000E-21  
   .29108000E-21  
   .29190000E-21  
   .29219000E-21  
   .29231000E-21  
   .29147000E-21  
   .29027000E-21  
   .28792000E-21  
   .28598000E-21  
   .28292000E-21  
   .28102000E-21  
   .27978000E-21  
   .27951000E-21  
   .27950000E-21  
   .27992000E-21  
   .28019000E-21  
   .28063000E-21  
   .28009000E-21  
   .27829000E-21  
   .27749000E-21  
   .27738000E-21  
   .27559000E-21  
   .27555000E-21  
   .27458000E-21  
   .27308000E-21  
   .27231000E-21  
   .27160000E-21  
   .26911000E-21  
   .26742000E-21  
   .26673000E-21  
   .26582000E-21  
   .26515000E-21  
   .26439000E-21  
   .26534000E-21  
   .26525000E-21  
   .26480000E-21  
   .26390000E-21  
   .26386000E-21  
   .26268000E-21  
   .26099000E-21  
   .25864000E-21  
   .25788000E-21  
   .25595000E-21  
   .25402000E-21  
   .25390000E-21  
   .25375000E-21  
   .25306000E-21  
   .25158000E-21  
   .25062000E-21  
   .24861000E-21  
   .24664000E-21  
   .24321000E-21  
   .24115000E-21  
   .23931000E-21  
   .23738000E-21  
   .23560000E-21  
   .23608000E-21  
   .23536000E-21  
   .23347000E-21  
   .23190000E-21  
   .22997000E-21  
   .22587000E-21  
   .22523000E-21  
   .22439000E-21  
   .22366000E-21  
   .22306000E-21  
   .22330000E-21  
   .22067000E-21  
   .21875000E-21  
   .21662000E-21  
   .21536000E-21  
   .21324000E-21  
   .21129000E-21  
   .20936000E-21  
   .20756000E-21  
   .20487000E-21  
   .20322000E-21  
   .20290000E-21  
   .20168000E-21  
   .20020000E-21  
   .19933000E-21  
   .19793000E-21  
   .19544000E-21  
   .19387000E-21  
   .19312000E-21  
   .19167000E-21  
   .19069000E-21  
   .18999000E-21  
   .18966000E-21  
   .18788000E-21  
   .18652000E-21  
   .18401000E-21  
   .18186000E-21  
   .17848000E-21  
   .17597000E-21  
   .17370000E-21  
   .17178000E-21  
   .16932000E-21  
   .16758000E-21  
   .16604000E-21  
   .16429000E-21  
   .16274000E-21  
   .16175000E-21  
   .16112000E-21  
   .15891000E-21  
   .15723000E-21  
   .15559000E-21  
   .15347000E-21  
   .15151000E-21  
   .15012000E-21  
   .14876000E-21  
   .14687000E-21  
   .14550000E-21  
   .14328000E-21  
   .14207000E-21  
   .14016000E-21  
   .13875000E-21  
   .13717000E-21  
   .13595000E-21  
   .13428000E-21  
   .13251000E-21  
   .13112000E-21  
   .12907000E-21  
   .12716000E-21  
   .12578000E-21  
   .12443000E-21  
   .12248000E-21  
   .12117000E-21  
   .12009000E-21  
   .11831000E-21  
   .11615000E-21  
   .11486000E-21  
   .10900000E-21  
   .10171000E-21  
   .98894000E-22  
   .97822000E-22  
   .96801000E-22  
   .99705000E-22  
   .10363000E-21  
   .10334000E-21  
   .10185000E-21  
   .10023000E-21  
   .99331000E-22  
   .98463000E-22  
   .97302000E-22  
   .96325000E-22  
   .94962000E-22  
   .93219000E-22  
   .91555000E-22  
   .90496000E-22  
   .88946000E-22  
   .87701000E-22  
   .87168000E-22  
   .86386000E-22  
   .84990000E-22  
   .83598000E-22  
   .82323000E-22  
   .80594000E-22  
   .78949000E-22  
   .78302000E-22  
   .77569000E-22  
   .76246000E-22  
   .75212000E-22  
   .74121000E-22  
   .72330000E-22  
   .70993000E-22  
   .70324000E-22  
   .69035000E-22  
   .68003000E-22  
   .67074000E-22  
   .67098000E-22  
   .65631000E-22  
   .64262000E-22  
   .63475000E-22  
   .62559000E-22  
   .60601000E-22  
   .59267000E-22  
   .58245000E-22  
   .57420000E-22  
   .56537000E-22  
   .55887000E-22  
   .55590000E-22  
   .55492000E-22  
   .55232000E-22  
   .54873000E-22  
   .54280000E-22  
   .53908000E-22  
   .53444000E-22  
   .52058000E-22  
   .50993000E-22  
   .50461000E-22  
   .49868000E-22  
   .48592000E-22  
   .47999000E-22  
   .47194000E-22  
   .46538000E-22  
   .45323000E-22  
   .44817000E-22  
   .43873000E-22  
   .43251000E-22  
   .42201000E-22  
   .41445000E-22  
   .40746000E-22  
   .40531000E-22  
   .40303000E-22  
   .39722000E-22  
   .39374000E-22  
   .38832000E-22  
   .38362000E-22  
   .37501000E-22  
   .36927000E-22  
   .36299000E-22  
   .35793000E-22  
   .35074000E-22  
   .34465000E-22  
   .34065000E-22  
   .33704000E-22  
   .33333000E-22  
   .33189000E-22  
   .33232000E-22  
   .32737000E-22  
   .32430000E-22  
   .32051000E-22  
   .31447000E-22  
   .30506000E-22  
   .29706000E-22  
   .28818000E-22  
   .28353000E-22  
   .27944000E-22  
   .28109000E-22  
   .28154000E-22  
   .28011000E-22  
   .27503000E-22  
   .27397000E-22  
   .26691000E-22  
   .26728000E-22  
   .26709000E-22  
   .26808000E-22  
   .25941000E-22  
   .25434000E-22  
   .24592000E-22  
   .23996000E-22  
   .23350000E-22  
   .23401000E-22  
   .23200000E-22  
   .22513000E-22  
   .22052000E-22  
   .21711000E-22  
   .21334000E-22  
   .21322000E-22  
   .21716000E-22  
   .21736000E-22  
   .21471000E-22  
   .21175000E-22  
   .20531000E-22  
   .19984000E-22  
   .19706000E-22  
   .19768000E-22  
   .19620000E-22  
   .19471000E-22  
   .19299000E-22  
   .18849000E-22  
   .18193000E-22  
   .17812000E-22  
   .17719000E-22  
   .17672000E-22  
   .17475000E-22  
   .17557000E-22  
   .17357000E-22  
   .16915000E-22  
   .16573000E-22  
   .16405000E-22  
   .15825000E-22  
   .15284000E-22  
   .15116000E-22  
   .14717000E-22  
   .14536000E-22  
   .14660000E-22  
   .14670000E-22  
   .14457000E-22  
   .14458000E-22  
   .14496000E-22  
   .13968000E-22  
   .13819000E-22  
   .13839000E-22  
   .13831000E-22  
   .13475000E-22  
   .13377000E-22  
   .13179000E-22  
   .13121000E-22  
   .12814000E-22  
   .12624000E-22  
   .12652000E-22  
   .12602000E-22  
   .12247000E-22  
   .12152000E-22  
   .12063000E-22  
   .11826000E-22  
   .11712000E-22  
   .11824000E-22  
   .11849000E-22  
   .11750000E-22  
   .11852000E-22  
   .11795000E-22  
   .11199000E-22  
   .10873000E-22  
   .10752000E-22  
   .10639000E-22  
   .10426000E-22  
   .10709000E-22  
   .10618000E-22  
   .10587000E-22  
   .10364000E-22  
   .10184000E-22  
   .98824000E-23  
   .98976000E-23  
   .96487000E-23  
   .97598000E-23  
   .99812000E-23  
   .10099000E-22  
   .98827000E-23  
   .10069000E-22  
   .99862000E-23  
   .97934000E-23  
   .96072000E-23  
   .96426000E-23  
   .95512000E-23  
   .91508000E-23  
   .89219000E-23  
   .87427000E-23  
   .87183000E-23  
   .85865000E-23  
   .86858000E-23  
   .85222000E-23  
   .85389000E-23  
   .83386000E-23  
   .79104000E-23  
   .75326000E-23  
   .73779000E-23  
   .71552000E-23  
   .70611000E-23  
   .72742000E-23  
   .75260000E-23  
   .78331000E-23  
   .80071000E-23  
   .78589000E-23  
   .76553000E-23  
   .76464000E-23  
   .75019000E-23  
   .74821000E-23  
   .73507000E-23  
   .71482000E-23  
   .70815000E-23  
   .70536000E-23  
   .68283000E-23  
   .69212000E-23  
   .70745000E-23  
   .68945000E-23  
   .65751000E-23  
   .66447000E-23  
   .63568000E-23  
   .61678000E-23  
   .63451000E-23  
   .64715000E-23  
   .63521000E-23  
   .65939000E-23  
   .68004000E-23  
   .65614000E-23  
   .63802000E-23  
   .62998000E-23  
   .63722000E-23  
   .60959000E-23  
   .59427000E-23  
   .61307000E-23  
   .59283000E-23  
   .56192000E-23  
   .58401000E-23  
   .58416000E-23  
   .57332000E-23  
   .56374000E-23  
   .54653000E-23  
   .50976000E-23  
   .48107000E-23  
   .45655000E-23  
   .45890000E-23  
   .48680000E-23  
   .48146000E-23  
   .49519000E-23  
   .50512000E-23  
   .51640000E-23  
   .49995000E-23  
   .50711000E-23  
   .51671000E-23  
   .51333000E-23  
   .49301000E-23  
   .47743000E-23  
   .48088000E-23  
   .45204000E-23  
   .44657000E-23  
   .45879000E-23  
   .47689000E-23  
   .47136000E-23  
   .48189000E-23  
   .46502000E-23  
   .44931000E-23  
   .43716000E-23  
   .44069000E-23  
   .43824000E-23  
   .45322000E-23  
   .45265000E-23  
   .45737000E-23  
   .44326000E-23  
   .45027000E-23  
   .43331000E-23  
   .42098000E-23  
   .39059000E-23  
   .38187000E-23  
   .36973000E-23  
   .38691000E-23  
   .39348000E-23  
   .40446000E-23  
   .40420000E-23  
   .39405000E-23  
   .38629000E-23  
   .39375000E-23  
   .40061000E-23  
   .41042000E-23  
   .42444000E-23  
   .39460000E-23  
   .38109000E-23  
   .37214000E-23  
   .35184000E-23  
   .33057000E-23  
   .33449000E-23  
   .31625000E-23  
   .30032000E-23  
   .28703000E-23  
   .27546000E-23  
   .29376000E-23  
   .32998000E-23  
   .33867000E-23  
   .35842000E-23  
   .37536000E-23  
   .35488000E-23  
   .32341000E-23  
   .30426000E-23  
   .28369000E-23  
   .26304000E-23  
   .23419000E-23  
   .21641000E-23  
   .20723000E-23  
   .20057000E-23  
   .20111000E-23  
   .23207000E-23  
   .24898000E-23  
   .26892000E-23  
   .28393000E-23  
   .29551000E-23  
   .27315000E-23  
   .27187000E-23  
   .25944000E-23  
   .25398000E-23  
   .23692000E-23  
   .22799000E-23  
   .22353000E-23  
   .22618000E-23  
   .21452000E-23  
   .21600000E-23  
   .22172000E-23  
   .21980000E-23  
   .21399000E-23  
   .19793000E-23  
   .19453000E-23  
   .21386000E-23  
   .21532000E-23  
   .22456000E-23  
   .24937000E-23  
   .23788000E-23  
   .21216000E-23  
   .20652000E-23  
   .22570000E-23  
   .22350000E-23  
   .24325000E-23  
   .24172000E-23  
   .22999000E-23  
   .20058000E-23  
   .19873000E-23  
   .16953000E-23  
   .17610000E-23  
   .17077000E-23  
   .18376000E-23  
   .17419000E-23  
   .19609000E-23  
   .19797000E-23  
   .21088000E-23  
   .19507000E-23  
   .19361000E-23  
   .19052000E-23  
   .17935000E-23  
   .14284000E-23  
   .13388000E-23  
   .12578000E-23  
   .13165000E-23  
   .14169000E-23  
   .16511000E-23  
   .16352000E-23  
   .16189000E-23  
   .16559000E-23  
   .16435000E-23  
   .18200000E-23  
   .19061000E-23  
   .20741000E-23  
   .19276000E-23  
   .18713000E-23  
   .16535000E-23  
   .14547000E-23  
   .11367000E-23  
   .11789000E-23  
   .99451000E-24  
   .91462000E-24  
   .95099000E-24  
   .11285000E-23  
   .91153000E-24  
   .84403000E-24  
   .87886000E-24  
   .73262000E-24  
   .57922000E-24  
   .59810000E-24  
   .49983000E-24  
   .37155000E-24  
   .50591000E-24  
   .67263000E-24  
   .58263000E-24  
   .58740000E-24  
   .33577000E-24  
   .13396000E-24  
   .00000000      
   .00000000      
   .00000000      
   .00000000      
   .00000000      
   .19792000E-24  
   .24060000E-24  
   .37819000E-24  
   .61304000E-24  
   .70960000E-24  
   .67206000E-24  
   .62375000E-24  
   .60469000E-24  
   .67228000E-24  
   .69128000E-24  
   .63664000E-24  
   .59608000E-24  
   .46752000E-24  
   .21456000E-24  
   .00000000      
   .00000000      
   .00000000      
   .00000000      
   .00000000      
   .00000000      
   .00000000      
   .00000000      
   .00000000      
   .00000000      
   .00000000      
   .22924000E-25  
   .00000000      
   .00000000      
   .00000000      
   .00000000      
   .00000000      
   .00000000      
   .00000000      
   .00000000      
   .00000000      
   .00000000      
   .00000000      
   .00000000      
   .00000000      
   .00000000      
   .00000000      
   .00000000      
   .00000000      
   .00000000      
   .00000000      
   .00000000      
   .00000000      
   .00000000      
   .12595000E-24  
   .00000000      
   .00000000      
   .00000000      
   .80089000E-25  
   .27029000E-24  
   .37866000E-24  
   .24137000E-24  
   .92014000E-25  
   .00000000      
   .00000000      
   .00000000      
   .00000000      
   .00000000      
   .00000000      
   .00000000      
   .00000000      
   .00000000      
   .00000000      
   .00000000      
   .00000000      
   .00000000      
   .00000000      
   .00000000      
   .00000000      
   .00000000      
   .00000000      
   .00000000      
   .00000000      
   .00000000      
   .00000000      
   .00000000      
   .00000000      
   .00000000      
   .00000000      
   .00000000      
   .00000000      
   .00000000      
   .00000000      
   .00000000      
   .00000000      
   .00000000      
   .00000000      
   .00000000      
   .00000000      
   .00000000      
   .00000000      
   .00000000      
   .00000000      
   .00000000      
   .00000000      
   .00000000      
   .00000000      
   .00000000      
   .00000000      
   .00000000      
   .00000000      
   .00000000      
   .00000000      
   .00000000      
   .00000000      
   .00000000      
   .00000000      
   .00000000      
   .00000000      
   .00000000      
   .00000000      
   .00000000      
   .00000000      
   .00000000      
   .00000000      
   .00000000      
   .00000000      
   .00000000      
   .00000000      
   .00000000      
   .00000000      
   .00000000      
   .00000000      
   .00000000      
   .00000000      
   .00000000      
   .00000000      
   .00000000      
   .00000000      
   .00000000      
   .00000000      
   .00000000      
   .00000000      
   .00000000      
   .00000000      
   .00000000      
   .00000000      
   .00000000      
   .00000000      
   .00000000      
   .00000000      
   .00000000      
   .00000000      
   .00000000      
   .00000000      
   .00000000      
   .00000000      
   .00000000      
   .00000000      
   .00000000      
   .00000000      
   .00000000      
   .00000000      
   .00000000      
   .00000000      
   .00000000      
   .00000000      
   .00000000      
   .00000000      
   .00000000      
   .00000000      
   .00000000      
   .00000000      
   .00000000      
   .00000000      
   .00000000      
   .00000000      
   .00000000      
   .00000000      
   .00000000      
   .00000000      
   .00000000      
   .00000000      
   .00000000      
   .00000000      
   .00000000      
   .00000000      
   .00000000      
   .00000000      
   .00000000      
   .00000000      
   .00000000      
   .00000000      
   .00000000      
   .00000000      
   .00000000      
   .00000000      
   .00000000      
   .00000000      
   .00000000      
   .00000000      
   .00000000      
   .00000000      
   .00000000      
   .00000000      
   .00000000      
   .00000000      
   .00000000      
   .00000000      
   .00000000      
   .00000000      
   .00000000      
   .00000000      
   .00000000      
   .00000000      
   .00000000      
   .00000000      
   .00000000      
   .00000000      
   .00000000      
   .00000000      
   .00000000      
   .00000000      
   .00000000      
   .00000000      
   .00000000      
   .00000000      
   .00000000      
   .00000000      
   .00000000      
   .00000000      
   .00000000      
   .00000000      
   .00000000      
   .00000000      
   .00000000      
   .00000000      
   .00000000      
   .00000000      
   .00000000      
   .00000000      
   .00000000      
   .00000000      
   .00000000      
   .00000000      
   .00000000      
   .00000000      
   .00000000      
   .00000000      
   .00000000      
   .00000000      
   .00000000      
   .00000000      
   .00000000      
   .00000000      
   .00000000      
   .00000000      
   .00000000      
   .00000000      
   .00000000      
   .00000000      
   .00000000      
   .00000000      
   .00000000      
   .00000000      
   .00000000      
   .00000000      
   .00000000      
   .00000000      
   .00000000      
   .00000000      
   .00000000      
   .00000000      
   .00000000      
   .00000000      
   .00000000      
   .00000000      
   .00000000      
   .00000000      
   .00000000      
   .00000000      
   .00000000      
   .00000000      
   .00000000      
   .00000000      
   .00000000      
   .00000000      
   .00000000      
   .00000000      
   .00000000      
   .00000000      
   .00000000      
   .00000000      
   .00000000      
   .00000000      
   .00000000      
   .00000000      
   .00000000      
   .00000000      
   .00000000      
   .00000000      
   .00000000      
   .00000000      
   .00000000      
   .00000000      
   .00000000      
   .00000000      
   .00000000      
   .00000000      
   .00000000      
   .00000000      
   .00000000      
   .00000000      
   .00000000      
   .00000000      
   .00000000      
   .00000000      
   .00000000      
   .00000000      
   .00000000      
   .00000000      
   .00000000      
   .00000000      
   .00000000      
   .00000000      
   .00000000      
   .00000000      
   .00000000      
   .00000000      
   .00000000      
   .00000000      
   .00000000      
   .00000000      
   .00000000      
   .00000000      
   .00000000      
   .00000000      
   .00000000      
   .00000000      
   .00000000      
   .00000000      
   .00000000      
   .00000000      
   .00000000      
   .00000000      
   .00000000      
   .00000000      
   .00000000      
   .00000000      
   .00000000      
   .00000000      
   .00000000      
   .00000000      
   .00000000      
   .00000000      
   .00000000      
   .00000000      
   .00000000      
   .00000000      
   .00000000      
   .00000000      
   .00000000      
   .00000000      
   .00000000      
   .00000000      
   .00000000      
   .00000000      
   .00000000      
   .00000000      
   .00000000      
   .00000000      
   .00000000      
   .00000000      
   .00000000      
   .00000000      
   .00000000      
   .00000000      
   .00000000      
   .00000000      
   .00000000      
   .00000000      
   .00000000      
   .00000000      
   .00000000      
   .00000000      
   .00000000      
   .00000000      
   .00000000      
   .00000000      
   .00000000      
   .00000000      
   .00000000      
   .00000000      
   .00000000      
   .00000000      
   .00000000      
   .00000000      
   .00000000      
   .00000000      
   .00000000      
   .00000000      