  11102 11  1 CELCAF.02  CL5135 GA   .000 U  #  81594 00.00   1         
  PROGRAM    EHEAD   VERSION 01.01 DEUTERIUM LAMP                       
  USER PLC DATE & TIME  1995  4  6 00.00 00.00     9.990    295K P       
 EC1 Ce   1     0     0 LiCaALF6         .260000 -  .399600 .00010       
 SLIT WIDTH IS 1500 MICRONS, SAMPLE IS RECTANGULAR SHAPE. C-AXIS         
 IS CUT PERP. TO LONG AXIS OF CRYSTAL. PUMP LIGHT IS ALONG A(=B          
 & LONG AXIS ) OF CRYSTAL. POLARIZER AFTER SAMPLE IS PLACED              
 PARALLEL TO THE C-AXIS (P-POL). CONCENTRATION IS ATOMIC PERCENT.        
 41 INTENSITY VALUES ARE MISSING FROM MIDDLE OF DATA FILE.               
 INTENSITY VALUES SET TO ZERO.                                           
  FORMAT(1X,G15.8)                                                       
  EOH                                                                    
  1397.           
   .94979000E-23  
   .19873000E-23  
   .84066000E-23  
   .89892000E-23  
   .10132000E-22  
   .11244000E-22  
   .12503000E-22  
   .13862000E-22  
   .16065000E-22  
   .17206000E-22  
   .17322000E-22  
   .18074000E-22  
   .18231000E-22  
   .17925000E-22  
   .18083000E-22  
   .17278000E-22  
   .15158000E-22  
   .14715000E-22  
   .13436000E-22  
   .13972000E-22  
   .13254000E-22  
   .12938000E-22  
   .11950000E-22  
   .12540000E-22  
   .13553000E-22  
   .16322000E-22  
   .18827000E-22  
   .21279000E-22  
   .22649000E-22  
   .21539000E-22  
   .19592000E-22  
   .18732000E-22  
   .16953000E-22  
   .14207000E-22  
   .14331000E-22  
   .15342000E-22  
   .15464000E-22  
   .15947000E-22  
   .17568000E-22  
   .18511000E-22  
   .18877000E-22  
   .18752000E-22  
   .17409000E-22  
   .15737000E-22  
   .13118000E-22  
   .12609000E-22  
   .13259000E-22  
   .14282000E-22  
   .14392000E-22  
   .15167000E-22  
   .14932000E-22  
   .14466000E-22  
   .14368000E-22  
   .14429000E-22  
   .14774000E-22  
   .14252000E-22  
   .15402000E-22  
   .17133000E-22  
   .18327000E-22  
   .18709000E-22  
   .19162000E-22  
   .18989000E-22  
   .17418000E-22  
   .17252000E-22  
   .17334000E-22  
   .16832000E-22  
   .15595000E-22  
   .15263000E-22  
   .15201000E-22  
   .15800000E-22  
   .16671000E-22  
   .18102000E-22  
   .19029000E-22  
   .15088000E-22  
   .10376000E-22  
   .82985000E-23  
   .68640000E-23  
   .55730000E-23  
   .86150000E-23  
   .12573000E-22  
   .15452000E-22  
   .16273000E-22  
   .18044000E-22  
   .18451000E-22  
   .17780000E-22  
   .16155000E-22  
   .16390000E-22  
   .15618000E-22  
   .16247000E-22  
   .17969000E-22  
   .19761000E-22  
   .20118000E-22  
   .21312000E-22  
   .21865000E-22  
   .21837000E-22  
   .20215000E-22  
   .18307000E-22  
   .16654000E-22  
   .16409000E-22  
   .16372000E-22  
   .18996000E-22  
   .20311000E-22  
   .20735000E-22  
   .21014000E-22  
   .21700000E-22  
   .21388000E-22  
   .22653000E-22  
   .24320000E-22  
   .25606000E-22  
   .26732000E-22  
   .27724000E-22  
   .28134000E-22  
   .28433000E-22  
   .28025000E-22  
   .27796000E-22  
   .27092000E-22  
   .27077000E-22  
   .29939000E-22  
   .32421000E-22  
   .33940000E-22  
   .36708000E-22  
   .40591000E-22  
   .40748000E-22  
   .41851000E-22  
   .42525000E-22  
   .42897000E-22  
   .43674000E-22  
   .44622000E-22  
   .44012000E-22  
   .43795000E-22  
   .43906000E-22  
   .44423000E-22  
   .46843000E-22  
   .50840000E-22  
   .56669000E-22  
   .58972000E-22  
   .58575000E-22  
   .58185000E-22  
   .58279000E-22  
   .57771000E-22  
   .60419000E-22  
   .64205000E-22  
   .66054000E-22  
   .67845000E-22  
   .69931000E-22  
   .72335000E-22  
   .74628000E-22  
   .78294000E-22  
   .82867000E-22  
   .85409000E-22  
   .87100000E-22  
   .89787000E-22  
   .92811000E-22  
   .92928000E-22  
   .87835000E-22  
   .82877000E-22  
   .80734000E-22  
   .81143000E-22  
   .84269000E-22  
   .94639000E-22  
   .10465000E-21  
   .11184000E-21  
   .11842000E-21  
   .12252000E-21  
   .12448000E-21  
   .12697000E-21  
   .13207000E-21  
   .13550000E-21  
   .14027000E-21  
   .14512000E-21  
   .15243000E-21  
   .15654000E-21  
   .15890000E-21  
   .16338000E-21  
   .17009000E-21  
   .17245000E-21  
   .17707000E-21  
   .18337000E-21  
   .18588000E-21  
   .18901000E-21  
   .19399000E-21  
   .19870000E-21  
   .20620000E-21  
   .21499000E-21  
   .22022000E-21  
   .22444000E-21  
   .22879000E-21  
   .23286000E-21  
   .23461000E-21  
   .23879000E-21  
   .24052000E-21  
   .24161000E-21  
   .24426000E-21  
   .25499000E-21  
   .26680000E-21  
   .28107000E-21  
   .29045000E-21  
   .29511000E-21  
   .28975000E-21  
   .28718000E-21  
   .28912000E-21  
   .29407000E-21  
   .29584000E-21  
   .30524000E-21  
   .31374000E-21  
   .32099000E-21  
   .32806000E-21  
   .34029000E-21  
   .35199000E-21  
   .36009000E-21  
   .36467000E-21  
   .36788000E-21  
   .37004000E-21  
   .37748000E-21  
   .38372000E-21  
   .38896000E-21  
   .39794000E-21  
   .40371000E-21  
   .40526000E-21  
   .41191000E-21  
   .42104000E-21  
   .42826000E-21  
   .43780000E-21  
   .44907000E-21  
   .45643000E-21  
   .46576000E-21  
   .47655000E-21  
   .49042000E-21  
   .49977000E-21  
   .50606000E-21  
   .51622000E-21  
   .52324000E-21  
   .52892000E-21  
   .53837000E-21  
   .54974000E-21  
   .55792000E-21  
   .57177000E-21  
   .58481000E-21  
   .59712000E-21  
   .61582000E-21  
   .62585000E-21  
   .63673000E-21  
   .65004000E-21  
   .66048000E-21  
   .66404000E-21  
   .66939000E-21  
   .67499000E-21  
   .68106000E-21  
   .68710000E-21  
   .70264000E-21  
   .72131000E-21  
   .73516000E-21  
   .75261000E-21  
   .76549000E-21  
   .77076000E-21  
   .78078000E-21  
   .79348000E-21  
   .80665000E-21  
   .82138000E-21  
   .83418000E-21  
   .83753000E-21  
   .84467000E-21  
   .84211000E-21  
   .85159000E-21  
   .86503000E-21  
   .87672000E-21  
   .88367000E-21  
   .89064000E-21  
   .88974000E-21  
   .89013000E-21  
   .89283000E-21  
   .89571000E-21  
   .89763000E-21  
   .91031000E-21  
   .92020000E-21  
   .93177000E-21  
   .94197000E-21  
   .95414000E-21  
   .96141000E-21  
   .96494000E-21  
   .97613000E-21  
   .98598000E-21  
   .99883000E-21  
   .99828000E-21  
   .10048000E-20  
   .10114000E-20  
   .10161000E-20  
   .10217000E-20  
   .10306000E-20  
   .10343000E-20  
   .10262000E-20  
   .10132000E-20  
   .10041000E-20  
   .10062000E-20  
   .10076000E-20  
   .10095000E-20  
   .10219000E-20  
   .10259000E-20  
   .10206000E-20  
   .10224000E-20  
   .10245000E-20  
   .10277000E-20  
   .10214000E-20  
   .10160000E-20  
   .10090000E-20  
   .10110000E-20  
   .10049000E-20  
   .10120000E-20  
   .10241000E-20  
   .10263000E-20  
   .10283000E-20  
   .10343000E-20  
   .10275000E-20  
   .10128000E-20  
   .10101000E-20  
   .10048000E-20  
   .99937000E-21  
   .10059000E-20  
   .10116000E-20  
   .10085000E-20  
   .10052000E-20  
   .10017000E-20  
   .99075000E-21  
   .98106000E-21  
   .97037000E-21  
   .96313000E-21  
   .94766000E-21  
   .94059000E-21  
   .93468000E-21  
   .92854000E-21  
   .91832000E-21  
   .91962000E-21  
   .91542000E-21  
   .91506000E-21  
   .92020000E-21  
   .92738000E-21  
   .91911000E-21  
   .91093000E-21  
   .90306000E-21  
   .89013000E-21  
   .87816000E-21  
   .86682000E-21  
   .85789000E-21  
   .84646000E-21  
   .84658000E-21  
   .84510000E-21  
   .84853000E-21  
   .85224000E-21  
   .85598000E-21  
   .84931000E-21  
   .84363000E-21  
   .84607000E-21  
   .84818000E-21  
   .84609000E-21  
   .84602000E-21  
   .84212000E-21  
   .83159000E-21  
   .81661000E-21  
   .80671000E-21  
   .79443000E-21  
   .78280000E-21  
   .77319000E-21  
   .76646000E-21  
   .76099000E-21  
   .75693000E-21  
   .73488000E-21  
   .71754000E-21  
   .71094000E-21  
   .70176000E-21  
   .69756000E-21  
   .71032000E-21  
   .72316000E-21  
   .72284000E-21  
   .71749000E-21  
   .70804000E-21  
   .70396000E-21  
   .69964000E-21  
   .69653000E-21  
   .69325000E-21  
   .69279000E-21  
   .69094000E-21  
   .68608000E-21  
   .68574000E-21  
   .68860000E-21  
   .68858000E-21  
   .68625000E-21  
   .68821000E-21  
   .68400000E-21  
   .67980000E-21  
   .67354000E-21  
   .66885000E-21  
   .65659000E-21  
   .64901000E-21  
   .64372000E-21  
   .64062000E-21  
   .63340000E-21  
   .62891000E-21  
   .62424000E-21  
   .61870000E-21  
   .61510000E-21  
   .61529000E-21  
   .62167000E-21  
   .62212000E-21  
   .62681000E-21  
   .62587000E-21  
   .62412000E-21  
   .61978000E-21  
   .61993000E-21  
   .61980000E-21  
   .62362000E-21  
   .62345000E-21  
   .62326000E-21  
   .62558000E-21  
   .62241000E-21  
   .00000000      
   .00000000      
   .00000000      
   .00000000      
   .00000000      
   .00000000      
   .00000000      
   .00000000      
   .00000000      
   .00000000      
   .00000000      
   .62389000E-21  
   .63388000E-21  
   .63953000E-21  
   .64355000E-21  
   .64096000E-21  
   .63556000E-21  
   .63619000E-21  
   .63849000E-21  
   .64388000E-21  
   .64605000E-21  
   .64952000E-21  
   .64892000E-21  
   .64826000E-21  
   .64486000E-21  
   .64704000E-21  
   .64925000E-21  
   .65349000E-21  
   .65872000E-21  
   .66692000E-21  
   .66830000E-21  
   .67043000E-21  
   .67262000E-21  
   .67261000E-21  
   .66889000E-21  
   .67088000E-21  
   .67028000E-21  
   .67160000E-21  
   .67234000E-21  
   .67668000E-21  
   .68048000E-21  
   .68122000E-21  
   .68045000E-21  
   .68009000E-21  
   .67927000E-21  
   .68141000E-21  
   .68093000E-21  
   .68087000E-21  
   .68168000E-21  
   .68225000E-21  
   .67712000E-21  
   .67922000E-21  
   .67934000E-21  
   .67812000E-21  
   .67331000E-21  
   .67270000E-21  
   .66920000E-21  
   .66383000E-21  
   .66141000E-21  
   .66007000E-21  
   .65807000E-21  
   .65656000E-21  
   .65259000E-21  
   .64778000E-21  
   .64265000E-21  
   .63877000E-21  
   .63441000E-21  
   .63256000E-21  
   .62951000E-21  
   .62800000E-21  
   .62304000E-21  
   .62040000E-21  
   .61836000E-21  
   .61722000E-21  
   .61709000E-21  
   .61604000E-21  
   .61244000E-21  
   .60870000E-21  
   .60517000E-21  
   .60189000E-21  
   .59888000E-21  
   .59628000E-21  
   .59299000E-21  
   .58881000E-21  
   .58516000E-21  
   .58543000E-21  
   .58514000E-21  
   .58560000E-21  
   .58472000E-21  
   .58126000E-21  
   .57723000E-21  
   .57285000E-21  
   .56802000E-21  
   .56359000E-21  
   .55913000E-21  
   .55373000E-21  
   .54759000E-21  
   .54475000E-21  
   .54101000E-21  
   .53844000E-21  
   .53495000E-21  
   .53376000E-21  
   .52936000E-21  
   .52580000E-21  
   .52243000E-21  
   .51888000E-21  
   .51438000E-21  
   .50919000E-21  
   .50547000E-21  
   .50162000E-21  
   .49668000E-21  
   .49083000E-21  
   .48835000E-21  
   .48480000E-21  
   .48063000E-21  
   .47682000E-21  
   .47355000E-21  
   .46925000E-21  
   .46430000E-21  
   .45938000E-21  
   .45543000E-21  
   .45068000E-21  
   .44594000E-21  
   .44221000E-21  
   .43906000E-21  
   .43607000E-21  
   .43362000E-21  
   .42986000E-21  
   .42553000E-21  
   .42098000E-21  
   .41537000E-21  
   .41063000E-21  
   .40652000E-21  
   .40357000E-21  
   .39982000E-21  
   .39790000E-21  
   .39319000E-21  
   .38778000E-21  
   .38203000E-21  
   .37781000E-21  
   .37236000E-21  
   .36980000E-21  
   .36718000E-21  
   .36429000E-21  
   .35944000E-21  
   .35546000E-21  
   .35054000E-21  
   .34596000E-21  
   .34135000E-21  
   .33921000E-21  
   .33646000E-21  
   .33459000E-21  
   .33285000E-21  
   .32944000E-21  
   .32433000E-21  
   .32007000E-21  
   .31482000E-21  
   .31021000E-21  
   .30575000E-21  
   .30041000E-21  
   .29431000E-21  
   .28983000E-21  
   .28536000E-21  
   .28226000E-21  
   .27861000E-21  
   .27541000E-21  
   .27183000E-21  
   .26897000E-21  
   .26519000E-21  
   .26296000E-21  
   .26024000E-21  
   .25620000E-21  
   .25172000E-21  
   .24989000E-21  
   .24714000E-21  
   .24415000E-21  
   .24099000E-21  
   .23792000E-21  
   .23403000E-21  
   .23099000E-21  
   .22815000E-21  
   .22702000E-21  
   .22551000E-21  
   .22344000E-21  
   .22048000E-21  
   .21686000E-21  
   .21282000E-21  
   .20920000E-21  
   .20575000E-21  
   .20364000E-21  
   .20217000E-21  
   .20088000E-21  
   .19961000E-21  
   .19838000E-21  
   .19602000E-21  
   .19385000E-21  
   .19128000E-21  
   .18912000E-21  
   .18687000E-21  
   .18504000E-21  
   .18303000E-21  
   .18056000E-21  
   .17692000E-21  
   .17284000E-21  
   .16929000E-21  
   .16614000E-21  
   .16367000E-21  
   .16172000E-21  
   .15962000E-21  
   .15726000E-21  
   .15365000E-21  
   .15027000E-21  
   .14844000E-21  
   .14690000E-21  
   .14532000E-21  
   .14430000E-21  
   .14289000E-21  
   .14040000E-21  
   .13780000E-21  
   .13524000E-21  
   .13344000E-21  
   .13210000E-21  
   .13030000E-21  
   .12842000E-21  
   .12685000E-21  
   .12508000E-21  
   .12363000E-21  
   .12232000E-21  
   .12127000E-21  
   .12037000E-21  
   .11936000E-21  
   .11794000E-21  
   .11648000E-21  
   .11453000E-21  
   .11236000E-21  
   .11011000E-21  
   .10809000E-21  
   .10597000E-21  
   .10458000E-21  
   .10382000E-21  
   .10291000E-21  
   .10146000E-21  
   .10248000E-21  
   .10270000E-21  
   .10166000E-21  
   .10016000E-21  
   .98760000E-22  
   .95872000E-22  
   .94028000E-22  
   .92595000E-22  
   .91859000E-22  
   .90917000E-22  
   .88803000E-22  
   .86763000E-22  
   .84867000E-22  
   .83083000E-22  
   .81471000E-22  
   .80692000E-22  
   .80761000E-22  
   .80717000E-22  
   .80170000E-22  
   .79736000E-22  
   .79671000E-22  
   .78041000E-22  
   .76142000E-22  
   .74358000E-22  
   .72658000E-22  
   .70679000E-22  
   .69628000E-22  
   .69170000E-22  
   .69290000E-22  
   .69723000E-22  
   .69408000E-22  
   .68169000E-22  
   .67120000E-22  
   .66378000E-22  
   .65346000E-22  
   .65054000E-22  
   .65031000E-22  
   .64684000E-22  
   .64281000E-22  
   .63769000E-22  
   .62831000E-22  
   .62107000E-22  
   .61771000E-22  
   .61506000E-22  
   .61064000E-22  
   .60538000E-22  
   .59672000E-22  
   .58371000E-22  
   .56530000E-22  
   .54596000E-22  
   .53687000E-22  
   .53078000E-22  
   .52242000E-22  
   .51369000E-22  
   .50938000E-22  
   .49889000E-22  
   .49189000E-22  
   .48908000E-22  
   .49061000E-22  
   .49022000E-22  
   .48883000E-22  
   .48656000E-22  
   .48492000E-22  
   .47896000E-22  
   .47478000E-22  
   .46875000E-22  
   .46252000E-22  
   .45760000E-22  
   .45089000E-22  
   .44031000E-22  
   .43174000E-22  
   .42803000E-22  
   .42235000E-22  
   .41783000E-22  
   .42111000E-22  
   .42091000E-22  
   .41236000E-22  
   .40342000E-22  
   .39631000E-22  
   .38447000E-22  
   .37862000E-22  
   .37477000E-22  
   .37051000E-22  
   .36575000E-22  
   .36460000E-22  
   .36201000E-22  
   .36091000E-22  
   .36544000E-22  
   .36703000E-22  
   .36516000E-22  
   .36127000E-22  
   .35482000E-22  
   .34216000E-22  
   .33199000E-22  
   .32138000E-22  
   .31740000E-22  
   .31722000E-22  
   .31906000E-22  
   .32172000E-22  
   .32941000E-22  
   .33130000E-22  
   .32937000E-22  
   .32505000E-22  
   .31768000E-22  
   .30726000E-22  
   .30021000E-22  
   .29461000E-22  
   .28834000E-22  
   .28966000E-22  
   .29121000E-22  
   .29309000E-22  
   .29827000E-22  
   .30468000E-22  
   .30354000E-22  
   .30148000E-22  
   .29800000E-22  
   .29402000E-22  
   .29019000E-22  
   .29086000E-22  
   .29333000E-22  
   .29414000E-22  
   .29164000E-22  
   .28979000E-22  
   .28405000E-22  
   .27574000E-22  
   .26406000E-22  
   .24997000E-22  
   .23866000E-22  
   .23004000E-22  
   .22298000E-22  
   .22052000E-22  
   .22472000E-22  
   .22822000E-22  
   .23008000E-22  
   .23305000E-22  
   .23609000E-22  
   .23405000E-22  
   .23116000E-22  
   .22811000E-22  
   .22104000E-22  
   .21381000E-22  
   .21073000E-22  
   .21205000E-22  
   .21623000E-22  
   .22048000E-22  
   .22172000E-22  
   .22198000E-22  
   .21963000E-22  
   .21679000E-22  
   .21906000E-22  
   .22162000E-22  
   .22196000E-22  
   .22137000E-22  
   .21847000E-22  
   .21154000E-22  
   .20325000E-22  
   .19499000E-22  
   .18331000E-22  
   .17525000E-22  
   .17383000E-22  
   .17552000E-22  
   .17563000E-22  
   .18115000E-22  
   .18834000E-22  
   .19107000E-22  
   .19186000E-22  
   .19248000E-22  
   .18870000E-22  
   .18421000E-22  
   .18054000E-22  
   .17948000E-22  
   .18200000E-22  
   .18344000E-22  
   .18229000E-22  
   .17866000E-22  
   .17289000E-22  
   .16581000E-22  
   .16004000E-22  
   .15568000E-22  
   .15112000E-22  
   .15119000E-22  
   .15123000E-22  
   .15692000E-22  
   .15990000E-22  
   .16228000E-22  
   .16347000E-22  
   .16485000E-22  
   .16377000E-22  
   .16236000E-22  
   .16178000E-22  
   .16199000E-22  
   .16383000E-22  
   .16102000E-22  
   .15735000E-22  
   .15653000E-22  
   .15163000E-22  
   .14548000E-22  
   .14286000E-22  
   .14635000E-22  
   .14728000E-22  
   .14684000E-22  
   .14618000E-22  
   .14417000E-22  
   .13912000E-22  
   .13673000E-22  
   .13656000E-22  
   .13672000E-22  
   .13556000E-22  
   .13496000E-22  
   .13044000E-22  
   .12777000E-22  
   .12682000E-22  
   .13045000E-22  
   .12832000E-22  
   .12739000E-22  
   .12836000E-22  
   .12796000E-22  
   .12606000E-22  
   .12850000E-22  
   .12992000E-22  
   .12774000E-22  
   .12743000E-22  
   .13178000E-22  
   .13485000E-22  
   .13704000E-22  
   .13420000E-22  
   .12836000E-22  
   .11555000E-22  
   .10478000E-22  
   .99850000E-23  
   .10222000E-22  
   .10620000E-22  
   .11281000E-22  
   .11965000E-22  
   .12097000E-22  
   .11721000E-22  
   .10831000E-22  
   .10053000E-22  
   .91752000E-23  
   .87774000E-23  
   .87586000E-23  
   .89050000E-23  
   .89930000E-23  
   .92525000E-23  
   .90643000E-23  
   .88012000E-23  
   .91127000E-23  
   .89101000E-23  
   .85906000E-23  
   .84100000E-23  
   .81024000E-23  
   .74684000E-23  
   .72813000E-23  
   .74226000E-23  
   .79079000E-23  
   .84841000E-23  
   .88637000E-23  
   .91275000E-23  
   .90706000E-23  
   .87818000E-23  
   .85365000E-23  
   .84572000E-23  
   .86119000E-23  
   .88231000E-23  
   .90975000E-23  
   .93624000E-23  
   .96272000E-23  
   .97190000E-23  
   .98875000E-23  
   .97188000E-23  
   .92987000E-23  
   .89448000E-23  
   .85410000E-23  
   .79638000E-23  
   .70934000E-23  
   .56475000E-23  
   .47393000E-23  
   .43658000E-23  
   .42034000E-23  
   .45442000E-23  
   .61689000E-23  
   .75093000E-23  
   .83974000E-23  
   .90834000E-23  
   .96792000E-23  
   .10053000E-22  
   .98448000E-23  
   .87529000E-23  
   .54316000E-23  
   .24118000E-23  
   .64899000E-24  
   .52186000E-27  
   .72393000E-24  
   .40385000E-23  
   .69556000E-23  
   .80809000E-23  
   .82910000E-23  
   .77304000E-23  
   .66955000E-23  
   .56445000E-23  
   .53184000E-23  
   .52860000E-23  
   .57192000E-23  
   .60544000E-23  
   .63580000E-23  
   .64642000E-23  
   .63906000E-23  
   .58704000E-23  
   .58503000E-23  
   .63252000E-23  
   .67082000E-23  
   .66953000E-23  
   .64512000E-23  
   .57986000E-23  
   .49793000E-23  
   .41209000E-23  
   .39574000E-23  
   .45199000E-23  
   .52266000E-23  
   .58164000E-23  
   .63893000E-23  
   .64022000E-23  
   .60038000E-23  
   .56731000E-23  
   .55648000E-23  
   .56511000E-23  
   .58087000E-23  
   .59292000E-23  
   .59299000E-23  
   .58301000E-23  
   .49097000E-23  
   .24020000E-23  
   .61909000E-24  
   .00000000      
   .00000000      
   .24905000E-24  
   .24598000E-23  
   .41947000E-23  
   .49894000E-23  
   .51747000E-23  
   .50542000E-23  
   .49341000E-23  
   .46049000E-23  
   .45528000E-23  
   .45324000E-23  
   .46705000E-23  
   .51518000E-23  
   .59560000E-23  
   .63109000E-23  
   .67611000E-23  
   .73554000E-23  
   .76424000E-23  
   .77658000E-23  
   .77342000E-23  
   .70555000E-23  
   .62016000E-23  
   .58358000E-23  
   .58310000E-23  
   .59783000E-23  
   .63396000E-23  
   .66172000E-23  
   .68566000E-23  
   .68769000E-23  
   .69415000E-23  
   .72763000E-23  
   .73089000E-23  
   .70144000E-23  
   .64224000E-23  
   .56346000E-23  
   .52180000E-23  
   .52916000E-23  
   .54042000E-23  
   .54866000E-23  
   .57292000E-23  
   .57475000E-23  
   .57082000E-23  
   .54789000E-23  
   .53761000E-23  
   .55385000E-23  
   .57007000E-23  
   .56689000E-23  
   .53314000E-23  
   .52381000E-23  
   .53742000E-23  
   .58101000E-23  
   .63813000E-23  
   .71459000E-23  
   .74775000E-23  
   .78644000E-23  
   .76381000E-23  
   .75433000E-23  
   .78151000E-23  
   .81178000E-23  
   .77569000E-23  
   .74586000E-23  
   .71701000E-23  
   .67636000E-23  
   .64400000E-23  
   .62013000E-23  
   .59330000E-23  
   .58513000E-23  
   .59545000E-23  
   .55828000E-23  
   .20033000E-23  
   .00000000      
   .00000000      
   .00000000      
   .00000000      
   .00000000      
   .00000000      
   .00000000      
   .00000000      
   .00000000      
   .00000000      
   .28079000E-23  
   .53388000E-23  
   .64175000E-23  
   .66831000E-23  
   .63870000E-23  
   .64358000E-23  
   .64583000E-23  
   .61650000E-23  
   .58695000E-23  
   .61867000E-23  
   .65594000E-23  
   .66349000E-23  
   .62014000E-23  
   .61283000E-23  
   .58722000E-23  
   .57372000E-23  
   .60932000E-23  
   .66653000E-23  
   .67824000E-23  
   .64546000E-23  
   .55340000E-23  
   .49826000E-23  
   .45012000E-23  
   .45268000E-23  
   .51202000E-23  
   .55960000E-23  
   .53282000E-23  
   .53709000E-23  
   .54412000E-23  
   .52176000E-23  
   .56026000E-23  
   .58037000E-23  
   .55720000E-23  
   .52770000E-23  
   .51287000E-23  
   .45787000E-23  
   .44923000E-23  
   .47298000E-23  
   .48548000E-23  
   .45000000E-23  
   .45721000E-23  
   .46466000E-23  
   .43161000E-23  
   .40600000E-23  
   .41069000E-23  
   .37952000E-23  
   .32239000E-23  
   .32775000E-23  
   .36590000E-23  
   .37802000E-23  
   .35129000E-23  
   .35309000E-23  
   .35449000E-23  
   .33907000E-23  
   .34655000E-23  
   .39422000E-23  
   .43338000E-23  
   .42257000E-23  
   .34101000E-23  
   .25776000E-23  
   .21306000E-23  
   .16554000E-23  
   .13657000E-23  
   .13977000E-23  
   .15526000E-23  
   .15113000E-23  
   .14823000E-23  
   .13799000E-23  
   .14305000E-23  
   .18128000E-23  
   .22542000E-23  
   .23989000E-23  
   .28768000E-23  
   .34268000E-23  
   .37900000E-23  
   .40805000E-23  
   .46736000E-23  
   .48639000E-23  
   .49478000E-23  
   .46874000E-23  
   .45473000E-23  
   .45803000E-23  
   .46041000E-23  
   .46973000E-23  
   .49127000E-23  
   .51283000E-23  
   .47671000E-23  
   .50722000E-23  
   .48685000E-23  
   .47824000E-23  
   .46599000E-23  
   .49751000E-23  
   .47812000E-23  
   .50902000E-23  
   .51339000E-23  
   .47319000E-23  
   .42697000E-23  
   .00000000      
   .00000000      
   .00000000      
   .00000000      
   .00000000      
   .00000000      
   .00000000      
   .00000000      
   .00000000      
   .00000000      
   .00000000      
   .00000000      
   .00000000      
   .00000000      
   .00000000      
   .00000000      
   .46057000E-23  
   .40782000E-23  
   .35894000E-23  
   .31002000E-23  
   .30264000E-23  
   .37009000E-23  
   .40125000E-23  
   .36672000E-23  
   .33075000E-23  
   .29425000E-23  
   .20901000E-23  
   .12934000E-23  
   .11038000E-23  
   .15457000E-23  
   .17550000E-23  
   .18714000E-23  
   .20656000E-23  
   .17811000E-23  
   .11242000E-23  
   .73277000E-24  
   .77838000E-24  
   .10014000E-23  
   .13300000E-23  
   .15808000E-23  
   .15700000E-23  
   .16398000E-23  
   .20095000E-23  
   .18717000E-23  
   .12471000E-23  
   .93904000E-24  
   .69671000E-24  
   .45220000E-24  
   .91643000E-24  
   .14136000E-23  
   .14298000E-23  
   .92593000E-24  
   .18322000E-24  
   .00000000      
   .00000000      
   .29206000E-24  
   .93675000E-24  
   .13235000E-23  
   .14403000E-23  
   .11338000E-23  
   .75313000E-24  
   .56557000E-24  
   .72859000E-24  
   .82642000E-24  
   .10051000E-23  
   .12324000E-23  
   .12505000E-23  
   .14129000E-23  
   .16227000E-23  
   .17572000E-23  
   .13492000E-23  
   .96683000E-24  
   .97990000E-25  
   .00000000      
   .00000000      
   .25570000E-24  
   .37703000E-24  
   .37408000E-24  
   .16135000E-24  
   .13451000E-24  
   .52988000E-24  
   .11828000E-23  
   .19928000E-23  
   .26085000E-23  
   .25689000E-23  
   .23533000E-23  
   .20710000E-23  
   .17016000E-23  
   .15848000E-23  
   .20461000E-23  
   .26383000E-23  
   .30680000E-23  
   .34182000E-23  
   .34580000E-23  
   .30946000E-23  
   .22217000E-23  
   .14473000E-23  
   .94055000E-24  
   .43136000E-24  
   .00000000      
   .00000000      
   .00000000      
   .00000000      
   .00000000      
   .00000000      
   .00000000      
   .00000000      
   .00000000      
   .00000000      
   .00000000      
   .00000000      
   .00000000      
   .00000000      
   .00000000      
   .00000000      
   .00000000      
   .00000000      
   .00000000      
   .00000000      
   .00000000      
   .00000000      
   .00000000      
   .00000000      
   .00000000      
   .00000000      
   .00000000      
   .00000000      
   .00000000      
   .00000000      
   .00000000      
   .00000000      
   .00000000      
   .00000000      
   .00000000      
   .00000000      
   .00000000      
   .00000000      
   .00000000      
   .00000000      
   .00000000      
   .00000000      
   .00000000      
   .00000000      
   .00000000      
   .00000000      
   .00000000      
   .00000000      
   .00000000      
   .00000000      
   .00000000      
   .00000000      
   .00000000      
   .00000000      
   .00000000      
   .00000000      
   .00000000      
   .00000000      
   .00000000      
   .00000000      
   .00000000      
   .00000000      
   .22704000E-24  
   .67606000E-24  
   .14584000E-23  
   .13263000E-23  
   .35585000E-24  
   .00000000      
   .00000000      
   .00000000      
   .00000000      
   .00000000      
   .00000000      
   .00000000      
   .00000000      
   .00000000      
   .00000000      
   .00000000      
   .00000000      
   .00000000      
   .00000000      
   .00000000      
   .00000000      
   .00000000      
   .00000000      
   .00000000      
   .00000000      
   .00000000      
   .00000000      
   .00000000      
   .00000000      
   .00000000      
   .00000000      
   .00000000      
   .00000000      
   .00000000      
   .00000000      
   .00000000      
   .00000000      
   .00000000      
   .00000000      
   .00000000      
   .00000000      
   .00000000      
   .00000000      
   .00000000      
   .00000000      
   .00000000      
   .00000000      
   .00000000      
   .00000000      
   .00000000      
   .00000000      
   .00000000      
   .00000000      
   .00000000      
   .00000000      
   .00000000      
   .00000000      
   .00000000      
   .00000000      
   .00000000      
   .00000000      
   .00000000      
   .00000000      
   .00000000      
   .00000000      
   .00000000      
   .00000000      
   .00000000      
   .00000000      