  11102 11  1 CELSAF.02  CL4644 GA   .000 U  #  81594 00.00   1         
  PROGRAM    EHEAD   VERSION 01.01 DEUTERIUM LAMP                       
  USER PLC DATE & TIME  1995  4  6 00.00 00.00     9.990    295K P       
 EC1 Ce   1     0     0 LiSrALF6         .260000 -  .399600 .00010       
 SLIT WIDTH IS 1500 MICRONS, SAMPLE IS CYLINDRICAL SHAPE. C-AXIS         
 IS CUT PERP. TO LONG AXIS OF CYLINDER. PUMP LIGHT IS ALONG A(=B         
 & LONG AXIS ) OF CRYSTAL. POLARIZER AFTER CRYSTAL IS PLACED             
 PARALLEL TO THE C-AXIS (P-POL). CONCENTRATION IS ATOMIC PERCENT.        
 TEN (10) INTENSITY VALUES MISSING FROM MIDDLE OF FILE. POINTS           
 SET TO ZERO.                                                            
  FORMAT(1X,G15.8)                                                       
  EOH                                                                    
  1397.           
   .00000000      
   .00000000      
   .00000000      
   .00000000      
   .00000000      
   .00000000      
   .00000000      
   .00000000      
   .00000000      
   .00000000      
   .00000000      
   .00000000      
   .00000000      
   .00000000      
   .00000000      
   .00000000      
   .00000000      
   .00000000      
   .00000000      
   .00000000      
   .00000000      
   .00000000      
   .00000000      
   .00000000      
   .00000000      
   .00000000      
   .00000000      
   .00000000      
   .00000000      
   .00000000      
   .00000000      
   .00000000      
   .00000000      
   .00000000      
   .00000000      
   .00000000      
   .00000000      
   .00000000      
   .00000000      
   .00000000      
   .00000000      
   .00000000      
   .00000000      
   .00000000      
   .00000000      
   .00000000      
   .00000000      
   .00000000      
   .00000000      
   .00000000      
   .00000000      
   .00000000      
   .00000000      
   .00000000      
   .11793000E-24  
   .00000000      
   .00000000      
   .00000000      
   .00000000      
   .00000000      
   .00000000      
   .00000000      
   .00000000      
   .00000000      
   .00000000      
   .00000000      
   .00000000      
   .00000000      
   .00000000      
   .00000000      
   .00000000      
   .00000000      
   .00000000      
   .00000000      
   .00000000      
   .00000000      
   .00000000      
   .00000000      
   .00000000      
   .00000000      
   .00000000      
   .00000000      
   .00000000      
   .00000000      
   .00000000      
   .00000000      
   .00000000      
   .00000000      
   .00000000      
   .00000000      
   .00000000      
   .00000000      
   .00000000      
   .00000000      
   .00000000      
   .00000000      
   .00000000      
   .00000000      
   .00000000      
   .00000000      
   .00000000      
   .00000000      
   .00000000      
   .00000000      
   .00000000      
   .00000000      
   .00000000      
   .00000000      
   .00000000      
   .57775000E-24  
   .22221000E-23  
   .39353000E-23  
   .45359000E-23  
   .44600000E-23  
   .32882000E-23  
   .13193000E-23  
   .00000000      
   .00000000      
   .30273000E-24  
   .14929000E-23  
   .26202000E-23  
   .40259000E-23  
   .43525000E-23  
   .48852000E-23  
   .52572000E-23  
   .58942000E-23  
   .62540000E-23  
   .67879000E-23  
   .71443000E-23  
   .73531000E-23  
   .78226000E-23  
   .75855000E-23  
   .73701000E-23  
   .70053000E-23  
   .62941000E-23  
   .56187000E-23  
   .48340000E-23  
   .45364000E-23  
   .46554000E-23  
   .53016000E-23  
   .61592000E-23  
   .70822000E-23  
   .77005000E-23  
   .86144000E-23  
   .96971000E-23  
   .99408000E-23  
   .11349000E-22  
   .12267000E-22  
   .12990000E-22  
   .13558000E-22  
   .15208000E-22  
   .16444000E-22  
   .18153000E-22  
   .19764000E-22  
   .21298000E-22  
   .22276000E-22  
   .23090000E-22  
   .24002000E-22  
   .25550000E-22  
   .27729000E-22  
   .30133000E-22  
   .31140000E-22  
   .31437000E-22  
   .30976000E-22  
   .30215000E-22  
   .30457000E-22  
   .33061000E-22  
   .37091000E-22  
   .40915000E-22  
   .44162000E-22  
   .46782000E-22  
   .48753000E-22  
   .49467000E-22  
   .51618000E-22  
   .53743000E-22  
   .55435000E-22  
   .56636000E-22  
   .57379000E-22  
   .57491000E-22  
   .58566000E-22  
   .60161000E-22  
   .62952000E-22  
   .66822000E-22  
   .70224000E-22  
   .73539000E-22  
   .75529000E-22  
   .77162000E-22  
   .79890000E-22  
   .81835000E-22  
   .82937000E-22  
   .84997000E-22  
   .87313000E-22  
   .89428000E-22  
   .92689000E-22  
   .97441000E-22  
   .10431000E-21  
   .11039000E-21  
   .11421000E-21  
   .11621000E-21  
   .11739000E-21  
   .11881000E-21  
   .11985000E-21  
   .12291000E-21  
   .12912000E-21  
   .13510000E-21  
   .13832000E-21  
   .14435000E-21  
   .14992000E-21  
   .15290000E-21  
   .15608000E-21  
   .15910000E-21  
   .15841000E-21  
   .00000000      
   .00000000      
   .00000000      
   .00000000      
   .16152000E-21  
   .17796000E-21  
   .19163000E-21  
   .20095000E-21  
   .21093000E-21  
   .22001000E-21  
   .22744000E-21  
   .23416000E-21  
   .23845000E-21  
   .24367000E-21  
   .24862000E-21  
   .25590000E-21  
   .26434000E-21  
   .27520000E-21  
   .28184000E-21  
   .29046000E-21  
   .29754000E-21  
   .30704000E-21  
   .31279000E-21  
   .32024000E-21  
   .33107000E-21  
   .34189000E-21  
   .35080000E-21  
   .35854000E-21  
   .36380000E-21  
   .34137000E-21  
   .00000000      
   .00000000      
   .00000000      
   .00000000      
   .00000000      
   .00000000      
   .41203000E-21  
   .44347000E-21  
   .46230000E-21  
   .47552000E-21  
   .49028000E-21  
   .50459000E-21  
   .51420000E-21  
   .52742000E-21  
   .54179000E-21  
   .55039000E-21  
   .55525000E-21  
   .56215000E-21  
   .56785000E-21  
   .57908000E-21  
   .58922000E-21  
   .59985000E-21  
   .61743000E-21  
   .63379000E-21  
   .64141000E-21  
   .65002000E-21  
   .66260000E-21  
   .66967000E-21  
   .67433000E-21  
   .68161000E-21  
   .69429000E-21  
   .70289000E-21  
   .71574000E-21  
   .72929000E-21  
   .74257000E-21  
   .75239000E-21  
   .76679000E-21  
   .77811000E-21  
   .79136000E-21  
   .80448000E-21  
   .82136000E-21  
   .83833000E-21  
   .84791000E-21  
   .85271000E-21  
   .85851000E-21  
   .86161000E-21  
   .86666000E-21  
   .87528000E-21  
   .88496000E-21  
   .89334000E-21  
   .90913000E-21  
   .91666000E-21  
   .92158000E-21  
   .93021000E-21  
   .93681000E-21  
   .93831000E-21  
   .94063000E-21  
   .94609000E-21  
   .94626000E-21  
   .95491000E-21  
   .96270000E-21  
   .96923000E-21  
   .96910000E-21  
   .97509000E-21  
   .97862000E-21  
   .97602000E-21  
   .97476000E-21  
   .97872000E-21  
   .98513000E-21  
   .98760000E-21  
   .99440000E-21  
   .99976000E-21  
   .10017000E-20  
   .99836000E-21  
   .99766000E-21  
   .99174000E-21  
   .99833000E-21  
   .10024000E-20  
   .10043000E-20  
   .99657000E-21  
   .99652000E-21  
   .99049000E-21  
   .99426000E-21  
   .99923000E-21  
   .10064000E-20  
   .10080000E-20  
   .10019000E-20  
   .98918000E-21  
   .97935000E-21  
   .97424000E-21  
   .96670000E-21  
   .96335000E-21  
   .96300000E-21  
   .96262000E-21  
   .95791000E-21  
   .95029000E-21  
   .94086000E-21  
   .93397000E-21  
   .92713000E-21  
   .92123000E-21  
   .91891000E-21  
   .91682000E-21  
   .91041000E-21  
   .90404000E-21  
   .90012000E-21  
   .89750000E-21  
   .89499000E-21  
   .88980000E-21  
   .88235000E-21  
   .88092000E-21  
   .87671000E-21  
   .86824000E-21  
   .86434000E-21  
   .85800000E-21  
   .84803000E-21  
   .84066000E-21  
   .83949000E-21  
   .83813000E-21  
   .83476000E-21  
   .82891000E-21  
   .82483000E-21  
   .81761000E-21  
   .81163000E-21  
   .80799000E-21  
   .80696000E-21  
   .80360000E-21  
   .79876000E-21  
   .79221000E-21  
   .78419000E-21  
   .77558000E-21  
   .76979000E-21  
   .76303000E-21  
   .75294000E-21  
   .74456000E-21  
   .73544000E-21  
   .72499000E-21  
   .71989000E-21  
   .71759000E-21  
   .71788000E-21  
   .71699000E-21  
   .71500000E-21  
   .70931000E-21  
   .69990000E-21  
   .68977000E-21  
   .68264000E-21  
   .67516000E-21  
   .66739000E-21  
   .66112000E-21  
   .65485000E-21  
   .64652000E-21  
   .64053000E-21  
   .63401000E-21  
   .63046000E-21  
   .62505000E-21  
   .61736000E-21  
   .60952000E-21  
   .60169000E-21  
   .59526000E-21  
   .58965000E-21  
   .58596000E-21  
   .58037000E-21  
   .57704000E-21  
   .57146000E-21  
   .56934000E-21  
   .56519000E-21  
   .56049000E-21  
   .55618000E-21  
   .55367000E-21  
   .54664000E-21  
   .54197000E-21  
   .54129000E-21  
   .53959000E-21  
   .53315000E-21  
   .53216000E-21  
   .53172000E-21  
   .52833000E-21  
   .52380000E-21  
   .52157000E-21  
   .51527000E-21  
   .51217000E-21  
   .51001000E-21  
   .50533000E-21  
   .50286000E-21  
   .50209000E-21  
   .49887000E-21  
   .49671000E-21  
   .49675000E-21  
   .49579000E-21  
   .49528000E-21  
   .49563000E-21  
   .49132000E-21  
   .48863000E-21  
   .48683000E-21  
   .48721000E-21  
   .48708000E-21  
   .49106000E-21  
   .49486000E-21  
   .49537000E-21  
   .49408000E-21  
   .48937000E-21  
   .48576000E-21  
   .48236000E-21  
   .48100000E-21  
   .48068000E-21  
   .48104000E-21  
   .47927000E-21  
   .47973000E-21  
   .48047000E-21  
   .47487000E-21  
   .47286000E-21  
   .47366000E-21  
   .47408000E-21  
   .47435000E-21  
   .47824000E-21  
   .48126000E-21  
   .48280000E-21  
   .48259000E-21  
   .48391000E-21  
   .48632000E-21  
   .48738000E-21  
   .48541000E-21  
   .48289000E-21  
   .47993000E-21  
   .47722000E-21  
   .47408000E-21  
   .47416000E-21  
   .47311000E-21  
   .47119000E-21  
   .46842000E-21  
   .46401000E-21  
   .45872000E-21  
   .45600000E-21  
   .45482000E-21  
   .45312000E-21  
   .45261000E-21  
   .45279000E-21  
   .45210000E-21  
   .45001000E-21  
   .44800000E-21  
   .44600000E-21  
   .44255000E-21  
   .43938000E-21  
   .43647000E-21  
   .43518000E-21  
   .43440000E-21  
   .43283000E-21  
   .43094000E-21  
   .42816000E-21  
   .42513000E-21  
   .42190000E-21  
   .41977000E-21  
   .41717000E-21  
   .41473000E-21  
   .41236000E-21  
   .41112000E-21  
   .40995000E-21  
   .40754000E-21  
   .40665000E-21  
   .40462000E-21  
   .40063000E-21  
   .39620000E-21  
   .39259000E-21  
   .39035000E-21  
   .39042000E-21  
   .39062000E-21  
   .39141000E-21  
   .39250000E-21  
   .39182000E-21  
   .38857000E-21  
   .38673000E-21  
   .38407000E-21  
   .38027000E-21  
   .37433000E-21  
   .36987000E-21  
   .36590000E-21  
   .36340000E-21  
   .36235000E-21  
   .36165000E-21  
   .36121000E-21  
   .35978000E-21  
   .35642000E-21  
   .35371000E-21  
   .35191000E-21  
   .34949000E-21  
   .34674000E-21  
   .34538000E-21  
   .34235000E-21  
   .34073000E-21  
   .33846000E-21  
   .33579000E-21  
   .33335000E-21  
   .33262000E-21  
   .33068000E-21  
   .32854000E-21  
   .32791000E-21  
   .32642000E-21  
   .32389000E-21  
   .32131000E-21  
   .31993000E-21  
   .31749000E-21  
   .31551000E-21  
   .31308000E-21  
   .31046000E-21  
   .30792000E-21  
   .30557000E-21  
   .30289000E-21  
   .30108000E-21  
   .30105000E-21  
   .29938000E-21  
   .29764000E-21  
   .29560000E-21  
   .29346000E-21  
   .28903000E-21  
   .28570000E-21  
   .28295000E-21  
   .28147000E-21  
   .27982000E-21  
   .27818000E-21  
   .27533000E-21  
   .27267000E-21  
   .26905000E-21  
   .26634000E-21  
   .26379000E-21  
   .26283000E-21  
   .26173000E-21  
   .26021000E-21  
   .25746000E-21  
   .25531000E-21  
   .25231000E-21  
   .24901000E-21  
   .24619000E-21  
   .24393000E-21  
   .24085000E-21  
   .23836000E-21  
   .23577000E-21  
   .23343000E-21  
   .23135000E-21  
   .22988000E-21  
   .22814000E-21  
   .22651000E-21  
   .22446000E-21  
   .22239000E-21  
   .22022000E-21  
   .21809000E-21  
   .21578000E-21  
   .21447000E-21  
   .21259000E-21  
   .21088000E-21  
   .20891000E-21  
   .20708000E-21  
   .20421000E-21  
   .20111000E-21  
   .19836000E-21  
   .19637000E-21  
   .19491000E-21  
   .19348000E-21  
   .19249000E-21  
   .19093000E-21  
   .18916000E-21  
   .18629000E-21  
   .18412000E-21  
   .18264000E-21  
   .18096000E-21  
   .17876000E-21  
   .17664000E-21  
   .17450000E-21  
   .17211000E-21  
   .17005000E-21  
   .16805000E-21  
   .16672000E-21  
   .16536000E-21  
   .16385000E-21  
   .16216000E-21  
   .16023000E-21  
   .15853000E-21  
   .15664000E-21  
   .15514000E-21  
   .15407000E-21  
   .15301000E-21  
   .15193000E-21  
   .15102000E-21  
   .14993000E-21  
   .14854000E-21  
   .14777000E-21  
   .14688000E-21  
   .14517000E-21  
   .14283000E-21  
   .14106000E-21  
   .13915000E-21  
   .13675000E-21  
   .13520000E-21  
   .13424000E-21  
   .13243000E-21  
   .13068000E-21  
   .12966000E-21  
   .12882000E-21  
   .12755000E-21  
   .12654000E-21  
   .12519000E-21  
   .12397000E-21  
   .12257000E-21  
   .12113000E-21  
   .11959000E-21  
   .11848000E-21  
   .11705000E-21  
   .11576000E-21  
   .11525000E-21  
   .11472000E-21  
   .11390000E-21  
   .11317000E-21  
   .11177000E-21  
   .10996000E-21  
   .10845000E-21  
   .10677000E-21  
   .10477000E-21  
   .10371000E-21  
   .10275000E-21  
   .10192000E-21  
   .10126000E-21  
   .10090000E-21  
   .10031000E-21  
   .99560000E-22  
   .99003000E-22  
   .98726000E-22  
   .98419000E-22  
   .97776000E-22  
   .96889000E-22  
   .95665000E-22  
   .94223000E-22  
   .93005000E-22  
   .91876000E-22  
   .90981000E-22  
   .90134000E-22  
   .89527000E-22  
   .89233000E-22  
   .89140000E-22  
   .88937000E-22  
   .88671000E-22  
   .88266000E-22  
   .87284000E-22  
   .86113000E-22  
   .85070000E-22  
   .84084000E-22  
   .83247000E-22  
   .82076000E-22  
   .80839000E-22  
   .79819000E-22  
   .78927000E-22  
   .77990000E-22  
   .77348000E-22  
   .76647000E-22  
   .76031000E-22  
   .75338000E-22  
   .74451000E-22  
   .73772000E-22  
   .73572000E-22  
   .72821000E-22  
   .71928000E-22  
   .71314000E-22  
   .70626000E-22  
   .69319000E-22  
   .68332000E-22  
   .67752000E-22  
   .67405000E-22  
   .67141000E-22  
   .66874000E-22  
   .66476000E-22  
   .65971000E-22  
   .65279000E-22  
   .64271000E-22  
   .63324000E-22  
   .62480000E-22  
   .62025000E-22  
   .61419000E-22  
   .60603000E-22  
   .60131000E-22  
   .59979000E-22  
   .59619000E-22  
   .59279000E-22  
   .59545000E-22  
   .59692000E-22  
   .59255000E-22  
   .58321000E-22  
   .57696000E-22  
   .57255000E-22  
   .56734000E-22  
   .56310000E-22  
   .56015000E-22  
   .55403000E-22  
   .54627000E-22  
   .54019000E-22  
   .53602000E-22  
   .53231000E-22  
   .53055000E-22  
   .52917000E-22  
   .52404000E-22  
   .51616000E-22  
   .51334000E-22  
   .51085000E-22  
   .50513000E-22  
   .50001000E-22  
   .49654000E-22  
   .48824000E-22  
   .47813000E-22  
   .47143000E-22  
   .46707000E-22  
   .46502000E-22  
   .46542000E-22  
   .46643000E-22  
   .46495000E-22  
   .46464000E-22  
   .45958000E-22  
   .45110000E-22  
   .44323000E-22  
   .43978000E-22  
   .43541000E-22  
   .43321000E-22  
   .43525000E-22  
   .43647000E-22  
   .43253000E-22  
   .43067000E-22  
   .42988000E-22  
   .42565000E-22  
   .41953000E-22  
   .41372000E-22  
   .40809000E-22  
   .40385000E-22  
   .39946000E-22  
   .39813000E-22  
   .39911000E-22  
   .39736000E-22  
   .39232000E-22  
   .38850000E-22  
   .38368000E-22  
   .37911000E-22  
   .37679000E-22  
   .37737000E-22  
   .37061000E-22  
   .33153000E-22  
   .28819000E-22  
   .26341000E-22  
   .25259000E-22  
   .25510000E-22  
   .29419000E-22  
   .33667000E-22  
   .35640000E-22  
   .36179000E-22  
   .36198000E-22  
   .35855000E-22  
   .35420000E-22  
   .35187000E-22  
   .34881000E-22  
   .34426000E-22  
   .33864000E-22  
   .33332000E-22  
   .32881000E-22  
   .32465000E-22  
   .32161000E-22  
   .32048000E-22  
   .32182000E-22  
   .31998000E-22  
   .31601000E-22  
   .31368000E-22  
   .31231000E-22  
   .30860000E-22  
   .30903000E-22  
   .31032000E-22  
   .31233000E-22  
   .31267000E-22  
   .31448000E-22  
   .31289000E-22  
   .31166000E-22  
   .30738000E-22  
   .30048000E-22  
   .29300000E-22  
   .28957000E-22  
   .28821000E-22  
   .28614000E-22  
   .28307000E-22  
   .27969000E-22  
   .27408000E-22  
   .26367000E-22  
   .25713000E-22  
   .25527000E-22  
   .25462000E-22  
   .25517000E-22  
   .25803000E-22  
   .25729000E-22  
   .25551000E-22  
   .25322000E-22  
   .25161000E-22  
   .25250000E-22  
   .25409000E-22  
   .25328000E-22  
   .25015000E-22  
   .24672000E-22  
   .24397000E-22  
   .24294000E-22  
   .24450000E-22  
   .24668000E-22  
   .24535000E-22  
   .24090000E-22  
   .23416000E-22  
   .22849000E-22  
   .22385000E-22  
   .22158000E-22  
   .22087000E-22  
   .22042000E-22  
   .22091000E-22  
   .22209000E-22  
   .22244000E-22  
   .22290000E-22  
   .22256000E-22  
   .22184000E-22  
   .22013000E-22  
   .21887000E-22  
   .21637000E-22  
   .21581000E-22  
   .21312000E-22  
   .20783000E-22  
   .20361000E-22  
   .20436000E-22  
   .21498000E-22  
   .22712000E-22  
   .23564000E-22  
   .23841000E-22  
   .23819000E-22  
   .22627000E-22  
   .21224000E-22  
   .20457000E-22  
   .20212000E-22  
   .20004000E-22  
   .19906000E-22  
   .19848000E-22  
   .19849000E-22  
   .19774000E-22  
   .19619000E-22  
   .19422000E-22  
   .19035000E-22  
   .18634000E-22  
   .18320000E-22  
   .18044000E-22  
   .17977000E-22  
   .18128000E-22  
   .18032000E-22  
   .17924000E-22  
   .17708000E-22  
   .17355000E-22  
   .16954000E-22  
   .16637000E-22  
   .16202000E-22  
   .15778000E-22  
   .15335000E-22  
   .14960000E-22  
   .14755000E-22  
   .14788000E-22  
   .14908000E-22  
   .15311000E-22  
   .15687000E-22  
   .15818000E-22  
   .15635000E-22  
   .15403000E-22  
   .14976000E-22  
   .14449000E-22  
   .14121000E-22  
   .14046000E-22  
   .13931000E-22  
   .13941000E-22  
   .14185000E-22  
   .14302000E-22  
   .14552000E-22  
   .14764000E-22  
   .14716000E-22  
   .14472000E-22  
   .14227000E-22  
   .13920000E-22  
   .13710000E-22  
   .13556000E-22  
   .13499000E-22  
   .13650000E-22  
   .13611000E-22  
   .13301000E-22  
   .13148000E-22  
   .13049000E-22  
   .10949000E-22  
   .76806000E-23  
   .57159000E-23  
   .47650000E-23  
   .42514000E-23  
   .58836000E-23  
   .87592000E-23  
   .10584000E-22  
   .11237000E-22  
   .11562000E-22  
   .11758000E-22  
   .11785000E-22  
   .11866000E-22  
   .11973000E-22  
   .11684000E-22  
   .11346000E-22  
   .11162000E-22  
   .10703000E-22  
   .10286000E-22  
   .10038000E-22  
   .97454000E-23  
   .96932000E-23  
   .99061000E-23  
   .10117000E-22  
   .10276000E-22  
   .10413000E-22  
   .10288000E-22  
   .99449000E-23  
   .96618000E-23  
   .96957000E-23  
   .96110000E-23  
   .95039000E-23  
   .93154000E-23  
   .90729000E-23  
   .87109000E-23  
   .85298000E-23  
   .85648000E-23  
   .89195000E-23  
   .90677000E-23  
   .91198000E-23  
   .90922000E-23  
   .87710000E-23  
   .72776000E-23  
   .49179000E-23  
   .32422000E-23  
   .22788000E-23  
   .19700000E-23  
   .30956000E-23  
   .53745000E-23  
   .69742000E-23  
   .76833000E-23  
   .78538000E-23  
   .77404000E-23  
   .74368000E-23  
   .70995000E-23  
   .69136000E-23  
   .66398000E-23  
   .62811000E-23  
   .59304000E-23  
   .54220000E-23  
   .49689000E-23  
   .48114000E-23  
   .46625000E-23  
   .46690000E-23  
   .46929000E-23  
   .46285000E-23  
   .43889000E-23  
   .42301000E-23  
   .40418000E-23  
   .39320000E-23  
   .37172000E-23  
   .33551000E-23  
   .30180000E-23  
   .24971000E-23  
   .19632000E-23  
   .15559000E-23  
   .12900000E-23  
   .93570000E-24  
   .76934000E-24  
   .53056000E-24  
   .25736000E-24  
   .41588000E-25  
   .00000000      
   .00000000      
   .00000000      
   .00000000      
   .00000000      
   .00000000      
   .00000000      
   .00000000      
   .00000000      
   .00000000      
   .00000000      
   .00000000      
   .00000000      
   .00000000      
   .00000000      
   .00000000      
   .00000000      
   .00000000      
   .00000000      
   .00000000      
   .00000000      
   .00000000      
   .00000000      
   .00000000      
   .00000000      
   .00000000      
   .00000000      
   .00000000      
   .00000000      
   .00000000      
   .00000000      
   .00000000      
   .00000000      
   .00000000      
   .00000000      
   .00000000      
   .00000000      
   .00000000      
   .00000000      
   .23321000E-25  
   .00000000      
   .00000000      
   .00000000      
   .00000000      
   .00000000      
   .00000000      
   .00000000      
   .00000000      
   .00000000      
   .00000000      
   .00000000      
   .00000000      
   .56261000E-25  
   .67117000E-26  
   .43309000E-25  
   .17899000E-24  
   .61146000E-25  
   .00000000      
   .23983000E-25  
   .28287000E-24  
   .47494000E-24  
   .67727000E-24  
   .73150000E-24  
   .84486000E-24  
   .98127000E-24  
   .93232000E-24  
   .82553000E-24  
   .76515000E-24  
   .71624000E-24  
   .60058000E-24  
   .60763000E-24  
   .10652000E-23  
   .20322000E-23  
   .25141000E-23  
   .27099000E-23  
   .27968000E-23  
   .26304000E-23  
   .21965000E-23  
   .19868000E-23  
   .19345000E-23  
   .19135000E-23  
   .17735000E-23  
   .13279000E-23  
   .10864000E-23  
   .11144000E-23  
   .14043000E-23  
   .15320000E-23  
   .16837000E-23  
   .18273000E-23  
   .16541000E-23  
   .13923000E-23  
   .13885000E-23  
   .14946000E-23  
   .14515000E-23  
   .14387000E-23  
   .16404000E-23  
   .19645000E-23  
   .21444000E-23  
   .23045000E-23  
   .25232000E-23  
   .24305000E-23  
   .21078000E-23  
   .20259000E-23  
   .20194000E-23  
   .21581000E-23  
   .22869000E-23  
   .23926000E-23  
   .24291000E-23  
   .25073000E-23  
   .24949000E-23  
   .26928000E-23  
   .28529000E-23  
   .28613000E-23  
   .28926000E-23  
   .29769000E-23  
   .30531000E-23  
   .34347000E-23  
   .38695000E-23  
   .39700000E-23  
   .38197000E-23  
   .34293000E-23  
   .34093000E-23  
   .34473000E-23  
   .36327000E-23  
   .40408000E-23  
   .44927000E-23  
   .42472000E-23  
   .39607000E-23  
   .37455000E-23  
   .35243000E-23  
   .33305000E-23  
   .33192000E-23  
   .35061000E-23  
   .37216000E-23  
   .38930000E-23  
   .42322000E-23  
   .46968000E-23  
   .52011000E-23  
   .58390000E-23  
   .66968000E-23  
   .73012000E-23  
   .76307000E-23  
   .74983000E-23  
   .71993000E-23  
   .67250000E-23  
   .64982000E-23  
   .62133000E-23  
   .60481000E-23  
   .60603000E-23  
   .59251000E-23  
   .58009000E-23  
   .58939000E-23  
   .61193000E-23  
   .63826000E-23  
   .65947000E-23  
   .65448000E-23  
   .65146000E-23  
   .66401000E-23  
   .67074000E-23  
   .71921000E-23  
   .77253000E-23  
   .80633000E-23  
   .81754000E-23  
   .80200000E-23  
   .75592000E-23  
   .71545000E-23  
   .70091000E-23  
   .69915000E-23  
   .71900000E-23  
   .75453000E-23  
   .79924000E-23  
   .81596000E-23  
   .81578000E-23  
   .82125000E-23  
   .84053000E-23  
   .85256000E-23  
   .87682000E-23  
   .91326000E-23  
   .93849000E-23  
   .93316000E-23  
   .92208000E-23  
   .94566000E-23  
   .96864000E-23  
   .96944000E-23  
   .99420000E-23  
   .10226000E-22  
   .10129000E-22  
   .10076000E-22  
   .97143000E-23  
   .66889000E-23  
   .37598000E-23  
   .23001000E-23  
   .16661000E-23  
   .19834000E-23  
   .47176000E-23  
   .74839000E-23  
   .89768000E-23  
   .95541000E-23  
   .97790000E-23  
   .10191000E-22  
   .10515000E-22  
   .10854000E-22  
   .11362000E-22  
   .11488000E-22  
   .11268000E-22  
   .11200000E-22  
   .10952000E-22  
   .10424000E-22  
   .10101000E-22  
   .10142000E-22  
   .10183000E-22  
   .10426000E-22  
   .10982000E-22  
   .11497000E-22  
   .12202000E-22  
   .12797000E-22  
   .12948000E-22  
   .12926000E-22  
   .12939000E-22  
   .12577000E-22  
   .12162000E-22  
   .12068000E-22  
   .12187000E-22  
   .12445000E-22  
   .12725000E-22  
   .12904000E-22  
   .12830000E-22  
   .12684000E-22  
   .12687000E-22  
   .12751000E-22  
   .12791000E-22  
   .13022000E-22  
   .13304000E-22  
   .13394000E-22  
   .13523000E-22  
   .13778000E-22  
   .13977000E-22  
   .13827000E-22  
   .13612000E-22  
   .13256000E-22  
   .12803000E-22  
   .12599000E-22  
   .12692000E-22  
   .12601000E-22  
   .12488000E-22  
   .12763000E-22  
   .13184000E-22  
   .13519000E-22  
   .13817000E-22  
   .14077000E-22  
   .14114000E-22  
   .13903000E-22  
   .13609000E-22  
   .13661000E-22  
   .13944000E-22  
   .14144000E-22  
   .14454000E-22  
   .14640000E-22  
   .14785000E-22  
   .14895000E-22  
   .15055000E-22  
   .14974000E-22  
   .15192000E-22  
   .16082000E-22  
   .16757000E-22  
   .17407000E-22  
   .18007000E-22  
   .18404000E-22  
   .18244000E-22  
   .18165000E-22  
   .18021000E-22  
   .17976000E-22  
   .18253000E-22  
   .18318000E-22  
   .18084000E-22  
   .17950000E-22  
   .17719000E-22  
   .17286000E-22  
   .17090000E-22  
   .17131000E-22  
   .16958000E-22  
   .16821000E-22  
   .16734000E-22  
   .16515000E-22  
   .16273000E-22  
   .16162000E-22  
   .15986000E-22  
   .15620000E-22  
   .15052000E-22  
   .14661000E-22  
   .14447000E-22  
   .14396000E-22  
   .14476000E-22  
   .14782000E-22  
   .15109000E-22  
   .15386000E-22  
   .15544000E-22  
   .15712000E-22  
   .15939000E-22  
   .16054000E-22  
   .16267000E-22  
   .16508000E-22  
   .16612000E-22  
   .16496000E-22  
   .16193000E-22  
   .15879000E-22  
   .15821000E-22  
   .15904000E-22  
   .16062000E-22  
   .16435000E-22  
   .16710000E-22  
   .16730000E-22  
   .16858000E-22  
   .17371000E-22  
   .18179000E-22  
   .18977000E-22  
   .19664000E-22  
   .20170000E-22  
   .20408000E-22  
   .20301000E-22  
   .20095000E-22  
   .20156000E-22  
   .20259000E-22  
   .20213000E-22  
   .20247000E-22  
   .20411000E-22  
   .20534000E-22  
   .20537000E-22  
   .20646000E-22  
   .20808000E-22  
   .20930000E-22  
   .21131000E-22  
   .21319000E-22  
   .21414000E-22  
   .21486000E-22  
   .21122000E-22  
   .20667000E-22  
   .20385000E-22  
   .20150000E-22  
   .19682000E-22  
   .19654000E-22  
   .19712000E-22  
   .19690000E-22  
   .19727000E-22  
   .20230000E-22  
   .20378000E-22  
   .20168000E-22  
   .19748000E-22  
   .18980000E-22  
   .18400000E-22  
   .18710000E-22  
   .19150000E-22  
   .19553000E-22  
   .20105000E-22  
   .20368000E-22  
   .20111000E-22  
   .19846000E-22  
   .19925000E-22  
   .20129000E-22  
   .20021000E-22  
   .20072000E-22  
   .20472000E-22  
   .20758000E-22  
   .21080000E-22  
   .21604000E-22  
   .21777000E-22  
   .21454000E-22  
   .21216000E-22  
   .21275000E-22  
   .21465000E-22  
   .21604000E-22  
   .22063000E-22  
   .22887000E-22  
   .23537000E-22  
   .23896000E-22  
   .24490000E-22  
   .24700000E-22  
   .24615000E-22  
   .24570000E-22  
   .24594000E-22  
   .24329000E-22  
   .24448000E-22  
   .24420000E-22  
   .24310000E-22  
   .23896000E-22  
   .23529000E-22  
   .23094000E-22  
   .21531000E-22  
   .21497000E-22  