  11102 11  1 CELSAF.01  CL4644 GA   .000 U  #  81594 00.00   1         
  PROGRAM    EHEAD   VERSION 01.01 DEUTERIUM LAMP                       
  USER PLC DATE & TIME  1995  4  6 00.00 00.00    9.9900    295K S       
 EC1 Ce   1     0     0 LiSrALF6         .260000 -  .399600 .00010        
 SLIT WIDTH IS 1500 MICRONS, SAMPLE IS CYLINDRICAL SHAPE. C-AXIS         
 IS CUT PERP. TO LONG AXIS OF CYLINDER. PUMP LIGHT IS ALONG A(=B         
 & LONG AXIS ) OF CRYSTAL. SAMPLE IS PLACED SO THAT C-AXIS IS IN         
 THE SAME DIRECTION AS EMISSION IS OSBERVED. (S-POL)                     
 CONCENTRATION IS ATOMIC PERCENT. TEN (10) INTENSITY VALUES              
 MISSING FROM MIDDLE OF FILE. POINTS SET TO ZERO.                        
  FORMAT(1X,G15.8)                                                       
  EOH                                                                    
  1397.           
   .10575000E-22  
   .94644000E-23  
   .10301000E-22  
   .95344000E-23  
   .97564000E-23  
   .96583000E-23  
   .10089000E-22  
   .10371000E-22  
   .10571000E-22  
   .10565000E-22  
   .10294000E-22  
   .99849000E-23  
   .95379000E-23  
   .93594000E-23  
   .87836000E-23  
   .86910000E-23  
   .89901000E-23  
   .90203000E-23  
   .94566000E-23  
   .93637000E-23  
   .91329000E-23  
   .83725000E-23  
   .82478000E-23  
   .78341000E-23  
   .77636000E-23  
   .73020000E-23  
   .73118000E-23  
   .76554000E-23  
   .79747000E-23  
   .83671000E-23  
   .85882000E-23  
   .85283000E-23  
   .87530000E-23  
   .81711000E-23  
   .74225000E-23  
   .64967000E-23  
   .65840000E-23  
   .62062000E-23  
   .63163000E-23  
   .66470000E-23  
   .72800000E-23  
   .72044000E-23  
   .71292000E-23  
   .73516000E-23  
   .69935000E-23  
   .72470000E-23  
   .74831000E-23  
   .70555000E-23  
   .69918000E-23  
   .71060000E-23  
   .66976000E-23  
   .67835000E-23  
   .68103000E-23  
   .65340000E-23  
   .67459000E-23  
   .70297000E-23  
   .70631000E-23  
   .80945000E-23  
   .80642000E-23  
   .82377000E-23  
   .79922000E-23  
   .71153000E-23  
   .60638000E-23  
   .62518000E-23  
   .61903000E-23  
   .64657000E-23  
   .68088000E-23  
   .72131000E-23  
   .78707000E-23  
   .81003000E-23  
   .85742000E-23  
   .92057000E-23  
   .97839000E-23  
   .94017000E-23  
   .95153000E-23  
   .90406000E-23  
   .85779000E-23  
   .80461000E-23  
   .78821000E-23  
   .80300000E-23  
   .86334000E-23  
   .89413000E-23  
   .89598000E-23  
   .90172000E-23  
   .89183000E-23  
   .89696000E-23  
   .90648000E-23  
   .91820000E-23  
   .92036000E-23  
   .87717000E-23  
   .83768000E-23  
   .76572000E-23  
   .76052000E-23  
   .80735000E-23  
   .88071000E-23  
   .91751000E-23  
   .99919000E-23  
   .10324000E-22  
   .10403000E-22  
   .10460000E-22  
   .10572000E-22  
   .10731000E-22  
   .11227000E-22  
   .11349000E-22  
   .11423000E-22  
   .11810000E-22  
   .11986000E-22  
   .11640000E-22  
   .12143000E-22  
   .12614000E-22  
   .12820000E-22  
   .13692000E-22  
   .14824000E-22  
   .14982000E-22  
   .15966000E-22  
   .16432000E-22  
   .15905000E-22  
   .16397000E-22  
   .16723000E-22  
   .17034000E-22  
   .17826000E-22  
   .19267000E-22  
   .19527000E-22  
   .20318000E-22  
   .20475000E-22  
   .20845000E-22  
   .21855000E-22  
   .23492000E-22  
   .24964000E-22  
   .26496000E-22  
   .28393000E-22  
   .28865000E-22  
   .29013000E-22  
   .29594000E-22  
   .31118000E-22  
   .32233000E-22  
   .34397000E-22  
   .36745000E-22  
   .38604000E-22  
   .39909000E-22  
   .41171000E-22  
   .41866000E-22  
   .42990000E-22  
   .45604000E-22  
   .48094000E-22  
   .51082000E-22  
   .54595000E-22  
   .57321000E-22  
   .59947000E-22  
   .62081000E-22  
   .64573000E-22  
   .67137000E-22  
   .70619000E-22  
   .72949000E-22  
   .76988000E-22  
   .80651000E-22  
   .84216000E-22  
   .87474000E-22  
   .92644000E-22  
   .96765000E-22  
   .10020000E-21  
   .10497000E-21  
   .11040000E-21  
   .11444000E-21  
   .11804000E-21  
   .12348000E-21  
   .13048000E-21  
   .13714000E-21  
   .14437000E-21  
   .15075000E-21  
   .15787000E-21  
   .16302000E-21  
   .16896000E-21  
   .17587000E-21  
   .18288000E-21  
   .19067000E-21  
   .19800000E-21  
   .20387000E-21  
   .20864000E-21  
   .21501000E-21  
   .22257000E-21  
   .23233000E-21  
   .24213000E-21  
   .25216000E-21  
   .26341000E-21  
   .26944000E-21  
   .27463000E-21  
   .28326000E-21  
   .29018000E-21  
   .29610000E-21  
   .30544000E-21  
   .31208000E-21  
   .31772000E-21  
   .32843000E-21  
   .33949000E-21  
   .35086000E-21  
   .36207000E-21  
   .37000000E-21  
   .37434000E-21  
   .37678000E-21  
   .38378000E-21  
   .38960000E-21  
   .39689000E-21  
   .40657000E-21  
   .41726000E-21  
   .42169000E-21  
   .43440000E-21  
   .44811000E-21  
   .45791000E-21  
   .46814000E-21  
   .47585000E-21  
   .48027000E-21  
   .47963000E-21  
   .48484000E-21  
   .49525000E-21  
   .50682000E-21  
   .51390000E-21  
   .52415000E-21  
   .52653000E-21  
   .52740000E-21  
   .53229000E-21  
   .53860000E-21  
   .54357000E-21  
   .55211000E-21  
   .55592000E-21  
   .56317000E-21  
   .56780000E-21  
   .57665000E-21  
   .58367000E-21  
   .59239000E-21  
   .59534000E-21  
   .60158000E-21  
   .60226000E-21  
   .60616000E-21  
   .60575000E-21  
   .60867000E-21  
   .61591000E-21  
   .62375000E-21  
   .63137000E-21  
   .63972000E-21  
   .64531000E-21  
   .64394000E-21  
   .64972000E-21  
   .00000000      
   .00000000      
   .00000000      
   .64675000E-21  
   .65340000E-21  
   .66521000E-21  
   .67322000E-21  
   .67239000E-21  
   .67148000E-21  
   .67444000E-21  
   .67461000E-21  
   .67215000E-21  
   .67755000E-21  
   .68504000E-21  
   .68558000E-21  
   .68134000E-21  
   .68016000E-21  
   .67524000E-21  
   .67764000E-21  
   .67635000E-21  
   .67261000E-21  
   .67814000E-21  
   .68538000E-21  
   .68151000E-21  
   .68203000E-21  
   .69037000E-21  
   .68733000E-21  
   .68351000E-21  
   .68110000E-21  
   .68124000E-21  
   .67712000E-21  
   .67492000E-21  
   .67042000E-21  
   .66945000E-21  
   .66963000E-21  
   .67026000E-21  
   .67114000E-21  
   .67374000E-21  
   .67571000E-21  
   .67479000E-21  
   .67699000E-21  
   .67134000E-21  
   .66457000E-21  
   .66085000E-21  
   .65656000E-21  
   .65464000E-21  
   .65506000E-21  
   .65685000E-21  
   .65422000E-21  
   .65555000E-21  
   .65139000E-21  
   .64459000E-21  
   .64429000E-21  
   .64073000E-21  
   .63666000E-21  
   .62972000E-21  
   .62982000E-21  
   .61678000E-21  
   .61276000E-21  
   .60747000E-21  
   .60400000E-21  
   .59394000E-21  
   .59029000E-21  
   .58611000E-21  
   .57821000E-21  
   .57196000E-21  
   .56845000E-21  
   .56730000E-21  
   .56519000E-21  
   .56329000E-21  
   .56084000E-21  
   .55761000E-21  
   .55318000E-21  
   .54530000E-21  
   .53745000E-21  
   .53459000E-21  
   .53133000E-21  
   .52668000E-21  
   .52175000E-21  
   .51966000E-21  
   .51194000E-21  
   .50558000E-21  
   .50218000E-21  
   .50036000E-21  
   .49486000E-21  
   .48806000E-21  
   .48535000E-21  
   .48153000E-21  
   .47821000E-21  
   .47278000E-21  
   .47087000E-21  
   .46591000E-21  
   .46157000E-21  
   .45379000E-21  
   .44836000E-21  
   .44098000E-21  
   .43772000E-21  
   .43353000E-21  
   .43051000E-21  
   .42789000E-21  
   .42640000E-21  
   .42365000E-21  
   .42014000E-21  
   .41932000E-21  
   .41783000E-21  
   .41332000E-21  
   .40690000E-21  
   .40004000E-21  
   .39671000E-21  
   .39258000E-21  
   .38965000E-21  
   .38725000E-21  
   .38281000E-21  
   .37611000E-21  
   .37292000E-21  
   .37114000E-21  
   .37006000E-21  
   .36892000E-21  
   .36466000E-21  
   .36120000E-21  
   .35709000E-21  
   .35308000E-21  
   .35250000E-21  
   .35520000E-21  
   .35472000E-21  
   .35494000E-21  
   .35495000E-21  
   .35245000E-21  
   .34828000E-21  
   .34651000E-21  
   .34470000E-21  
   .34192000E-21  
   .33916000E-21  
   .33759000E-21  
   .33476000E-21  
   .33422000E-21  
   .33256000E-21  
   .33329000E-21  
   .33123000E-21  
   .32834000E-21  
   .32329000E-21  
   .32112000E-21  
   .31884000E-21  
   .31786000E-21  
   .31727000E-21  
   .31750000E-21  
   .31397000E-21  
   .31028000E-21  
   .30832000E-21  
   .30811000E-21  
   .30537000E-21  
   .30669000E-21  
   .30712000E-21  
   .30542000E-21  
   .30250000E-21  
   .29987000E-21  
   .29693000E-21  
   .29607000E-21  
   .29559000E-21  
   .29354000E-21  
   .29350000E-21  
   .29262000E-21  
   .29023000E-21  
   .28856000E-21  
   .28811000E-21  
   .28679000E-21  
   .28617000E-21  
   .28510000E-21  
   .28439000E-21  
   .28327000E-21  
   .28223000E-21  
   .28043000E-21  
   .28115000E-21  
   .28179000E-21  
   .28155000E-21  
   .28115000E-21  
   .27948000E-21  
   .27652000E-21  
   .27519000E-21  
   .27497000E-21  
   .27284000E-21  
   .27315000E-21  
   .27277000E-21  
   .27194000E-21  
   .27069000E-21  
   .27058000E-21  
   .26940000E-21  
   .26955000E-21  
   .27022000E-21  
   .27063000E-21  
   .27239000E-21  
   .27305000E-21  
   .27321000E-21  
   .27238000E-21  
   .27312000E-21  
   .27381000E-21  
   .27416000E-21  
   .27464000E-21  
   .27377000E-21  
   .27208000E-21  
   .26996000E-21  
   .26945000E-21  
   .26926000E-21  
   .26970000E-21  
   .27054000E-21  
   .27137000E-21  
   .27159000E-21  
   .26888000E-21  
   .26757000E-21  
   .26534000E-21  
   .26296000E-21  
   .26045000E-21  
   .26026000E-21  
   .25953000E-21  
   .26004000E-21  
   .25992000E-21  
   .25901000E-21  
   .25797000E-21  
   .25743000E-21  
   .25615000E-21  
   .25600000E-21  
   .25684000E-21  
   .25584000E-21  
   .25372000E-21  
   .25385000E-21  
   .25288000E-21  
   .25180000E-21  
   .25210000E-21  
   .25138000E-21  
   .25011000E-21  
   .24891000E-21  
   .24879000E-21  
   .24888000E-21  
   .24866000E-21  
   .24822000E-21  
   .24957000E-21  
   .24829000E-21  
   .24688000E-21  
   .24664000E-21  
   .24510000E-21  
   .24211000E-21  
   .24068000E-21  
   .23962000E-21  
   .23941000E-21  
   .23930000E-21  
   .23915000E-21  
   .23881000E-21  
   .23874000E-21  
   .23747000E-21  
   .23642000E-21  
   .23524000E-21  
   .23439000E-21  
   .23290000E-21  
   .23181000E-21  
   .23077000E-21  
   .22888000E-21  
   .22707000E-21  
   .22705000E-21  
   .22720000E-21  
   .22736000E-21  
   .22733000E-21  
   .22682000E-21  
   .22546000E-21  
   .22353000E-21  
   .22204000E-21  
   .22145000E-21  
   .22111000E-21  
   .21949000E-21  
   .21893000E-21  
   .21730000E-21  
   .21608000E-21  
   .21556000E-21  
   .21516000E-21  
   .21348000E-21  
   .21184000E-21  
   .21103000E-21  
   .20862000E-21  
   .20797000E-21  
   .20743000E-21  
   .20791000E-21  
   .20806000E-21  
   .20881000E-21  
   .20736000E-21  
   .20669000E-21  
   .20605000E-21  
   .20436000E-21  
   .20352000E-21  
   .20326000E-21  
   .20244000E-21  
   .20122000E-21  
   .19948000E-21  
   .19713000E-21  
   .19596000E-21  
   .19501000E-21  
   .19281000E-21  
   .19279000E-21  
   .00000000      
   .00000000      
   .00000000      
   .00000000      
   .00000000      
   .00000000      
   .00000000      
   .18145000E-21  
   .18056000E-21  
   .17890000E-21  
   .17814000E-21  
   .17714000E-21  
   .17605000E-21  
   .17475000E-21  
   .17458000E-21  
   .17374000E-21  
   .17285000E-21  
   .17157000E-21  
   .17138000E-21  
   .16927000E-21  
   .16759000E-21  
   .16657000E-21  
   .16509000E-21  
   .16226000E-21  
   .16173000E-21  
   .16062000E-21  
   .15938000E-21  
   .15770000E-21  
   .15727000E-21  
   .15565000E-21  
   .15432000E-21  
   .15319000E-21  
   .15281000E-21  
   .15160000E-21  
   .15027000E-21  
   .14878000E-21  
   .14755000E-21  
   .14523000E-21  
   .14351000E-21  
   .14268000E-21  
   .14244000E-21  
   .14129000E-21  
   .14124000E-21  
   .14054000E-21  
   .13889000E-21  
   .13682000E-21  
   .13569000E-21  
   .13367000E-21  
   .13151000E-21  
   .13057000E-21  
   .12964000E-21  
   .12779000E-21  
   .12668000E-21  
   .12595000E-21  
   .12396000E-21  
   .12252000E-21  
   .12148000E-21  
   .12039000E-21  
   .11879000E-21  
   .11759000E-21  
   .11618000E-21  
   .11510000E-21  
   .11322000E-21  
   .11196000E-21  
   .11128000E-21  
   .10986000E-21  
   .10847000E-21  
   .10771000E-21  
   .10704000E-21  
   .10533000E-21  
   .10425000E-21  
   .10374000E-21  
   .10343000E-21  
   .10260000E-21  
   .10222000E-21  
   .10201000E-21  
   .10042000E-21  
   .98698000E-22  
   .97405000E-22  
   .96383000E-22  
   .94662000E-22  
   .93230000E-22  
   .92252000E-22  
   .90954000E-22  
   .89667000E-22  
   .89059000E-22  
   .88702000E-22  
   .87931000E-22  
   .87316000E-22  
   .86565000E-22  
   .85826000E-22  
   .84192000E-22  
   .82848000E-22  
   .81790000E-22  
   .80816000E-22  
   .79622000E-22  
   .78876000E-22  
   .77726000E-22  
   .76791000E-22  
   .76108000E-22  
   .75065000E-22  
   .74248000E-22  
   .73947000E-22  
   .73105000E-22  
   .71312000E-22  
   .70152000E-22  
   .69209000E-22  
   .68272000E-22  
   .67385000E-22  
   .66917000E-22  
   .66211000E-22  
   .65611000E-22  
   .64633000E-22  
   .63518000E-22  
   .63159000E-22  
   .62578000E-22  
   .61794000E-22  
   .60910000E-22  
   .60355000E-22  
   .59409000E-22  
   .58920000E-22  
   .58665000E-22  
   .58218000E-22  
   .57531000E-22  
   .56894000E-22  
   .56224000E-22  
   .55084000E-22  
   .54324000E-22  
   .53535000E-22  
   .52749000E-22  
   .51997000E-22  
   .51402000E-22  
   .50859000E-22  
   .50472000E-22  
   .49991000E-22  
   .49504000E-22  
   .49240000E-22  
   .48460000E-22  
   .47448000E-22  
   .46925000E-22  
   .46221000E-22  
   .45536000E-22  
   .45262000E-22  
   .45397000E-22  
   .44847000E-22  
   .44187000E-22  
   .43836000E-22  
   .43491000E-22  
   .42888000E-22  
   .42563000E-22  
   .42321000E-22  
   .41577000E-22  
   .40790000E-22  
   .40064000E-22  
   .39301000E-22  
   .38796000E-22  
   .38331000E-22  
   .37725000E-22  
   .37541000E-22  
   .37121000E-22  
   .36407000E-22  
   .35998000E-22  
   .35768000E-22  
   .35187000E-22  
   .34690000E-22  
   .34427000E-22  
   .33904000E-22  
   .33199000E-22  
   .32818000E-22  
   .32734000E-22  
   .32519000E-22  
   .32444000E-22  
   .32416000E-22  
   .32394000E-22  
   .32123000E-22  
   .31837000E-22  
   .31659000E-22  
   .31276000E-22  
   .30388000E-22  
   .29552000E-22  
   .29029000E-22  
   .28273000E-22  
   .28102000E-22  
   .27930000E-22  
   .27880000E-22  
   .27659000E-22  
   .27452000E-22  
   .26976000E-22  
   .26827000E-22  
   .26502000E-22  
   .26384000E-22  
   .26023000E-22  
   .25532000E-22  
   .25103000E-22  
   .24928000E-22  
   .24632000E-22  
   .24694000E-22  
   .24907000E-22  
   .25136000E-22  
   .25031000E-22  
   .24677000E-22  
   .24199000E-22  
   .23903000E-22  
   .23179000E-22  
   .22730000E-22  
   .22176000E-22  
   .21497000E-22  
   .20909000E-22  
   .20754000E-22  
   .20681000E-22  
   .20640000E-22  
   .20868000E-22  
   .20849000E-22  
   .20697000E-22  
   .20268000E-22  
   .20035000E-22  
   .19707000E-22  
   .18982000E-22  
   .18749000E-22  
   .18569000E-22  
   .18571000E-22  
   .18515000E-22  
   .18528000E-22  
   .18385000E-22  
   .18392000E-22  
   .18001000E-22  
   .17610000E-22  
   .17546000E-22  
   .17217000E-22  
   .16925000E-22  
   .16625000E-22  
   .16305000E-22  
   .16173000E-22  
   .16083000E-22  
   .15808000E-22  
   .15750000E-22  
   .15588000E-22  
   .15386000E-22  
   .15057000E-22  
   .14892000E-22  
   .14635000E-22  
   .14704000E-22  
   .14612000E-22  
   .14745000E-22  
   .14786000E-22  
   .14845000E-22  
   .14786000E-22  
   .14768000E-22  
   .14395000E-22  
   .13877000E-22  
   .13525000E-22  
   .13283000E-22  
   .13034000E-22  
   .12981000E-22  
   .13101000E-22  
   .12962000E-22  
   .12801000E-22  
   .12739000E-22  
   .12608000E-22  
   .12629000E-22  
   .12808000E-22  
   .12904000E-22  
   .12881000E-22  
   .12829000E-22  
   .12681000E-22  
   .12572000E-22  
   .12371000E-22  
   .12066000E-22  
   .11914000E-22  
   .11664000E-22  
   .11445000E-22  
   .11234000E-22  
   .11150000E-22  
   .11061000E-22  
   .10905000E-22  
   .10915000E-22  
   .10826000E-22  
   .10743000E-22  
   .10627000E-22  
   .10512000E-22  
   .10070000E-22  
   .99110000E-23  
   .99108000E-23  
   .97869000E-23  
   .98426000E-23  
   .98796000E-23  
   .97322000E-23  
   .95196000E-23  
   .93936000E-23  
   .93021000E-23  
   .91923000E-23  
   .90511000E-23  
   .89017000E-23  
   .87572000E-23  
   .86828000E-23  
   .88259000E-23  
   .89496000E-23  
   .89817000E-23  
   .89087000E-23  
   .85466000E-23  
   .82881000E-23  
   .82681000E-23  
   .82058000E-23  
   .80231000E-23  
   .80047000E-23  
   .79563000E-23  
   .78305000E-23  
   .77324000E-23  
   .78156000E-23  
   .78199000E-23  
   .78705000E-23  
   .77360000E-23  
   .76354000E-23  
   .74835000E-23  
   .73030000E-23  
   .71952000E-23  
   .70112000E-23  
   .68566000E-23  
   .66703000E-23  
   .65821000E-23  
   .64270000E-23  
   .64798000E-23  
   .64541000E-23  
   .65162000E-23  
   .65043000E-23  
   .64246000E-23  
   .64091000E-23  
   .63626000E-23  
   .64477000E-23  
   .63273000E-23  
   .61770000E-23  
   .60469000E-23  
   .57853000E-23  
   .54437000E-23  
   .52450000E-23  
   .50450000E-23  
   .49103000E-23  
   .51832000E-23  
   .53634000E-23  
   .55317000E-23  
   .58017000E-23  
   .59130000E-23  
   .56415000E-23  
   .55270000E-23  
   .54747000E-23  
   .51611000E-23  
   .49542000E-23  
   .49332000E-23  
   .47726000E-23  
   .46294000E-23  
   .46373000E-23  
   .44967000E-23  
   .42879000E-23  
   .43079000E-23  
   .42627000E-23  
   .40364000E-23  
   .38221000E-23  
   .37540000E-23  
   .36822000E-23  
   .35344000E-23  
   .35873000E-23  
   .37588000E-23  
   .38731000E-23  
   .37255000E-23  
   .38265000E-23  
   .39018000E-23  
   .39268000E-23  
   .38278000E-23  
   .38143000E-23  
   .36803000E-23  
   .35428000E-23  
   .33449000E-23  
   .32761000E-23  
   .31536000E-23  
   .31811000E-23  
   .31931000E-23  
   .31437000E-23  
   .31322000E-23  
   .32120000E-23  
   .31939000E-23  
   .31379000E-23  
   .30723000E-23  
   .29877000E-23  
   .29202000E-23  
   .29147000E-23  
   .27991000E-23  
   .29087000E-23  
   .29286000E-23  
   .30968000E-23  
   .30195000E-23  
   .31386000E-23  
   .30071000E-23  
   .29349000E-23  
   .27611000E-23  
   .29166000E-23  
   .28948000E-23  
   .30505000E-23  
   .31142000E-23  
   .29842000E-23  
   .27444000E-23  
   .26706000E-23  
   .26200000E-23  
   .27357000E-23  
   .27747000E-23  
   .27351000E-23  
   .26215000E-23  
   .25750000E-23  
   .23856000E-23  
   .23628000E-23  
   .22687000E-23  
   .22036000E-23  
   .19250000E-23  
   .17314000E-23  
   .16800000E-23  
   .17532000E-23  
   .18361000E-23  
   .19650000E-23  
   .20067000E-23  
   .20275000E-23  
   .19850000E-23  
   .18493000E-23  
   .17155000E-23  
   .16838000E-23  
   .16518000E-23  
   .15452000E-23  
   .14157000E-23  
   .16033000E-23  
   .15314000E-23  
   .15098000E-23  
   .14541000E-23  
   .15752000E-23  
   .14544000E-23  
   .16433000E-23  
   .16156000E-23  
   .15733000E-23  
   .15016000E-23  
   .14095000E-23  
   .12962000E-23  
   .12015000E-23  
   .12923000E-23  
   .14973000E-23  
   .16542000E-23  
   .15365000E-23  
   .14931000E-23  
   .13227000E-23  
   .12125000E-23  
   .98497000E-24  
   .10100000E-23  
   .10100000E-23  
   .11002000E-23  
   .11777000E-23  
   .14718000E-23  
   .16527000E-23  
   .17367000E-23  
   .18091000E-23  
   .16390000E-23  
   .14523000E-23  
   .13429000E-23  
   .11942000E-23  
   .10008000E-23  
   .97116000E-24  
   .99095000E-24  
   .84941000E-24  
   .94901000E-24  
   .10002000E-23  
   .77296000E-24  
   .49442000E-24  
   .30653000E-24  
   .29984000E-24  
   .36723000E-24  
   .55948000E-24  
   .81076000E-24  
   .99801000E-24  
   .85134000E-24  
   .80425000E-24  
   .70543000E-24  
   .67248000E-24  
   .54798000E-24  
   .56109000E-24  
   .56939000E-24  
   .72115000E-24  
   .62846000E-24  
   .51507000E-24  
   .41490000E-24  
   .38927000E-24  
   .39294000E-24  
   .33201000E-24  
   .40605000E-24  
   .31745000E-24  
   .16520000E-24  
   .55592000E-25  
   .00000000      
   .81938000E-25  
   .26093000E-24  
   .40877000E-24  
   .42794000E-24  
   .35793000E-24  
   .23822000E-24  
   .28461000E-24  
   .30110000E-24  
   .28717000E-24  
   .43760000E-24  
   .50099000E-24  
   .59170000E-24  
   .62304000E-24  
   .63479000E-24  
   .52756000E-24  
   .60508000E-24  
   .56424000E-24  
   .55829000E-24  
   .61592000E-24  
   .75879000E-24  
   .67721000E-24  
   .57944000E-24  
   .53390000E-24  
   .45908000E-24  
   .60773000E-24  
   .73998000E-24  
   .65094000E-24  
   .57413000E-24  
   .58002000E-24  
   .57605000E-24  
   .46306000E-24  
   .51879000E-24  
   .42303000E-24  
   .24391000E-24  
   .11022000E-24  
   .16313000E-24  
   .42985000E-24  
   .70805000E-24  
   .10378000E-23  
   .10788000E-23  
   .10398000E-23  
   .72176000E-24  
   .47576000E-24  
   .18257000E-24  
   .16277000E-24  
   .12748000E-24  
   .00000000      
   .00000000      
   .63163000E-25  
   .21215000E-25  
   .12087000E-24  
   .42889000E-24  
   .77070000E-24  
   .83762000E-24  
   .89170000E-24  
   .91132000E-24  
   .81083000E-24  
   .57299000E-24  
   .44816000E-24  
   .33155000E-24  
   .12281000E-24  
   .00000000      
   .00000000      
   .00000000      
   .00000000      
   .00000000      
   .00000000      
   .00000000      
   .00000000      
   .00000000      
   .00000000      
   .00000000      
   .00000000      
   .00000000      
   .00000000      
   .00000000      
   .00000000      
   .15164000E-25  
   .00000000      
   .00000000      
   .00000000      
   .00000000      
   .00000000      
   .00000000      
   .00000000      
   .15834000E-25  
   .00000000      
   .00000000      
   .00000000      
   .00000000      
   .00000000      
   .00000000      
   .00000000      
   .00000000      
   .00000000      
   .00000000      
   .00000000      
   .00000000      
   .00000000      
   .00000000      
   .00000000      
   .00000000      
   .00000000      
   .00000000      
   .00000000      
   .00000000      
   .00000000      
   .38696000E-25  
   .19487000E-24  
   .12229000E-24  
   .11909000E-24  
   .10249000E-24  
   .21066000E-25  
   .00000000      
   .00000000      
   .00000000      
   .00000000      
   .00000000      
   .00000000      
   .00000000      
   .00000000      
   .00000000      
   .14825000E-26  
   .82422000E-25  
   .11898000E-24  
   .28850000E-24  
   .39244000E-24  
   .43516000E-24  
   .55827000E-24  
   .56197000E-24  
   .39803000E-24  
   .27417000E-24  
   .96398000E-25  
   .00000000      
   .00000000      
   .00000000      
   .00000000      
   .98726000E-25  
   .00000000      
   .13194000E-24  
   .27560000E-24  
   .33349000E-24  
   .19972000E-24  
   .29788000E-24  
   .30777000E-24  
   .22119000E-24  
   .10825000E-24  
   .15720000E-24  
   .14955000E-24  
   .31352000E-24  
   .53561000E-24  
   .72207000E-24  
   .89138000E-24  
   .79569000E-24  
   .62839000E-24  
   .47667000E-24  
   .41469000E-24  
   .36359000E-24  
   .39992000E-24  
   .56961000E-24  
   .53615000E-24  
   .45802000E-24  
   .37865000E-24  
   .45573000E-24  
   .48550000E-24  
   .47527000E-24  
   .27774000E-24  
   .30038000E-24  
   .36562000E-24  
   .98297000E-25  
   .21167000E-24  
   .36257000E-24  
   .23204000E-24  
   .00000000      
   .00000000      
   .00000000      
   .00000000      
   .00000000      
   .45838000E-25  
   .33414000E-24  
   .54904000E-24  
   .45204000E-24  
   .51774000E-24  
   .32804000E-24  
   .36703000E-24  
   .54537000E-24  
   .65304000E-24  
   .72916000E-24  
   .12595000E-23  
   .13301000E-23  
   .10735000E-23  
   .89677000E-24  
   .10659000E-23  
   .91823000E-24  
   .61021000E-24  
   .67256000E-24  
   .84013000E-24  
   .68415000E-24  
   .53144000E-24  
   .76107000E-24  
   .74929000E-24  
   .84881000E-24  
   .78836000E-24  
   .76486000E-24  
   .70741000E-24  
   .80331000E-24  
   .58134000E-24  
   .37555000E-24  
   .26111000E-24  
   .46294000E-24  
   .45276000E-24  
   .54366000E-24  
   .58065000E-24  
   .67692000E-24  
   .51129000E-24  
   .64511000E-24  
   .83789000E-24  
   .12516000E-23  
   .15292000E-23  
   .15849000E-23  
   .15103000E-23  
   .14441000E-23  
   .11979000E-23  
   .11894000E-23  
   .14132000E-23  
   .15374000E-23  
   .17014000E-23  
   .18289000E-23  
   .17801000E-23  
   .17514000E-23  
   .15139000E-23  
   .14146000E-23  
   .15127000E-23  
   .14538000E-23  
   .12878000E-23  
   .12610000E-23  
   .12534000E-23  
   .10459000E-23  
   .95583000E-24  
   .96486000E-24  
   .12849000E-23  
   .11933000E-23  
   .13129000E-23  
   .15674000E-23  
   .17422000E-23  
   .18290000E-23  
   .21324000E-23  
   .22514000E-23  
   .22357000E-23  
   .21404000E-23  
   .19838000E-23  
   .20908000E-23  
   .20687000E-23  
   .20586000E-23  
   .19045000E-23  
   .17101000E-23  
   .13049000E-23  
   .12659000E-23  
   .10504000E-23  
   .11373000E-23  
   .12802000E-23  
   .14155000E-23  
   .14655000E-23  
   .18259000E-23  
   .20323000E-23  
   .17412000E-23  
   .15959000E-23  
   .16162000E-23  
   .14161000E-23  
   .13458000E-23  
   .16633000E-23  
   .19125000E-23  
   .18205000E-23  
   .15703000E-23  
   .13465000E-23  
   .13326000E-23  
   .14855000E-23  
   .16763000E-23  
   .19585000E-23  
   .20884000E-23  
   .19194000E-23  
   .15776000E-23  
   .15551000E-23  
   .13309000E-23  
   .13853000E-23  
   .16926000E-23  
   .17839000E-23  
   .16220000E-23  
   .17973000E-23  
   .20643000E-23  
   .19490000E-23  
   .22171000E-23  
   .23899000E-23  
   .24423000E-23  
   .24298000E-23  
   .26948000E-23  
   .24910000E-23  
   .23467000E-23  
   .23330000E-23  
   .21940000E-23  
   .19663000E-23  
   .19181000E-23  
   .20418000E-23  
   .21955000E-23  
   .23923000E-23  
   .25513000E-23  
   .27724000E-23  
   .27816000E-23  
   .25971000E-23  
   .22342000E-23  
   .19739000E-23  
   .18459000E-23  
   .17736000E-23  
   .18758000E-23  
   .21199000E-23  
   .24259000E-23  
   .26401000E-23  
   .28164000E-23  
   .29230000E-23  
   .29062000E-23  
   .31371000E-23  
   .31641000E-23  
   .31323000E-23  
   .30419000E-23  
   .30579000E-23  
   .28566000E-23  
   .28131000E-23  
   .28559000E-23  
   .29823000E-23  
   .29855000E-23  
   .29226000E-23  
   .26811000E-23  
   .27100000E-23  
   .26974000E-23  
   .27970000E-23  
   .28743000E-23  
   .30317000E-23  
   .13843000E-23  
   .00000000      
   .00000000      
   .00000000      
   .00000000      
   .00000000      
   .11354000E-24  
   .21644000E-23  
   .31818000E-23  
   .33885000E-23  
   .34958000E-23  
   .35493000E-23  
   .35786000E-23  
   .37301000E-23  
   .37754000E-23  
   .41799000E-23  
   .44513000E-23  
   .43743000E-23  
   .43178000E-23  
   .42371000E-23  
   .41371000E-23  
   .42330000E-23  
   .43564000E-23  
   .43204000E-23  
   .41632000E-23  
   .39885000E-23  
   .36251000E-23  
   .36924000E-23  
   .34660000E-23  