  11102 10  1 CEYLF.02   CL4644 GA   .000 U  #  81594 00.00   1         
  PROGRAM    EHEAD   VERSION 01.01 DEUTERIUM LAMP                       
  USER PLC DATE & TIME  1995  4  6 00.00 00.00     9.990    295K P      
 EC1 Ce  20     0     0 LiYF4            .279800 -  .399400 .00010       
 SLIT WIDTH IS 1500 MICRONS, SAMPLE IS CYLINDRICAL SHAPE. C-AXIS         
 IS CUT PERP. TO LONG AXIS OF CYLINDER. PUMP LIGHT IS ALONG A(=B         
 & LONG AXIS) OF CRYSTAL. POLARIZER AFTER SAMPLE IS PLACED              
 PARALLEL TO THE C-AXIS. (P-POL)                                         
 CONCENTRATION IS ATOMIC PERCENT.                                        
  FORMAT(1X,G15.8)                                                       
  EOH                                                                    
  1197.           
   .77993000E-25  
   .11182000E-24  
   .93990000E-25  
   .44099000E-25  
   .52109000E-24  
   .55688000E-24  
   .48275000E-24  
   .55164000E-24  
   .74394000E-24  
   .16919000E-24  
   .00000000      
   .00000000      
   .00000000      
   .00000000      
   .00000000      
   .00000000      
   .00000000      
   .00000000      
   .00000000      
   .00000000      
   .00000000      
   .00000000      
   .00000000      
   .00000000      
   .17537000E-24  
   .20069000E-24  
   .15092000E-24  
   .10828000E-24  
   .00000000      
   .00000000      
   .00000000      
   .00000000      
   .00000000      
   .85018000E-25  
   .88476000E-25  
   .00000000      
   .00000000      
   .00000000      
   .00000000      
   .00000000      
   .00000000      
   .00000000      
   .00000000      
   .00000000      
   .00000000      
   .00000000      
   .63568000E-25  
   .81624000E-25  
   .00000000      
   .00000000      
   .00000000      
   .00000000      
   .00000000      
   .00000000      
   .00000000      
   .00000000      
   .00000000      
   .52597000E-26  
   .62905000E-25  
   .00000000      
   .00000000      
   .00000000      
   .00000000      
   .00000000      
   .00000000      
   .66055000E-25  
   .21806000E-24  
   .10880000E-24  
   .17998000E-24  
   .88178000E-25  
   .00000000      
   .00000000      
   .00000000      
   .00000000      
   .00000000      
   .00000000      
   .00000000      
   .00000000      
   .00000000      
   .00000000      
   .00000000      
   .00000000      
   .00000000      
   .00000000      
   .00000000      
   .00000000      
   .18394000E-24  
   .24714000E-24  
   .41739000E-24  
   .35789000E-24  
   .32451000E-24  
   .15399000E-24  
   .37361000E-24  
   .49240000E-24  
   .66685000E-24  
   .52597000E-24  
   .18209000E-24  
   .00000000      
   .00000000      
   .00000000      
   .00000000      
   .00000000      
   .00000000      
   .00000000      
   .00000000      
   .00000000      
   .00000000      
   .00000000      
   .31525000E-26  
   .47382000E-26  
   .59456000E-25  
   .11777000E-25  
   .18450000E-25  
   .22295000E-24  
   .39983000E-24  
   .63303000E-24  
   .73579000E-24  
   .91553000E-24  
   .72372000E-24  
   .63136000E-24  
   .54251000E-24  
   .39002000E-24  
   .38432000E-24  
   .24895000E-24  
   .22528000E-24  
   .82161000E-25  
   .36319000E-24  
   .27755000E-24  
   .33501000E-24  
   .48518000E-24  
   .44746000E-24  
   .27655000E-24  
   .12972000E-24  
   .15499000E-24  
   .18614000E-24  
   .40059000E-24  
   .46402000E-24  
   .65757000E-24  
   .54859000E-24  
   .41843000E-24  
   .46971000E-24  
   .44700000E-24  
   .25635000E-24  
   .28313000E-24  
   .26449000E-24  
   .32812000E-24  
   .21355000E-24  
   .44126000E-24  
   .75681000E-24  
   .60047000E-24  
   .36461000E-24  
   .41807000E-24  
   .41224000E-24  
   .28841000E-24  
   .40958000E-24  
   .48061000E-24  
   .68816000E-24  
   .70297000E-24  
   .62665000E-24  
   .63356000E-24  
   .87585000E-24  
   .96175000E-24  
   .84134000E-24  
   .74854000E-24  
   .81519000E-24  
   .62261000E-24  
   .40833000E-24  
   .42726000E-24  
   .47691000E-24  
   .47204000E-24  
   .53778000E-24  
   .66052000E-24  
   .12045000E-23  
   .15685000E-23  
   .18564000E-23  
   .19624000E-23  
   .20260000E-23  
   .18308000E-23  
   .16987000E-23  
   .15346000E-23  
   .14597000E-23  
   .14296000E-23  
   .14336000E-23  
   .14583000E-23  
   .17119000E-23  
   .20075000E-23  
   .20755000E-23  
   .19940000E-23  
   .23499000E-23  
   .23300000E-23  
   .24488000E-23  
   .25080000E-23  
   .27854000E-23  
   .28998000E-23  
   .29699000E-23  
   .30080000E-23  
   .33777000E-23  
   .35353000E-23  
   .36162000E-23  
   .39237000E-23  
   .42021000E-23  
   .43932000E-23  
   .46451000E-23  
   .48560000E-23  
   .53929000E-23  
   .56438000E-23  
   .60081000E-23  
   .64150000E-23  
   .68356000E-23  
   .73869000E-23  
   .79648000E-23  
   .84479000E-23  
   .88430000E-23  
   .94269000E-23  
   .10158000E-22  
   .10635000E-22  
   .11230000E-22  
   .12025000E-22  
   .13033000E-22  
   .13754000E-22  
   .15028000E-22  
   .16081000E-22  
   .17257000E-22  
   .18372000E-22  
   .19700000E-22  
   .21244000E-22  
   .23076000E-22  
   .24847000E-22  
   .26832000E-22  
   .28830000E-22  
   .31392000E-22  
   .34371000E-22  
   .38243000E-22  
   .42310000E-22  
   .46400000E-22  
   .50975000E-22  
   .56085000E-22  
   .61656000E-22  
   .67479000E-22  
   .74332000E-22  
   .80838000E-22  
   .88310000E-22  
   .96323000E-22  
   .10544000E-21  
   .11523000E-21  
   .12581000E-21  
   .13637000E-21  
   .14829000E-21  
   .16042000E-21  
   .17267000E-21  
   .18626000E-21  
   .20049000E-21  
   .21508000E-21  
   .23066000E-21  
   .24717000E-21  
   .26425000E-21  
   .28248000E-21  
   .29993000E-21  
   .31907000E-21  
   .33715000E-21  
   .35529000E-21  
   .37473000E-21  
   .39398000E-21  
   .41199000E-21  
   .43184000E-21  
   .45188000E-21  
   .46947000E-21  
   .48860000E-21  
   .50594000E-21  
   .52336000E-21  
   .54034000E-21  
   .55938000E-21  
   .57705000E-21  
   .59413000E-21  
   .61264000E-21  
   .62999000E-21  
   .64539000E-21  
   .66022000E-21  
   .67425000E-21  
   .68630000E-21  
   .69719000E-21  
   .70926000E-21  
   .72324000E-21  
   .73791000E-21  
   .75122000E-21  
   .76418000E-21  
   .77219000E-21  
   .77944000E-21  
   .78666000E-21  
   .79344000E-21  
   .80107000E-21  
   .80974000E-21  
   .81624000E-21  
   .82223000E-21  
   .82723000E-21  
   .83189000E-21  
   .83576000E-21  
   .83903000E-21  
   .84060000E-21  
   .84150000E-21  
   .84099000E-21  
   .84302000E-21  
   .84201000E-21  
   .84171000E-21  
   .84160000E-21  
   .83951000E-21  
   .83569000E-21  
   .83350000E-21  
   .82930000E-21  
   .82280000E-21  
   .81806000E-21  
   .81475000E-21  
   .80907000E-21  
   .80647000E-21  
   .80210000E-21  
   .79726000E-21  
   .78944000E-21  
   .78404000E-21  
   .77652000E-21  
   .77121000E-21  
   .76608000E-21  
   .75937000E-21  
   .75336000E-21  
   .74612000E-21  
   .73916000E-21  
   .73203000E-21  
   .72500000E-21  
   .71417000E-21  
   .70660000E-21  
   .69991000E-21  
   .69196000E-21  
   .68480000E-21  
   .67928000E-21  
   .67249000E-21  
   .66435000E-21  
   .65580000E-21  
   .64836000E-21  
   .63987000E-21  
   .63171000E-21  
   .62560000E-21  
   .62020000E-21  
   .61286000E-21  
   .60687000E-21  
   .59938000E-21  
   .59005000E-21  
   .58246000E-21  
   .57587000E-21  
   .56993000E-21  
   .56388000E-21  
   .55923000E-21  
   .55221000E-21  
   .54673000E-21  
   .54066000E-21  
   .53461000E-21  
   .52786000E-21  
   .52371000E-21  
   .51751000E-21  
   .51253000E-21  
   .50821000E-21  
   .50441000E-21  
   .49807000E-21  
   .49435000E-21  
   .48985000E-21  
   .48548000E-21  
   .47962000E-21  
   .47618000E-21  
   .47169000E-21  
   .46800000E-21  
   .46397000E-21  
   .46202000E-21  
   .45933000E-21  
   .45651000E-21  
   .45319000E-21  
   .45145000E-21  
   .44803000E-21  
   .44565000E-21  
   .44343000E-21  
   .44236000E-21  
   .44025000E-21  
   .43952000E-21  
   .43748000E-21  
   .43666000E-21  
   .43530000E-21  
   .43497000E-21  
   .43357000E-21  
   .43302000E-21  
   .43212000E-21  
   .43181000E-21  
   .43115000E-21  
   .43279000E-21  
   .43448000E-21  
   .43609000E-21  
   .43690000E-21  
   .43839000E-21  
   .43895000E-21  
   .43934000E-21  
   .43939000E-21  
   .44050000E-21  
   .44196000E-21  
   .44371000E-21  
   .44535000E-21  
   .44695000E-21  
   .44892000E-21  
   .45019000E-21  
   .45048000E-21  
   .45159000E-21  
   .45365000E-21  
   .45518000E-21  
   .45659000E-21  
   .45880000E-21  
   .46032000E-21  
   .46160000E-21  
   .46281000E-21  
   .46424000E-21  
   .46612000E-21  
   .46834000E-21  
   .47049000E-21  
   .47201000E-21  
   .47344000E-21  
   .47406000E-21  
   .47514000E-21  
   .47639000E-21  
   .47731000E-21  
   .47895000E-21  
   .48020000E-21  
   .48115000E-21  
   .48174000E-21  
   .48301000E-21  
   .48409000E-21  
   .48532000E-21  
   .48686000E-21  
   .48809000E-21  
   .48925000E-21  
   .48949000E-21  
   .49074000E-21  
   .49156000E-21  
   .49231000E-21  
   .49324000E-21  
   .49381000E-21  
   .49385000E-21  
   .49399000E-21  
   .49421000E-21  
   .49424000E-21  
   .49483000E-21  
   .49500000E-21  
   .49427000E-21  
   .49348000E-21  
   .49282000E-21  
   .49248000E-21  
   .49066000E-21  
   .48978000E-21  
   .48895000E-21  
   .48850000E-21  
   .48747000E-21  
   .48790000E-21  
   .48815000E-21  
   .48764000E-21  
   .48590000E-21  
   .48495000E-21  
   .48341000E-21  
   .48145000E-21  
   .48117000E-21  
   .48070000E-21  
   .47921000E-21  
   .47779000E-21  
   .47629000E-21  
   .47357000E-21  
   .47118000E-21  
   .46895000E-21  
   .46717000E-21  
   .46506000E-21  
   .46357000E-21  
   .46206000E-21  
   .46021000E-21  
   .45876000E-21  
   .45698000E-21  
   .45432000E-21  
   .45197000E-21  
   .44989000E-21  
   .44669000E-21  
   .44437000E-21  
   .44218000E-21  
   .43918000E-21  
   .43627000E-21  
   .43415000E-21  
   .43077000E-21  
   .42748000E-21  
   .42493000E-21  
   .42214000E-21  
   .41919000E-21  
   .41690000E-21  
   .41396000E-21  
   .41017000E-21  
   .40684000E-21  
   .40392000E-21  
   .40066000E-21  
   .39760000E-21  
   .39501000E-21  
   .39218000E-21  
   .38878000E-21  
   .38587000E-21  
   .38300000E-21  
   .38023000E-21  
   .37733000E-21  
   .37394000E-21  
   .36998000E-21  
   .36695000E-21  
   .36295000E-21  
   .35921000E-21  
   .35549000E-21  
   .35229000E-21  
   .34829000E-21  
   .34503000E-21  
   .34182000E-21  
   .33889000E-21  
   .33565000E-21  
   .33250000E-21  
   .33000000E-21  
   .32643000E-21  
   .32265000E-21  
   .31932000E-21  
   .31616000E-21  
   .31257000E-21  
   .30904000E-21  
   .30589000E-21  
   .30255000E-21  
   .29911000E-21  
   .29570000E-21  
   .29289000E-21  
   .28962000E-21  
   .28665000E-21  
   .28319000E-21  
   .27995000E-21  
   .27607000E-21  
   .27263000E-21  
   .26913000E-21  
   .26624000E-21  
   .26309000E-21  
   .26029000E-21  
   .25737000E-21  
   .25377000E-21  
   .25002000E-21  
   .24669000E-21  
   .24366000E-21  
   .24049000E-21  
   .23770000E-21  
   .23520000E-21  
   .23218000E-21  
   .22904000E-21  
   .22609000E-21  
   .22272000E-21  
   .21940000E-21  
   .21641000E-21  
   .21333000E-21  
   .21028000E-21  
   .20773000E-21  
   .20526000E-21  
   .20242000E-21  
   .19986000E-21  
   .19758000E-21  
   .19481000E-21  
   .19176000E-21  
   .18903000E-21  
   .18650000E-21  
   .18348000E-21  
   .18090000E-21  
   .17862000E-21  
   .17635000E-21  
   .17379000E-21  
   .17129000E-21  
   .16901000E-21  
   .16640000E-21  
   .16399000E-21  
   .16144000E-21  
   .15918000E-21  
   .15657000E-21  
   .15431000E-21  
   .15208000E-21  
   .15014000E-21  
   .14799000E-21  
   .14606000E-21  
   .14395000E-21  
   .14155000E-21  
   .13904000E-21  
   .13674000E-21  
   .13454000E-21  
   .13249000E-21  
   .13043000E-21  
   .12861000E-21  
   .12680000E-21  
   .12503000E-21  
   .12306000E-21  
   .12112000E-21  
   .11909000E-21  
   .11702000E-21  
   .11484000E-21  
   .11275000E-21  
   .11092000E-21  
   .10910000E-21  
   .10743000E-21  
   .10595000E-21  
   .10453000E-21  
   .10290000E-21  
   .10125000E-21  
   .99564000E-22  
   .97777000E-22  
   .96173000E-22  
   .94736000E-22  
   .93123000E-22  
   .91454000E-22  
   .89835000E-22  
   .88180000E-22  
   .86602000E-22  
   .85146000E-22  
   .83888000E-22  
   .82642000E-22  
   .81319000E-22  
   .79903000E-22  
   .78469000E-22  
   .77015000E-22  
   .75551000E-22  
   .74040000E-22  
   .72777000E-22  
   .71536000E-22  
   .70235000E-22  
   .69108000E-22  
   .68096000E-22  
   .66899000E-22  
   .65823000E-22  
   .64704000E-22  
   .63541000E-22  
   .62384000E-22  
   .61235000E-22  
   .60168000E-22  
   .59179000E-22  
   .58132000E-22  
   .57193000E-22  
   .56229000E-22  
   .55170000E-22  
   .54140000E-22  
   .53183000E-22  
   .52118000E-22  
   .51067000E-22  
   .50197000E-22  
   .49202000E-22  
   .48283000E-22  
   .47568000E-22  
   .46852000E-22  
   .46039000E-22  
   .45440000E-22  
   .44734000E-22  
   .43867000E-22  
   .43098000E-22  
   .42355000E-22  
   .41598000E-22  
   .40832000E-22  
   .40089000E-22  
   .39420000E-22  
   .38702000E-22  
   .37949000E-22  
   .37275000E-22  
   .36629000E-22  
   .35837000E-22  
   .35140000E-22  
   .34524000E-22  
   .33829000E-22  
   .33164000E-22  
   .32590000E-22  
   .32045000E-22  
   .31422000E-22  
   .30875000E-22  
   .30320000E-22  
   .29814000E-22  
   .29304000E-22  
   .28821000E-22  
   .28358000E-22  
   .27864000E-22  
   .27265000E-22  
   .26790000E-22  
   .26317000E-22  
   .25846000E-22  
   .25302000E-22  
   .24874000E-22  
   .24445000E-22  
   .24016000E-22  
   .23605000E-22  
   .23235000E-22  
   .22770000E-22  
   .22361000E-22  
   .21870000E-22  
   .21383000E-22  
   .20960000E-22  
   .20710000E-22  
   .20267000E-22  
   .19889000E-22  
   .19509000E-22  
   .19174000E-22  
   .18799000E-22  
   .18418000E-22  
   .18139000E-22  
   .17909000E-22  
   .17624000E-22  
   .17255000E-22  
   .16923000E-22  
   .16642000E-22  
   .16316000E-22  
   .16005000E-22  
   .15849000E-22  
   .15663000E-22  
   .15374000E-22  
   .15089000E-22  
   .14815000E-22  
   .14542000E-22  
   .14287000E-22  
   .14004000E-22  
   .13814000E-22  
   .13660000E-22  
   .13406000E-22  
   .13202000E-22  
   .13059000E-22  
   .12844000E-22  
   .12642000E-22  
   .12399000E-22  
   .12174000E-22  
   .11961000E-22  
   .11754000E-22  
   .11478000E-22  
   .11338000E-22  
   .11173000E-22  
   .11048000E-22  
   .10831000E-22  
   .10647000E-22  
   .10449000E-22  
   .10243000E-22  
   .10029000E-22  
   .99072000E-23  
   .98207000E-23  
   .96704000E-23  
   .95001000E-23  
   .93238000E-23  
   .91756000E-23  
   .89844000E-23  
   .88147000E-23  
   .86736000E-23  
   .85249000E-23  
   .83870000E-23  
   .82562000E-23  
   .81761000E-23  
   .80786000E-23  
   .79287000E-23  
   .77655000E-23  
   .77128000E-23  
   .75574000E-23  
   .74596000E-23  
   .73470000E-23  
   .72602000E-23  
   .71232000E-23  
   .70005000E-23  
   .69097000E-23  
   .69086000E-23  
   .68861000E-23  
   .67593000E-23  
   .66587000E-23  
   .65268000E-23  
   .64020000E-23  
   .62447000E-23  
   .61728000E-23  
   .61009000E-23  
   .60227000E-23  
   .59477000E-23  
   .59073000E-23  
   .58681000E-23  
   .57820000E-23  
   .56617000E-23  
   .55385000E-23  
   .54195000E-23  
   .53346000E-23  
   .53139000E-23  
   .53056000E-23  
   .52356000E-23  
   .51404000E-23  
   .50057000E-23  
   .49084000E-23  
   .48543000E-23  
   .48448000E-23  
   .48460000E-23  
   .48655000E-23  
   .47969000E-23  
   .46717000E-23  
   .45225000E-23  
   .44486000E-23  
   .43611000E-23  
   .43185000E-23  
   .43154000E-23  
   .43248000E-23  
   .42717000E-23  
   .42161000E-23  
   .41634000E-23  
   .41207000E-23  
   .40464000E-23  
   .39950000E-23  
   .40509000E-23  
   .40379000E-23  
   .40101000E-23  
   .39892000E-23  
   .39744000E-23  
   .39063000E-23  
   .39126000E-23  
   .38825000E-23  
   .38779000E-23  
   .38986000E-23  
   .38447000E-23  
   .38036000E-23  
   .37496000E-23  
   .36992000E-23  
   .36264000E-23  
   .35406000E-23  
   .34739000E-23  
   .34522000E-23  
   .34545000E-23  
   .34224000E-23  
   .34331000E-23  
   .34019000E-23  
   .33737000E-23  
   .33327000E-23  
   .32697000E-23  
   .32483000E-23  
   .32062000E-23  
   .32429000E-23  
   .32030000E-23  
   .32381000E-23  
   .32173000E-23  
   .31928000E-23  
   .31712000E-23  
   .31722000E-23  
   .31474000E-23  
   .31396000E-23  
   .31206000E-23  
   .30731000E-23  
   .30492000E-23  
   .30061000E-23  
   .30003000E-23  
   .30430000E-23  
   .30851000E-23  
   .31727000E-23  
   .32257000E-23  
   .32724000E-23  
   .33260000E-23  
   .33622000E-23  
   .34346000E-23  
   .35081000E-23  
   .35200000E-23  
   .35387000E-23  
   .35127000E-23  
   .34572000E-23  
   .34346000E-23  
   .34224000E-23  
   .33317000E-23  
   .32949000E-23  
   .31548000E-23  
   .30706000E-23  
   .30050000E-23  
   .29314000E-23  
   .28310000E-23  
   .28537000E-23  
   .28516000E-23  
   .28347000E-23  
   .28952000E-23  
   .29332000E-23  
   .29033000E-23  
   .28853000E-23  
   .28806000E-23  
   .28137000E-23  
   .28198000E-23  
   .28901000E-23  
   .29034000E-23  
   .28832000E-23  
   .28769000E-23  
   .28103000E-23  
   .27578000E-23  
   .27310000E-23  
   .27802000E-23  
   .27894000E-23  
   .27733000E-23  
   .26984000E-23  
   .26599000E-23  
   .26030000E-23  
   .26062000E-23  
   .26520000E-23  
   .27105000E-23  
   .26900000E-23  
   .26434000E-23  
   .27039000E-23  
   .26962000E-23  
   .25901000E-23  
   .25764000E-23  
   .25916000E-23  
   .25255000E-23  
   .25364000E-23  
   .26205000E-23  
   .26479000E-23  
   .26272000E-23  
   .26365000E-23  
   .26430000E-23  
   .26137000E-23  
   .25634000E-23  
   .25600000E-23  
   .25263000E-23  
   .24539000E-23  
   .24391000E-23  
   .24643000E-23  
   .24664000E-23  
   .24706000E-23  
   .26048000E-23  
   .26418000E-23  
   .26458000E-23  
   .26488000E-23  
   .26684000E-23  
   .25998000E-23  
   .26346000E-23  
   .26457000E-23  
   .26637000E-23  
   .25803000E-23  
   .24964000E-23  
   .24746000E-23  
   .24340000E-23  
   .23932000E-23  
   .24517000E-23  
   .25600000E-23  
   .26030000E-23  
   .26492000E-23  
   .26526000E-23  
   .26230000E-23  
   .25602000E-23  
   .25371000E-23  
   .25558000E-23  
   .25687000E-23  
   .25882000E-23  
   .25860000E-23  
   .25283000E-23  
   .24534000E-23  
   .24289000E-23  
   .24505000E-23  
   .24386000E-23  
   .24632000E-23  
   .25162000E-23  
   .25429000E-23  
   .25364000E-23  
   .25498000E-23  
   .25300000E-23  
   .25098000E-23  
   .25366000E-23  
   .25501000E-23  
   .25736000E-23  
   .26138000E-23  
   .26102000E-23  
   .26175000E-23  
   .26171000E-23  
   .25449000E-23  
   .24828000E-23  
   .25026000E-23  
   .25208000E-23  
   .25657000E-23  
   .26491000E-23  
   .26748000E-23  
   .26468000E-23  
   .25902000E-23  
   .25826000E-23  
   .26116000E-23  
   .26216000E-23  
   .26422000E-23  
   .26739000E-23  
   .30517000E-23  
   .42511000E-23  
   .58529000E-23  
   .71815000E-23  
   .80730000E-23  
   .80852000E-23  
   .69607000E-23  
   .53773000E-23  
   .40196000E-23  
   .31307000E-23  
   .27258000E-23  
   .25601000E-23  
   .25931000E-23  
   .26022000E-23  
   .26013000E-23  
   .26059000E-23  
   .26971000E-23  
   .26715000E-23  
   .26703000E-23  
   .25925000E-23  
   .25048000E-23  
   .24926000E-23  
   .25211000E-23  
   .25993000E-23  
   .26524000E-23  
   .27110000E-23  
   .26827000E-23  
   .26701000E-23  
   .26446000E-23  
   .26741000E-23  
   .26661000E-23  
   .26357000E-23  
   .25798000E-23  
   .25659000E-23  
   .25491000E-23  
   .25325000E-23  
   .25292000E-23  
   .26263000E-23  
   .26175000E-23  
   .26337000E-23  
   .26791000E-23  
   .27247000E-23  
   .26735000E-23  
   .26725000E-23  
   .26742000E-23  
   .26432000E-23  
   .26134000E-23  
   .25841000E-23  
   .26058000E-23  
   .25871000E-23  
   .26002000E-23  
   .26196000E-23  
   .26099000E-23  
   .26199000E-23  
   .26312000E-23  
   .26841000E-23  
   .26614000E-23  
   .26524000E-23  
   .26308000E-23  
   .26376000E-23  
   .25688000E-23  
   .26099000E-23  
   .26181000E-23  
   .26170000E-23  
   .26250000E-23  
   .26570000E-23  
   .25822000E-23  
   .25410000E-23  
   .24741000E-23  
   .24603000E-23  
   .23906000E-23  
   .23905000E-23  
   .23919000E-23  
   .24086000E-23  
   .24380000E-23  
   .25237000E-23  
   .25831000E-23  
   .26209000E-23  
   .27080000E-23  
   .27027000E-23  
   .27323000E-23  
   .26767000E-23  
   .26935000E-23  
   .26099000E-23  
   .25565000E-23  
   .25195000E-23  
   .25563000E-23  
   .25453000E-23  
   .25660000E-23  
   .25773000E-23  
   .25470000E-23  
   .25129000E-23  
   .25106000E-23  
   .25406000E-23  
   .25835000E-23  
   .25770000E-23  
   .26318000E-23  
   .26308000E-23  
   .25493000E-23  
   .24548000E-23  
   .24572000E-23  
   .25172000E-23  
   .25590000E-23  
   .26262000E-23  
   .27524000E-23  
   .27817000E-23  
   .27057000E-23  
   .26138000E-23  
   .26057000E-23  
   .25072000E-23  
   .24592000E-23  
   .24566000E-23  
   .25233000E-23  
   .24869000E-23  
   .25374000E-23  
   .25309000E-23  
   .25443000E-23  
   .25601000E-23  
   .25794000E-23  
   .25378000E-23  
   .25530000E-23  
   .25204000E-23  
   .25299000E-23  
   .25965000E-23  
   .26123000E-23  
   .25474000E-23  
   .25619000E-23  
   .25222000E-23  
   .25006000E-23  
   .25061000E-23  
   .25578000E-23  
   .25079000E-23  
   .25060000E-23  
   .24492000E-23  
   .24321000E-23  
   .24498000E-23  
   .24518000E-23  
   .24869000E-23  
   .25498000E-23  
   .25858000E-23  
   .25789000E-23  
   .26082000E-23  
   .25877000E-23  
   .25460000E-23  
   .25078000E-23  
   .25476000E-23  
   .25667000E-23  
   .24725000E-23  
   .24614000E-23  
   .25379000E-23  
   .25093000E-23  
   .24946000E-23  
   .25611000E-23  
   .26072000E-23  
   .25936000E-23  
   .25659000E-23  
   .25675000E-23  
   .25796000E-23  
   .24958000E-23  
   .24700000E-23  
   .25782000E-23  
   .26261000E-23  
   .26454000E-23  
   .27607000E-23  
   .27470000E-23  
   .27342000E-23  
   .27241000E-23  
   .26674000E-23  
   .25966000E-23  
   .26147000E-23  
   .25310000E-23  
   .24688000E-23  
   .25026000E-23  
   .24535000E-23  
   .24047000E-23  
   .24149000E-23  
   .25165000E-23  
   .25412000E-23  
   .25928000E-23  
   .26004000E-23  
   .26017000E-23  
   .25580000E-23  
   .25300000E-23  
   .25036000E-23  
   .24936000E-23  
   .24544000E-23  
   .24197000E-23  
   .24119000E-23  
   .25174000E-23  
   .25493000E-23  
   .25502000E-23  
   .25373000E-23  
   .25804000E-23  
   .24238000E-23  
   .23952000E-23  
   .23971000E-23  
   .24715000E-23  
   .25201000E-23  
   .26487000E-23  
   .27290000E-23  
   .28081000E-23  
   .27649000E-23  
   .27812000E-23  
   .27689000E-23  
   .27634000E-23  
   .27308000E-23  
   .28098000E-23  
   .28113000E-23  
   .28528000E-23  
   .27932000E-23  
   .28112000E-23  
   .27656000E-23  
   .26613000E-23  
   .26972000E-23  
   .27712000E-23  
   .27464000E-23  
   .27182000E-23  
   .27683000E-23  
   .27532000E-23  
   .27326000E-23  
   .28079000E-23  
   .27729000E-23  
   .27268000E-23  
   .25702000E-23  
   .25592000E-23  