  11102 10  1 CEYLF.01   CL4644 GA   .000 U  #  81594 00.00   1         
  PROGRAM    EHEAD   VERSION 01.01 DEUTERIUM LAMP                        
  USER PLC DATE & TIME  1995  4  6 00.00 00.00     9.990    295K S      
 EC1 Ce  20     0     0 LiYF4            .279800 -  .399400 .00010     
 SLIT WIDTH IS 1500 MICRONS, SAMPLE IS CYLINDRICAL SHAPE. C-AXIS         
 IS CUT PERP. TO LONG AXIS OF CYLINDER. PUMP LIGHT IS ALONG A(=B         
 & LONG AXIS ) OF CRYSTAL. SAMPLE IS PLACED SO THAT C-AXIS IS IN         
 THE SAME DIRECTION AS EMISSION IS OBSERVED. (S-POLARIZATION)            
 CONCENTRATION IS ATOMIC PERCENT.                                        
  FORMAT(1X,G15.8)                                                       
  EOH                                                                    
  1197.           
   .70484000E-24  
   .71378000E-24  
   .64602000E-24  
   .56970000E-24  
   .68163000E-24  
   .79858000E-24  
   .77019000E-24  
   .68745000E-24  
   .87263000E-24  
   .86178000E-24  
   .82600000E-24  
   .53722000E-24  
   .69834000E-24  
   .62558000E-24  
   .62153000E-24  
   .45373000E-24  
   .51655000E-24  
   .63856000E-24  
   .82451000E-24  
   .15353000E-23  
   .17559000E-23  
   .18354000E-23  
   .17449000E-23  
   .15131000E-23  
   .10052000E-23  
   .87003000E-24  
   .82480000E-24  
   .61759000E-24  
   .91539000E-24  
   .71428000E-24  
   .81632000E-24  
   .80984000E-24  
   .79772000E-24  
   .71136000E-24  
   .83869000E-24  
   .76511000E-24  
   .66243000E-24  
   .56014000E-24  
   .37680000E-24  
   .17354000E-24  
   .30976000E-24  
   .40937000E-24  
   .52587000E-24  
   .55738000E-24  
   .88738000E-24  
   .83745000E-24  
   .84807000E-24  
   .90135000E-24  
   .89943000E-24  
   .97734000E-24  
   .10103000E-23  
   .10220000E-23  
   .92997000E-24  
   .93313000E-24  
   .83879000E-24  
   .72034000E-24  
   .87415000E-24  
   .84695000E-24  
   .77660000E-24  
   .57733000E-24  
   .91299000E-24  
   .86291000E-24  
   .96221000E-24  
   .87364000E-24  
   .87835000E-24  
   .90982000E-24  
   .96849000E-24  
   .94202000E-24  
   .10980000E-23  
   .96592000E-24  
   .74887000E-24  
   .63756000E-24  
   .96362000E-24  
   .10175000E-23  
   .12968000E-23  
   .11686000E-23  
   .15212000E-23  
   .12209000E-23  
   .11862000E-23  
   .10974000E-23  
   .12354000E-23  
   .14349000E-23  
   .15527000E-23  
   .16357000E-23  
   .15900000E-23  
   .15389000E-23  
   .12216000E-23  
   .12392000E-23  
   .12810000E-23  
   .12432000E-23  
   .12807000E-23  
   .10003000E-23  
   .13682000E-23  
   .14453000E-23  
   .14664000E-23  
   .13281000E-23  
   .13785000E-23  
   .13785000E-23  
   .12883000E-23  
   .13920000E-23  
   .13930000E-23  
   .14543000E-23  
   .12900000E-23  
   .12181000E-23  
   .13510000E-23  
   .13486000E-23  
   .12145000E-23  
   .85791000E-24  
   .11760000E-23  
   .92993000E-24  
   .90845000E-24  
   .81506000E-24  
   .74053000E-24  
   .81455000E-24  
   .80146000E-24  
   .99943000E-24  
   .11274000E-23  
   .13531000E-23  
   .12149000E-23  
   .13138000E-23  
   .15164000E-23  
   .15670000E-23  
   .16739000E-23  
   .15769000E-23  
   .19809000E-23  
   .17714000E-23  
   .17233000E-23  
   .14727000E-23  
   .14072000E-23  
   .14323000E-23  
   .14040000E-23  
   .13113000E-23  
   .11928000E-23  
   .11170000E-23  
   .83492000E-24  
   .90540000E-24  
   .11789000E-23  
   .14157000E-23  
   .15325000E-23  
   .14099000E-23  
   .14520000E-23  
   .13987000E-23  
   .13989000E-23  
   .11731000E-23  
   .12714000E-23  
   .15700000E-23  
   .15200000E-23  
   .15516000E-23  
   .16840000E-23  
   .16979000E-23  
   .15091000E-23  
   .15622000E-23  
   .16414000E-23  
   .16335000E-23  
   .16103000E-23  
   .14871000E-23  
   .17093000E-23  
   .15742000E-23  
   .17026000E-23  
   .15942000E-23  
   .16276000E-23  
   .17310000E-23  
   .19226000E-23  
   .17899000E-23  
   .19149000E-23  
   .19679000E-23  
   .19406000E-23  
   .18738000E-23  
   .21129000E-23  
   .20120000E-23  
   .20314000E-23  
   .18340000E-23  
   .21737000E-23  
   .21585000E-23  
   .24099000E-23  
   .24056000E-23  
   .25009000E-23  
   .25392000E-23  
   .26402000E-23  
   .26968000E-23  
   .27205000E-23  
   .28051000E-23  
   .29851000E-23  
   .32196000E-23  
   .33304000E-23  
   .32736000E-23  
   .34040000E-23  
   .32469000E-23  
   .35221000E-23  
   .35856000E-23  
   .39825000E-23  
   .41339000E-23  
   .42860000E-23  
   .44036000E-23  
   .47323000E-23  
   .49895000E-23  
   .53106000E-23  
   .55649000E-23  
   .57367000E-23  
   .59024000E-23  
   .61094000E-23  
   .62674000E-23  
   .65627000E-23  
   .67663000E-23  
   .75035000E-23  
   .80719000E-23  
   .86970000E-23  
   .90928000E-23  
   .95562000E-23  
   .99804000E-23  
   .10372000E-22  
   .10718000E-22  
   .11312000E-22  
   .11812000E-22  
   .12215000E-22  
   .12856000E-22  
   .13517000E-22  
   .14408000E-22  
   .15108000E-22  
   .16028000E-22  
   .17210000E-22  
   .18170000E-22  
   .19276000E-22  
   .20706000E-22  
   .21986000E-22  
   .23546000E-22  
   .25349000E-22  
   .26930000E-22  
   .28907000E-22  
   .31259000E-22  
   .33543000E-22  
   .36288000E-22  
   .39708000E-22  
   .43523000E-22  
   .47275000E-22  
   .51535000E-22  
   .56427000E-22  
   .61465000E-22  
   .66862000E-22  
   .73409000E-22  
   .80455000E-22  
   .88352000E-22  
   .96770000E-22  
   .10545000E-21  
   .11492000E-21  
   .12539000E-21  
   .13613000E-21  
   .14794000E-21  
   .16074000E-21  
   .17369000E-21  
   .18711000E-21  
   .20095000E-21  
   .21552000E-21  
   .23118000E-21  
   .24717000E-21  
   .26367000E-21  
   .28114000E-21  
   .29805000E-21  
   .31543000E-21  
   .33290000E-21  
   .35039000E-21  
   .36767000E-21  
   .38537000E-21  
   .40257000E-21  
   .41922000E-21  
   .43512000E-21  
   .45136000E-21  
   .46727000E-21  
   .48144000E-21  
   .49691000E-21  
   .51107000E-21  
   .52465000E-21  
   .53721000E-21  
   .54891000E-21  
   .55972000E-21  
   .57068000E-21  
   .58153000E-21  
   .59158000E-21  
   .60101000E-21  
   .60952000E-21  
   .61690000E-21  
   .62210000E-21  
   .62730000E-21  
   .63280000E-21  
   .63616000E-21  
   .64013000E-21  
   .64259000E-21  
   .64567000E-21  
   .64727000E-21  
   .64781000E-21  
   .64767000E-21  
   .64985000E-21  
   .64912000E-21  
   .64676000E-21  
   .64448000E-21  
   .64162000E-21  
   .63564000E-21  
   .63108000E-21  
   .62702000E-21  
   .62347000E-21  
   .61772000E-21  
   .61376000E-21  
   .60830000E-21  
   .60246000E-21  
   .59648000E-21  
   .59027000E-21  
   .58422000E-21  
   .57791000E-21  
   .57188000E-21  
   .56535000E-21  
   .55922000E-21  
   .55153000E-21  
   .54356000E-21  
   .53667000E-21  
   .52894000E-21  
   .52223000E-21  
   .51489000E-21  
   .50840000E-21  
   .50162000E-21  
   .49618000E-21  
   .49015000E-21  
   .48351000E-21  
   .47790000E-21  
   .47183000E-21  
   .46444000E-21  
   .45797000E-21  
   .45238000E-21  
   .44633000E-21  
   .44019000E-21  
   .43551000E-21  
   .43010000E-21  
   .42500000E-21  
   .41900000E-21  
   .41375000E-21  
   .40813000E-21  
   .40283000E-21  
   .39799000E-21  
   .39292000E-21  
   .38884000E-21  
   .38435000E-21  
   .38097000E-21  
   .37731000E-21  
   .37462000E-21  
   .37104000E-21  
   .36880000E-21  
   .36593000E-21  
   .36331000E-21  
   .36082000E-21  
   .35897000E-21  
   .35684000E-21  
   .35487000E-21  
   .35427000E-21  
   .35316000E-21  
   .35202000E-21  
   .35089000E-21  
   .35081000E-21  
   .34952000E-21  
   .34935000E-21  
   .34933000E-21  
   .34995000E-21  
   .35000000E-21  
   .35084000E-21  
   .35182000E-21  
   .35370000E-21  
   .35538000E-21  
   .35760000E-21  
   .35985000E-21  
   .36268000E-21  
   .36487000E-21  
   .36794000E-21  
   .37092000E-21  
   .37440000E-21  
   .37750000E-21  
   .38128000E-21  
   .38448000E-21  
   .38865000E-21  
   .39291000E-21  
   .39788000E-21  
   .40275000E-21  
   .40863000E-21  
   .41393000E-21  
   .41972000E-21  
   .42548000E-21  
   .43204000E-21  
   .43825000E-21  
   .44513000E-21  
   .45191000E-21  
   .45963000E-21  
   .46731000E-21  
   .47611000E-21  
   .48427000E-21  
   .49282000E-21  
   .50037000E-21  
   .50904000E-21  
   .51668000E-21  
   .52440000E-21  
   .53199000E-21  
   .54002000E-21  
   .54731000E-21  
   .55414000E-21  
   .56116000E-21  
   .56760000E-21  
   .57448000E-21  
   .57967000E-21  
   .58551000E-21  
   .59167000E-21  
   .59720000E-21  
   .60211000E-21  
   .60725000E-21  
   .61237000E-21  
   .61687000E-21  
   .62186000E-21  
   .62555000E-21  
   .63033000E-21  
   .63478000E-21  
   .63866000E-21  
   .64261000E-21  
   .64634000E-21  
   .64982000E-21  
   .65260000E-21  
   .65596000E-21  
   .65933000E-21  
   .66270000E-21  
   .66562000E-21  
   .66750000E-21  
   .66967000E-21  
   .67071000E-21  
   .67224000E-21  
   .67402000E-21  
   .67650000E-21  
   .67815000E-21  
   .68017000E-21  
   .68163000E-21  
   .68243000E-21  
   .68309000E-21  
   .68366000E-21  
   .68333000E-21  
   .68365000E-21  
   .68319000E-21  
   .68286000E-21  
   .68244000E-21  
   .68208000E-21  
   .68127000E-21  
   .68069000E-21  
   .67954000E-21  
   .67849000E-21  
   .67731000E-21  
   .67590000E-21  
   .67411000E-21  
   .67159000E-21  
   .66885000E-21  
   .66589000E-21  
   .66292000E-21  
   .65988000E-21  
   .65735000E-21  
   .65453000E-21  
   .65178000E-21  
   .64814000E-21  
   .64511000E-21  
   .64155000E-21  
   .63796000E-21  
   .63472000E-21  
   .63122000E-21  
   .62724000E-21  
   .62371000E-21  
   .61920000E-21  
   .61489000E-21  
   .61034000E-21  
   .60579000E-21  
   .60156000E-21  
   .59715000E-21  
   .59224000E-21  
   .58808000E-21  
   .58304000E-21  
   .57779000E-21  
   .57327000E-21  
   .56851000E-21  
   .56363000E-21  
   .55925000E-21  
   .55408000E-21  
   .54896000E-21  
   .54403000E-21  
   .53859000E-21  
   .53309000E-21  
   .52873000E-21  
   .52350000E-21  
   .51788000E-21  
   .51312000E-21  
   .50755000E-21  
   .50124000E-21  
   .49583000E-21  
   .49001000E-21  
   .48405000E-21  
   .47893000E-21  
   .47334000E-21  
   .46758000E-21  
   .46261000E-21  
   .45699000E-21  
   .45144000E-21  
   .44673000E-21  
   .44190000E-21  
   .43635000E-21  
   .43111000E-21  
   .42571000E-21  
   .41975000E-21  
   .41409000E-21  
   .40907000E-21  
   .40371000E-21  
   .39807000E-21  
   .39288000E-21  
   .38777000E-21  
   .38227000E-21  
   .37703000E-21  
   .37223000E-21  
   .36710000E-21  
   .36184000E-21  
   .35675000E-21  
   .35184000E-21  
   .34665000E-21  
   .34171000E-21  
   .33674000E-21  
   .33217000E-21  
   .32734000E-21  
   .32273000E-21  
   .31811000E-21  
   .31336000E-21  
   .30835000E-21  
   .30389000E-21  
   .29941000E-21  
   .29482000E-21  
   .29018000E-21  
   .28582000E-21  
   .28142000E-21  
   .27702000E-21  
   .27272000E-21  
   .26864000E-21  
   .26454000E-21  
   .26027000E-21  
   .25617000E-21  
   .25219000E-21  
   .24817000E-21  
   .24418000E-21  
   .24031000E-21  
   .23653000E-21  
   .23278000E-21  
   .22903000E-21  
   .22523000E-21  
   .22149000E-21  
   .21775000E-21  
   .21408000E-21  
   .21029000E-21  
   .20691000E-21  
   .20361000E-21  
   .20015000E-21  
   .19678000E-21  
   .19353000E-21  
   .19014000E-21  
   .18690000E-21  
   .18390000E-21  
   .18077000E-21  
   .17784000E-21  
   .17493000E-21  
   .17183000E-21  
   .16878000E-21  
   .16599000E-21  
   .16330000E-21  
   .16067000E-21  
   .15811000E-21  
   .15557000E-21  
   .15288000E-21  
   .15014000E-21  
   .14739000E-21  
   .14468000E-21  
   .14196000E-21  
   .13946000E-21  
   .13675000E-21  
   .13401000E-21  
   .13149000E-21  
   .12890000E-21  
   .12623000E-21  
   .12388000E-21  
   .12167000E-21  
   .11947000E-21  
   .11744000E-21  
   .11545000E-21  
   .11348000E-21  
   .11144000E-21  
   .10930000E-21  
   .10719000E-21  
   .10515000E-21  
   .10316000E-21  
   .10132000E-21  
   .99437000E-22  
   .97791000E-22  
   .96062000E-22  
   .94512000E-22  
   .92918000E-22  
   .91412000E-22  
   .89797000E-22  
   .88209000E-22  
   .86569000E-22  
   .84906000E-22  
   .83260000E-22  
   .81483000E-22  
   .79847000E-22  
   .78264000E-22  
   .76838000E-22  
   .75447000E-22  
   .74209000E-22  
   .72951000E-22  
   .71554000E-22  
   .70251000E-22  
   .68985000E-22  
   .67530000E-22  
   .66164000E-22  
   .64884000E-22  
   .63403000E-22  
   .62053000E-22  
   .60885000E-22  
   .59680000E-22  
   .58538000E-22  
   .57487000E-22  
   .56352000E-22  
   .55231000E-22  
   .54120000E-22  
   .53066000E-22  
   .52029000E-22  
   .51011000E-22  
   .50098000E-22  
   .49113000E-22  
   .48217000E-22  
   .47341000E-22  
   .46484000E-22  
   .45567000E-22  
   .44757000E-22  
   .43801000E-22  
   .42888000E-22  
   .41945000E-22  
   .41137000E-22  
   .40301000E-22  
   .39598000E-22  
   .38921000E-22  
   .38215000E-22  
   .37470000E-22  
   .36743000E-22  
   .35951000E-22  
   .35220000E-22  
   .34522000E-22  
   .33832000E-22  
   .33156000E-22  
   .32579000E-22  
   .31935000E-22  
   .31396000E-22  
   .30798000E-22  
   .30220000E-22  
   .29537000E-22  
   .28919000E-22  
   .28348000E-22  
   .27799000E-22  
   .27205000E-22  
   .26744000E-22  
   .26319000E-22  
   .25782000E-22  
   .25239000E-22  
   .24835000E-22  
   .24366000E-22  
   .23836000E-22  
   .23416000E-22  
   .23054000E-22  
   .22538000E-22  
   .22087000E-22  
   .21652000E-22  
   .21199000E-22  
   .20791000E-22  
   .20408000E-22  
   .19991000E-22  
   .19581000E-22  
   .19177000E-22  
   .18788000E-22  
   .18447000E-22  
   .18157000E-22  
   .17826000E-22  
   .17479000E-22  
   .17129000E-22  
   .16861000E-22  
   .16499000E-22  
   .16161000E-22  
   .15838000E-22  
   .15500000E-22  
   .15203000E-22  
   .14896000E-22  
   .14609000E-22  
   .14358000E-22  
   .14125000E-22  
   .13846000E-22  
   .13579000E-22  
   .13412000E-22  
   .13133000E-22  
   .12808000E-22  
   .12492000E-22  
   .12295000E-22  
   .12022000E-22  
   .11819000E-22  
   .11650000E-22  
   .11460000E-22  
   .11285000E-22  
   .11080000E-22  
   .10853000E-22  
   .10630000E-22  
   .10455000E-22  
   .10234000E-22  
   .10005000E-22  
   .98912000E-23  
   .97644000E-23  
   .96062000E-23  
   .94021000E-23  
   .92722000E-23  
   .90818000E-23  
   .89288000E-23  
   .87511000E-23  
   .86178000E-23  
   .85238000E-23  
   .84125000E-23  
   .82712000E-23  
   .81658000E-23  
   .80500000E-23  
   .79020000E-23  
   .77402000E-23  
   .75697000E-23  
   .73971000E-23  
   .72328000E-23  
   .70814000E-23  
   .70136000E-23  
   .69076000E-23  
   .68223000E-23  
   .67078000E-23  
   .65667000E-23  
   .64360000E-23  
   .63618000E-23  
   .62738000E-23  
   .61853000E-23  
   .61163000E-23  
   .60245000E-23  
   .59185000E-23  
   .58142000E-23  
   .57469000E-23  
   .56693000E-23  
   .55575000E-23  
   .54926000E-23  
   .54039000E-23  
   .53279000E-23  
   .52299000E-23  
   .51087000E-23  
   .50680000E-23  
   .49859000E-23  
   .49053000E-23  
   .48343000E-23  
   .47935000E-23  
   .46912000E-23  
   .46477000E-23  
   .46022000E-23  
   .45428000E-23  
   .44769000E-23  
   .43614000E-23  
   .43121000E-23  
   .42186000E-23  
   .41652000E-23  
   .41049000E-23  
   .40957000E-23  
   .40694000E-23  
   .40415000E-23  
   .39573000E-23  
   .39307000E-23  
   .38625000E-23  
   .37926000E-23  
   .37423000E-23  
   .37627000E-23  
   .37157000E-23  
   .36657000E-23  
   .35913000E-23  
   .35673000E-23  
   .34645000E-23  
   .34365000E-23  
   .33909000E-23  
   .33737000E-23  
   .33647000E-23  
   .33830000E-23  
   .33564000E-23  
   .33242000E-23  
   .32295000E-23  
   .31756000E-23  
   .31288000E-23  
   .30802000E-23  
   .30474000E-23  
   .30811000E-23  
   .30182000E-23  
   .30232000E-23  
   .29995000E-23  
   .30073000E-23  
   .29719000E-23  
   .29593000E-23  
   .29584000E-23  
   .29546000E-23  
   .29237000E-23  
   .29073000E-23  
   .28827000E-23  
   .28312000E-23  
   .27988000E-23  
   .28085000E-23  
   .27874000E-23  
   .27625000E-23  
   .27252000E-23  
   .27398000E-23  
   .27049000E-23  
   .26814000E-23  
   .26507000E-23  
   .26279000E-23  
   .26051000E-23  
   .25823000E-23  
   .25367000E-23  
   .25140000E-23  
   .24953000E-23  
   .24856000E-23  
   .24623000E-23  
   .24845000E-23  
   .25036000E-23  
   .24862000E-23  
   .24261000E-23  
   .24229000E-23  
   .23963000E-23  
   .23722000E-23  
   .23613000E-23  
   .23602000E-23  
   .23910000E-23  
   .24035000E-23  
   .24216000E-23  
   .24176000E-23  
   .24180000E-23  
   .23699000E-23  
   .23320000E-23  
   .22994000E-23  
   .22738000E-23  
   .22603000E-23  
   .22592000E-23  
   .23393000E-23  
   .23674000E-23  
   .24198000E-23  
   .24439000E-23  
   .24701000E-23  
   .25034000E-23  
   .25395000E-23  
   .25631000E-23  
   .25842000E-23  
   .25904000E-23  
   .25503000E-23  
   .25081000E-23  
   .24910000E-23  
   .24681000E-23  
   .24304000E-23  
   .23465000E-23  
   .23357000E-23  
   .22711000E-23  
   .22057000E-23  
   .21501000E-23  
   .21332000E-23  
   .21461000E-23  
   .21621000E-23  
   .21887000E-23  
   .22149000E-23  
   .22113000E-23  
   .21919000E-23  
   .21763000E-23  
   .21582000E-23  
   .21222000E-23  
   .21188000E-23  
   .20601000E-23  
   .20725000E-23  
   .20497000E-23  
   .20495000E-23  
   .20239000E-23  
   .20210000E-23  
   .20042000E-23  
   .20273000E-23  
   .20451000E-23  
   .20667000E-23  
   .20827000E-23  
   .20706000E-23  
   .20514000E-23  
   .20626000E-23  
   .20457000E-23  
   .20323000E-23  
   .20197000E-23  
   .20719000E-23  
   .20711000E-23  
   .21022000E-23  
   .20888000E-23  
   .20946000E-23  
   .20708000E-23  
   .20616000E-23  
   .20473000E-23  
   .20646000E-23  
   .20519000E-23  
   .20674000E-23  
   .20572000E-23  
   .20410000E-23  
   .20181000E-23  
   .20161000E-23  
   .19680000E-23  
   .20034000E-23  
   .20152000E-23  
   .20306000E-23  
   .20194000E-23  
   .20334000E-23  
   .20423000E-23  
   .20573000E-23  
   .20785000E-23  
   .20913000E-23  
   .20824000E-23  
   .20539000E-23  
   .20313000E-23  
   .20258000E-23  
   .20151000E-23  
   .20243000E-23  
   .20025000E-23  
   .20484000E-23  
   .20240000E-23  
   .20193000E-23  
   .19994000E-23  
   .20146000E-23  
   .20266000E-23  
   .20373000E-23  
   .20541000E-23  
   .20608000E-23  
   .20475000E-23  
   .20211000E-23  
   .20226000E-23  
   .20231000E-23  
   .20280000E-23  
   .20295000E-23  
   .19995000E-23  
   .20563000E-23  
   .20613000E-23  
   .20429000E-23  
   .20305000E-23  
   .20318000E-23  
   .20238000E-23  
   .20423000E-23  
   .20709000E-23  
   .20871000E-23  
   .21159000E-23  
   .21048000E-23  
   .20818000E-23  
   .20951000E-23  
   .21198000E-23  
   .21049000E-23  
   .20590000E-23  
   .21015000E-23  
   .20649000E-23  
   .20359000E-23  
   .20260000E-23  
   .20491000E-23  
   .20770000E-23  
   .21037000E-23  
   .21136000E-23  
   .21104000E-23  
   .21131000E-23  
   .20965000E-23  
   .21185000E-23  
   .21369000E-23  
   .21408000E-23  
   .21456000E-23  
   .21092000E-23  
   .21321000E-23  
   .21124000E-23  
   .21007000E-23  
   .20477000E-23  
   .20455000E-23  
   .20421000E-23  
   .20443000E-23  
   .20707000E-23  
   .21160000E-23  
   .21015000E-23  
   .20514000E-23  
   .20552000E-23  
   .20736000E-23  
   .20461000E-23  
   .20468000E-23  
   .20415000E-23  
   .20866000E-23  
   .21010000E-23  
   .21503000E-23  
   .21352000E-23  
   .21747000E-23  
   .21908000E-23  
   .21630000E-23  
   .21624000E-23  
   .21914000E-23  
   .21725000E-23  
   .21463000E-23  
   .21311000E-23  
   .20989000E-23  
   .20779000E-23  
   .20722000E-23  
   .20307000E-23  
   .20709000E-23  
   .20884000E-23  
   .20997000E-23  
   .20628000E-23  
   .20645000E-23  
   .20815000E-23  
   .20890000E-23  
   .20960000E-23  
   .21391000E-23  
   .21415000E-23  
   .21131000E-23  
   .20954000E-23  
   .21030000E-23  
   .20707000E-23  
   .20606000E-23  
   .20400000E-23  
   .21047000E-23  
   .21014000E-23  
   .21406000E-23  
   .21306000E-23  
   .21189000E-23  
   .20918000E-23  
   .20829000E-23  
   .20594000E-23  
   .20924000E-23  
   .20981000E-23  
   .21219000E-23  
   .21508000E-23  
   .21940000E-23  
   .21772000E-23  
   .21813000E-23  
   .21270000E-23  
   .21639000E-23  
   .21506000E-23  
   .21544000E-23  
   .21586000E-23  
   .21871000E-23  
   .21803000E-23  
   .21824000E-23  
   .21916000E-23  
   .22014000E-23  
   .21763000E-23  
   .21844000E-23  
   .21910000E-23  
   .22122000E-23  
   .21781000E-23  
   .21991000E-23  
   .21554000E-23  
   .21661000E-23  
   .21241000E-23  
   .21608000E-23  
   .21105000E-23  
   .20958000E-23  
   .21231000E-23  
   .21805000E-23  
   .21866000E-23  
   .22124000E-23  
   .21979000E-23  
   .21353000E-23  
   .20804000E-23  
   .20668000E-23  
   .20391000E-23  
   .20380000E-23  
   .20157000E-23  
   .20819000E-23  
   .20651000E-23  
   .21108000E-23  
   .21379000E-23  
   .21674000E-23  
   .21486000E-23  
   .21481000E-23  
   .21313000E-23  
   .21197000E-23  
   .21000000E-23  
   .21213000E-23  
   .21480000E-23  
   .21897000E-23  
   .22113000E-23  
   .22320000E-23  
   .21524000E-23  
   .21817000E-23  
   .21378000E-23  
   .21361000E-23  
   .21502000E-23  
   .21953000E-23  
   .22263000E-23  
   .22478000E-23  
   .22133000E-23  
   .21901000E-23  
   .21476000E-23  
   .21458000E-23  
   .21600000E-23  
   .22060000E-23  
   .21779000E-23  
   .22039000E-23  
   .21474000E-23  
   .21547000E-23  
   .21068000E-23  
   .21184000E-23  
   .21043000E-23  
   .21081000E-23  
   .21512000E-23  
   .22057000E-23  
   .22222000E-23  
   .22235000E-23  
   .22212000E-23  
   .21998000E-23  
   .21799000E-23  
   .21977000E-23  
   .21946000E-23  
   .22014000E-23  
   .21079000E-23  
   .21638000E-23  
   .21622000E-23  
   .21886000E-23  
   .21777000E-23  
   .22636000E-23  
   .22939000E-23  
   .23048000E-23  
   .23151000E-23  
   .22820000E-23  
   .22246000E-23  
   .22032000E-23  
   .21806000E-23  
   .22041000E-23  
   .22072000E-23  
   .22053000E-23  
   .21527000E-23  
   .22028000E-23  
   .21650000E-23  
   .22214000E-23  
   .22361000E-23  
   .22171000E-23  
   .22557000E-23  
   .22670000E-23  
   .22402000E-23  
   .22431000E-23  
   .22461000E-23  
   .22358000E-23  
   .22505000E-23  
   .22775000E-23  
   .22898000E-23  
   .22967000E-23  
   .21990000E-23  
   .22251000E-23  
   .21610000E-23  
   .21683000E-23  
   .21726000E-23  
   .22410000E-23  
   .23081000E-23  
   .23504000E-23  
   .22863000E-23  
   .22568000E-23  
   .22330000E-23  
   .21925000E-23  
   .22072000E-23  
   .23216000E-23  
   .23246000E-23  
   .23097000E-23  
   .22198000E-23  
   .23056000E-23  
   .22182000E-23  
   .22385000E-23  
   .22139000E-23  
   .22477000E-23  
   .22462000E-23  
   .23146000E-23  
   .23231000E-23  
   .23947000E-23  
   .24011000E-23  
   .23840000E-23  
   .23725000E-23  
   .24168000E-23  
   .23957000E-23  
   .24518000E-23  
   .23989000E-23  
   .24984000E-23  
   .24869000E-23  
   .24853000E-23  
   .23870000E-23  
   .23909000E-23  
   .24138000E-23  
   .24281000E-23  
   .24126000E-23  
   .24228000E-23  
   .24237000E-23  
   .23697000E-23  
   .23138000E-23  
   .23406000E-23  
   .23270000E-23  
   .23147000E-23  
   .22394000E-23  
   .23546000E-23  