  11102  5  1 HOLUAG.01  CUCC   GA   .633 H PS 101593 00.00   1        
  PROGRAM    EHEAD   VERSION 01.01 HE-NE LASER                         
  USER PLC DATE & TIME  1995  4  4 00.00 00.00     9.990    295K U     
 EC1 Ho  50     0     0 Lu3Al5O12       1.750100 - 2.199700 .00010     
 SOURCE POLARIZATION IS HORIZONTAL, SLIT WIDTH IS 2000 MICRONS         
  FORMAT(1X,G15.8)                                                     
  This spectra is part of Database LASERS
 Database LASERS was created by Pat Cross working 
 at NASA Langley Research Center, Internal Operations Group,
 Aerospace Electronics Systems Division, Remote Sensing 
 Technology Branch. phone:(757)864-1633   fax:(757)864-7894 
     e-mail p.l.cross@larc.nasa.gov 
     homepage http://aesd.larc.nasa.gov/laser/dbmain.htm
  EOH                                                                  
  4497.         
   .00000000    
   .22540000E-26
   .00000000    
   .00000000    
   .53788000E-26
   .38818000E-26
   .24582000E-26
   .14079000E-26
   .80162000E-26
   .10019000E-25
   .00000000    
   .64745000E-26
   .00000000    
   .00000000    
   .00000000    
   .00000000    
   .00000000    
   .90577000E-26
   .48612000E-26
   .00000000    
   .00000000    
   .00000000    
   .67829000E-26
   .00000000    
   .00000000    
   .00000000    
   .00000000    
   .00000000    
   .00000000    
   .00000000    
   .22794000E-27
   .00000000    
   .00000000    
   .56056000E-26
   .35645000E-26
   .13553000E-25
   .18299000E-25
   .61350000E-26
   .00000000    
   .00000000    
   .00000000    
   .83591000E-26
   .00000000    
   .00000000    
   .00000000    
   .00000000    
   .00000000    
   .00000000    
   .00000000    
   .28006000E-26
   .19626000E-25
   .37782000E-26
   .00000000    
   .00000000    
   .00000000    
   .00000000    
   .00000000    
   .00000000    
   .00000000    
   .00000000    
   .00000000    
   .00000000    
   .59761000E-26
   .11886000E-25
   .00000000    
   .35310000E-26
   .34017000E-26
   .12815000E-26
   .33125000E-26
   .00000000    
   .00000000    
   .00000000    
   .00000000    
   .00000000    
   .00000000    
   .00000000    
   .11496000E-25
   .72724000E-26
   .42517000E-26
   .00000000    
   .00000000    
   .00000000    
   .00000000    
   .00000000    
   .00000000    
   .33800000E-26
   .00000000    
   .76988000E-26
   .12961000E-25
   .16680000E-25
   .14065000E-26
   .58501000E-27
   .64845000E-26
   .97071000E-26
   .78666000E-26
   .13292000E-26
   .22522000E-26
   .67038000E-26
   .00000000    
   .00000000    
   .55740000E-27
   .15810000E-25
   .13747000E-25
   .18682000E-26
   .00000000    
   .00000000    
   .39200000E-26
   .53443000E-26
   .11281000E-26
   .60955000E-26
   .43686000E-26
   .72124000E-26
   .00000000    
   .00000000    
   .18623000E-26
   .00000000    
   .00000000    
   .00000000    
   .10701000E-25
   .00000000    
   .00000000    
   .57335000E-26
   .30049000E-26
   .92452000E-26
   .89864000E-26
   .14964000E-25
   .92822000E-26
   .93994000E-27
   .00000000    
   .91493000E-27
   .92617000E-26
   .00000000    
   .00000000    
   .00000000    
   .72049000E-28
   .00000000    
   .00000000    
   .90964000E-26
   .24255000E-26
   .15873000E-26
   .94116000E-26
   .00000000    
   .00000000    
   .00000000    
   .00000000    
   .50230000E-26
   .00000000    
   .19083000E-26
   .34333000E-26
   .00000000    
   .11997000E-25
   .11506000E-25
   .00000000    
   .00000000    
   .00000000    
   .00000000    
   .00000000    
   .19509000E-26
   .39170000E-26
   .10451000E-25
   .14997000E-26
   .59957000E-26
   .50378000E-26
   .00000000    
   .00000000    
   .10371000E-25
   .11089000E-25
   .16608000E-25
   .61088000E-26
   .00000000    
   .00000000    
   .48334000E-26
   .39103000E-26
   .00000000    
   .00000000    
   .68174000E-26
   .48480000E-26
   .00000000    
   .30468000E-26
   .52169000E-26
   .11737000E-25
   .00000000    
   .00000000    
   .00000000    
   .00000000    
   .00000000    
   .00000000    
   .11627000E-25
   .00000000    
   .00000000    
   .00000000    
   .50498000E-26
   .76049000E-26
   .00000000    
   .11009000E-25
   .17929000E-25
   .23059000E-25
   .67241000E-26
   .00000000    
   .00000000    
   .13935000E-25
   .55062000E-26
   .00000000    
   .00000000    
   .33588000E-26
   .69893000E-26
   .11434000E-25
   .00000000    
   .00000000    
   .00000000    
   .00000000    
   .00000000    
   .90181000E-26
   .48285000E-26
   .57849000E-26
   .80979000E-26
   .00000000    
   .00000000    
   .00000000    
   .00000000    
   .00000000    
   .00000000    
   .66812000E-26
   .00000000    
   .00000000    
   .00000000    
   .00000000    
   .00000000    
   .38372000E-27
   .12312000E-26
   .00000000    
   .00000000    
   .00000000    
   .66302000E-26
   .19935000E-26
   .80567000E-26
   .00000000    
   .47423000E-27
   .41034000E-26
   .00000000    
   .00000000    
   .00000000    
   .00000000    
   .00000000    
   .00000000    
   .00000000    
   .18361000E-26
   .52724000E-26
   .00000000    
   .69333000E-26
   .56629000E-26
   .00000000    
   .83714000E-26
   .94865000E-27
   .51138000E-27
   .11344000E-26
   .00000000    
   .91907000E-26
   .99631000E-26
   .76499000E-26
   .96165000E-26
   .25685000E-26
   .00000000    
   .55820000E-26
   .00000000    
   .00000000    
   .49455000E-27
   .00000000    
   .00000000    
   .00000000    
   .49761000E-26
   .00000000    
   .11076000E-25
   .17632000E-26
   .58085000E-26
   .47703000E-26
   .52197000E-26
   .00000000    
   .00000000    
   .00000000    
   .41017000E-26
   .45859000E-26
   .00000000    
   .00000000    
   .00000000    
   .12351000E-25
   .98795000E-26
   .00000000    
   .10005000E-25
   .59452000E-26
   .31096000E-26
   .54609000E-26
   .28224000E-26
   .00000000    
   .10837000E-25
   .10361000E-25
   .53340000E-26
   .67965000E-26
   .74863000E-26
   .77515000E-26
   .38686000E-26
   .77955000E-26
   .00000000    
   .00000000    
   .00000000    
   .00000000    
   .00000000    
   .00000000    
   .83839000E-26
   .20706000E-26
   .00000000    
   .43132000E-26
   .61820000E-26
   .12367000E-25
   .51222000E-26
   .00000000    
   .00000000    
   .38776000E-26
   .00000000    
   .00000000    
   .00000000    
   .20237000E-25
   .73914000E-26
   .52822000E-26
   .11017000E-25
   .15791000E-25
   .23630000E-26
   .82868000E-26
   .00000000    
   .99308000E-26
   .13989000E-25
   .70738000E-26
   .62091000E-26
   .70457000E-26
   .20950000E-26
   .12846000E-25
   .83725000E-26
   .00000000    
   .00000000    
   .12023000E-25
   .10903000E-25
   .21585000E-25
   .18412000E-25
   .40916000E-26
   .12469000E-25
   .16610000E-25
   .18673000E-25
   .10661000E-25
   .00000000    
   .43900000E-26
   .00000000    
   .12230000E-26
   .11740000E-25
   .14100000E-25
   .63526000E-26
   .00000000    
   .43735000E-26
   .28815000E-26
   .40483000E-26
   .54060000E-26
   .00000000    
   .00000000    
   .00000000    
   .00000000    
   .00000000    
   .31696000E-26
   .16031000E-25
   .19798000E-27
   .00000000    
   .00000000    
   .66120000E-26
   .14555000E-27
   .00000000    
   .00000000    
   .52427000E-26
   .16969000E-25
   .20947000E-26
   .00000000    
   .14887000E-25
   .53891000E-26
   .50906000E-26
   .58865000E-26
   .81347000E-26
   .67979000E-26
   .84870000E-26
   .13651000E-25
   .66371000E-26
   .63255000E-26
   .69383000E-26
   .00000000    
   .00000000    
   .43224000E-26
   .00000000    
   .13482000E-25
   .12562000E-25
   .15709000E-26
   .00000000    
   .00000000    
   .50320000E-26
   .42241000E-26
   .21021000E-26
   .97785000E-26
   .68186000E-26
   .10879000E-25
   .00000000    
   .10698000E-26
   .00000000    
   .18963000E-26
   .81458000E-27
   .00000000    
   .11119000E-25
   .16367000E-26
   .00000000    
   .40960000E-26
   .67998000E-26
   .68693000E-26
   .00000000    
   .13243000E-25
   .48344000E-26
   .00000000    
   .00000000    
   .00000000    
   .00000000    
   .33480000E-26
   .00000000    
   .00000000    
   .00000000    
   .28067000E-26
   .27826000E-26
   .84821000E-27
   .00000000    
   .33715000E-26
   .27096000E-26
   .12480000E-25
   .27721000E-26
   .16973000E-25
   .12795000E-25
   .80884000E-26
   .14717000E-26
   .66612000E-27
   .00000000    
   .00000000    
   .00000000    
   .10794000E-26
   .00000000    
   .00000000    
   .14278000E-25
   .31922000E-26
   .34514000E-26
   .10827000E-26
   .00000000    
   .10331000E-27
   .59975000E-26
   .00000000    
   .00000000    
   .60653000E-26
   .25120000E-26
   .10515000E-25
   .41189000E-26
   .70550000E-26
   .11674000E-25
   .00000000    
   .28715000E-26
   .62594000E-26
   .53413000E-26
   .49499000E-26
   .60707000E-26
   .19864000E-26
   .00000000    
   .14391000E-25
   .63199000E-26
   .00000000    
   .00000000    
   .78988000E-26
   .81998000E-26
   .11678000E-25
   .32607000E-27
   .30169000E-26
   .00000000    
   .00000000    
   .00000000    
   .00000000    
   .00000000    
   .00000000    
   .50970000E-26
   .00000000    
   .00000000    
   .64785000E-26
   .32736000E-26
   .00000000    
   .00000000    
   .28171000E-28
   .21843000E-26
   .00000000    
   .00000000    
   .69652000E-26
   .72188000E-26
   .40959000E-26
   .43168000E-26
   .00000000    
   .00000000    
   .12059000E-25
   .00000000    
   .46346000E-26
   .13861000E-25
   .15279000E-25
   .30273000E-26
   .00000000    
   .15853000E-25
   .69745000E-26
   .64977000E-27
   .00000000    
   .00000000    
   .00000000    
   .00000000    
   .15697000E-27
   .00000000    
   .96456000E-26
   .12191000E-26
   .12578000E-26
   .40562000E-26
   .21449000E-26
   .11932000E-25
   .00000000    
   .00000000    
   .00000000    
   .67703000E-27
   .22347000E-26
   .61532000E-26
   .13424000E-25
   .11852000E-25
   .16504000E-25
   .00000000    
   .00000000    
   .12944000E-25
   .00000000    
   .00000000    
   .00000000    
   .00000000    
   .00000000    
   .64714000E-26
   .65277000E-26
   .00000000    
   .00000000    
   .60114000E-26
   .61080000E-26
   .00000000    
   .00000000    
   .17881000E-26
   .00000000    
   .00000000    
   .00000000    
   .59350000E-26
   .45633000E-26
   .33618000E-26
   .20017000E-26
   .00000000    
   .00000000    
   .15839000E-26
   .00000000    
   .00000000    
   .00000000    
   .00000000    
   .00000000    
   .88989000E-26
   .14868000E-25
   .11269000E-25
   .62562000E-26
   .10284000E-25
   .69054000E-26
   .16391000E-25
   .17661000E-25
   .14405000E-25
   .17110000E-25
   .10935000E-25
   .10303000E-26
   .00000000    
   .00000000    
   .00000000    
   .21439000E-26
   .40570000E-26
   .19995000E-25
   .18371000E-25
   .19129000E-25
   .00000000    
   .98687000E-26
   .81266000E-26
   .79338000E-26
   .69216000E-26
   .44552000E-26
   .00000000    
   .00000000    
   .00000000    
   .34296000E-26
   .00000000    
   .00000000    
   .00000000    
   .00000000    
   .00000000    
   .00000000    
   .00000000    
   .00000000    
   .12529000E-25
   .23284000E-25
   .15697000E-25
   .24706000E-26
   .59468000E-26
   .72287000E-26
   .21968000E-26
   .00000000    
   .00000000    
   .00000000    
   .58416000E-26
   .00000000    
   .17381000E-26
   .00000000    
   .15048000E-26
   .00000000    
   .54799000E-27
   .00000000    
   .00000000    
   .00000000    
   .00000000    
   .76393000E-26
   .00000000    
   .00000000    
   .00000000    
   .00000000    
   .54287000E-26
   .50810000E-26
   .00000000    
   .23509000E-26
   .00000000    
   .00000000    
   .00000000    
   .67377000E-27
   .11768000E-25
   .13960000E-25
   .12021000E-25
   .00000000    
   .00000000    
   .00000000    
   .00000000    
   .00000000    
   .00000000    
   .00000000    
   .76044000E-26
   .13508000E-25
   .25967000E-26
   .00000000    
   .00000000    
   .95920000E-26
   .12474000E-25
   .00000000    
   .00000000    
   .69815000E-26
   .00000000    
   .00000000    
   .51835000E-26
   .29578000E-26
   .41894000E-27
   .97170000E-26
   .38856000E-26
   .17933000E-25
   .61597000E-26
   .19419000E-26
   .00000000    
   .00000000    
   .23309000E-26
   .11850000E-25
   .00000000    
   .00000000    
   .15230000E-26
   .46589000E-26
   .60848000E-27
   .31237000E-26
   .00000000    
   .00000000    
   .68892000E-26
   .37080000E-26
   .00000000    
   .00000000    
   .00000000    
   .18011000E-26
   .71011000E-26
   .00000000    
   .00000000    
   .00000000    
   .00000000    
   .25358000E-26
   .77107000E-26
   .64026000E-26
   .30883000E-26
   .00000000    
   .39737000E-26
   .62085000E-26
   .41220000E-27
   .12860000E-25
   .71265000E-26
   .64281000E-26
   .78892000E-26
   .00000000    
   .45073000E-26
   .23487000E-26
   .62146000E-26
   .00000000    
   .10627000E-26
   .89256000E-26
   .94696000E-26
   .18998000E-26
   .11756000E-25
   .81948000E-26
   .11465000E-25
   .00000000    
   .00000000    
   .00000000    
   .34629000E-27
   .00000000    
   .00000000    
   .00000000    
   .00000000    
   .85136000E-26
   .94276000E-26
   .00000000    
   .00000000    
   .00000000    
   .00000000    
   .58499000E-26
   .17320000E-25
   .12034000E-25
   .14137000E-25
   .11311000E-25
   .22870000E-26
   .56915000E-26
   .12907000E-25
   .16287000E-25
   .15781000E-25
   .94470000E-26
   .16223000E-25
   .88929000E-26
   .93964000E-26
   .28318000E-26
   .77111000E-26
   .44694000E-26
   .00000000    
   .00000000    
   .00000000    
   .81361000E-27
   .50307000E-26
   .26969000E-26
   .57285000E-26
   .00000000    
   .00000000    
   .57627000E-26
   .00000000    
   .30439000E-26
   .75817000E-26
   .00000000    
   .00000000    
   .32206000E-26
   .53554000E-26
   .97115000E-26
   .00000000    
   .10783000E-26
   .00000000    
   .57732000E-26
   .00000000    
   .51388000E-26
   .36947000E-26
   .00000000    
   .75115000E-26
   .00000000    
   .47596000E-27
   .11617000E-25
   .00000000    
   .00000000    
   .55710000E-26
   .47178000E-26
   .00000000    
   .00000000    
   .19353000E-26
   .65411000E-26
   .26191000E-26
   .60608000E-26
   .69349000E-26
   .73386000E-26
   .87991000E-26
   .00000000    
   .82082000E-26
   .22113000E-25
   .11843000E-25
   .00000000    
   .00000000    
   .00000000    
   .12021000E-26
   .13005000E-25
   .32797000E-26
   .17046000E-26
   .00000000    
   .00000000    
   .00000000    
   .10734000E-25
   .00000000    
   .00000000    
   .65520000E-26
   .00000000    
   .98797000E-26
   .25616000E-26
   .59528000E-26
   .00000000    
   .20289000E-26
   .00000000    
   .11534000E-26
   .97318000E-26
   .12483000E-25
   .00000000    
   .00000000    
   .00000000    
   .72656000E-26
   .00000000    
   .24800000E-26
   .10747000E-25
   .97555000E-26
   .11478000E-25
   .14525000E-25
   .20660000E-25
   .16369000E-25
   .69714000E-26
   .13830000E-25
   .13352000E-25
   .20569000E-26
   .17845000E-25
   .62629000E-26
   .17598000E-25
   .11209000E-25
   .16360000E-25
   .16451000E-25
   .64782000E-26
   .50530000E-26
   .10219000E-25
   .29355000E-26
   .24138000E-26
   .61336000E-27
   .17775000E-25
   .70819000E-26
   .84559000E-26
   .11714000E-25
   .11174000E-25
   .26839000E-25
   .36367000E-25
   .33688000E-25
   .31691000E-25
   .23573000E-25
   .25083000E-25
   .20477000E-25
   .15146000E-25
   .25054000E-26
   .27050000E-25
   .15802000E-25
   .23350000E-25
   .34185000E-25
   .38262000E-25
   .32841000E-25
   .40158000E-25
   .43642000E-25
   .54359000E-25
   .49976000E-25
   .50412000E-25
   .47798000E-25
   .53750000E-25
   .70715000E-25
   .36212000E-25
   .39689000E-25
   .38539000E-25
   .66478000E-25
   .65885000E-25
   .55919000E-25
   .55697000E-25
   .54480000E-25
   .43019000E-25
   .56702000E-25
   .58072000E-25
   .53006000E-25
   .59891000E-25
   .55621000E-25
   .45020000E-25
   .55624000E-25
   .54204000E-25
   .40723000E-25
   .52875000E-25
   .34196000E-25
   .49126000E-25
   .44398000E-25
   .43903000E-25
   .34622000E-25
   .28417000E-25
   .30888000E-25
   .21557000E-25
   .27915000E-25
   .11264000E-25
   .15923000E-25
   .11664000E-25
   .26399000E-25
   .28308000E-25
   .36713000E-25
   .21451000E-25
   .94105000E-26
   .00000000    
   .87968000E-26
   .91120000E-26
   .00000000    
   .16763000E-25
   .25317000E-25
   .13470000E-25
   .67592000E-26
   .11375000E-25
   .17604000E-25
   .22479000E-25
   .19944000E-25
   .11424000E-25
   .00000000    
   .97552000E-26
   .74490000E-26
   .12436000E-25
   .14485000E-25
   .19765000E-25
   .91028000E-26
   .20144000E-25
   .18579000E-25
   .26967000E-25
   .64013000E-26
   .81319000E-26
   .24930000E-26
   .26650000E-25
   .25021000E-25
   .10137000E-25
   .14300000E-26
   .71426000E-26
   .13924000E-25
   .20858000E-25
   .39813000E-26
   .23747000E-25
   .19606000E-25
   .99018000E-26
   .14379000E-25
   .16822000E-25
   .17144000E-25
   .11918000E-26
   .14360000E-25
   .12961000E-25
   .10248000E-25
   .15437000E-25
   .23358000E-25
   .11969000E-25
   .63971000E-26
   .12380000E-25
   .16942000E-25
   .12183000E-25
   .42624000E-26
   .15183000E-25
   .76620000E-26
   .14909000E-25
   .21881000E-25
   .23612000E-25
   .34514000E-25
   .24684000E-25
   .19391000E-25
   .12310000E-25
   .10932000E-25
   .23450000E-25
   .20417000E-25
   .29526000E-25
   .30539000E-25
   .39784000E-25
   .38877000E-25
   .32549000E-25
   .45870000E-25
   .62727000E-25
   .41676000E-25
   .39148000E-25
   .70709000E-25
   .81405000E-25
   .66677000E-25
   .61770000E-25
   .67058000E-25
   .74862000E-25
   .67912000E-25
   .63539000E-25
   .74930000E-25
   .79663000E-25
   .93256000E-25
   .83026000E-25
   .10548000E-24
   .10135000E-24
   .97104000E-25
   .10819000E-24
   .11497000E-24
   .11150000E-24
   .11964000E-24
   .11589000E-24
   .11149000E-24
   .10910000E-24
   .11914000E-24
   .10333000E-24
   .10184000E-24
   .95641000E-25
   .92053000E-25
   .10507000E-24
   .98937000E-25
   .80020000E-25
   .88836000E-25
   .86154000E-25
   .89185000E-25
   .10019000E-24
   .93718000E-25
   .91027000E-25
   .85813000E-25
   .86471000E-25
   .76826000E-25
   .79706000E-25
   .70482000E-25
   .54054000E-25
   .48897000E-25
   .59630000E-25
   .62673000E-25
   .74884000E-25
   .69659000E-25
   .75467000E-25
   .74371000E-25
   .73106000E-25
   .68694000E-25
   .76605000E-25
   .58930000E-25
   .56790000E-25
   .67343000E-25
   .60210000E-25
   .69049000E-25
   .65255000E-25
   .50824000E-25
   .50807000E-25
   .63282000E-25
   .62566000E-25
   .56227000E-25
   .48324000E-25
   .34378000E-25
   .34188000E-25
   .53130000E-25
   .49445000E-25
   .25061000E-25
   .36913000E-25
   .53594000E-25
   .55522000E-25
   .35294000E-25
   .35505000E-25
   .37211000E-25
   .52303000E-25
   .63611000E-25
   .51109000E-25
   .31550000E-25
   .41822000E-25
   .49788000E-25
   .42621000E-25
   .49325000E-25
   .39403000E-25
   .48088000E-25
   .46580000E-25
   .41582000E-25
   .44946000E-25
   .48955000E-25
   .54724000E-25
   .69871000E-25
   .66495000E-25
   .79695000E-25
   .69230000E-25
   .93093000E-25
   .85843000E-25
   .81835000E-25
   .91012000E-25
   .97858000E-25
   .97867000E-25
   .10131000E-24
   .12071000E-24
   .11880000E-24
   .12926000E-24
   .12754000E-24
   .11892000E-24
   .13025000E-24
   .12931000E-24
   .13817000E-24
   .15384000E-24
   .16548000E-24
   .16353000E-24
   .17755000E-24
   .17881000E-24
   .19288000E-24
   .20907000E-24
   .20046000E-24
   .21375000E-24
   .23126000E-24
   .23059000E-24
   .22632000E-24
   .25472000E-24
   .25083000E-24
   .26344000E-24
   .26822000E-24
   .26995000E-24
   .28453000E-24
   .29336000E-24
   .29353000E-24
   .30174000E-24
   .30014000E-24
   .30982000E-24
   .31050000E-24
   .32688000E-24
   .32768000E-24
   .33222000E-24
   .33753000E-24
   .32173000E-24
   .32686000E-24
   .32640000E-24
   .31974000E-24
   .32245000E-24
   .34018000E-24
   .32704000E-24
   .32154000E-24
   .30742000E-24
   .30545000E-24
   .31938000E-24
   .30714000E-24
   .30891000E-24
   .27730000E-24
   .25412000E-24
   .26549000E-24
   .25902000E-24
   .24275000E-24
   .23726000E-24
   .23037000E-24
   .23367000E-24
   .20788000E-24
   .21145000E-24
   .21528000E-24
   .20748000E-24
   .20282000E-24
   .19776000E-24
   .20068000E-24
   .17117000E-24
   .17509000E-24
   .19177000E-24
   .17746000E-24
   .18723000E-24
   .16684000E-24
   .17856000E-24
   .18321000E-24
   .17743000E-24
   .18310000E-24
   .17031000E-24
   .17811000E-24
   .16968000E-24
   .16005000E-24
   .15575000E-24
   .16746000E-24
   .17129000E-24
   .15215000E-24
   .14624000E-24
   .11569000E-24
   .13071000E-24
   .13410000E-24
   .14756000E-24
   .13692000E-24
   .11679000E-24
   .11853000E-24
   .99029000E-25
   .11437000E-24
   .10364000E-24
   .94328000E-25
   .99902000E-25
   .93581000E-25
   .89285000E-25
   .85642000E-25
   .70337000E-25
   .90485000E-25
   .97465000E-25
   .87446000E-25
   .96364000E-25
   .91658000E-25
   .91047000E-25
   .72793000E-25
   .89558000E-25
   .83197000E-25
   .88535000E-25
   .92814000E-25
   .89124000E-25
   .76650000E-25
   .76757000E-25
   .10686000E-24
   .10135000E-24
   .95124000E-25
   .86842000E-25
   .88961000E-25
   .96532000E-25
   .10441000E-24
   .97729000E-25
   .93962000E-25
   .84210000E-25
   .94410000E-25
   .11922000E-24
   .10314000E-24
   .10663000E-24
   .12068000E-24
   .11370000E-24
   .11237000E-24
   .12349000E-24
   .13915000E-24
   .12541000E-24
   .10289000E-24
   .11343000E-24
   .12424000E-24
   .12454000E-24
   .10874000E-24
   .10528000E-24
   .89820000E-25
   .84033000E-25
   .93312000E-25
   .92439000E-25
   .81425000E-25
   .98828000E-25
   .11057000E-24
   .11623000E-24
   .10575000E-24
   .10339000E-24
   .11878000E-24
   .10757000E-24
   .10882000E-24
   .12719000E-24
   .10816000E-24
   .11895000E-24
   .11925000E-24
   .11934000E-24
   .14347000E-24
   .15784000E-24
   .15689000E-24
   .14462000E-24
   .16341000E-24
   .17091000E-24
   .17056000E-24
   .18123000E-24
   .18697000E-24
   .20245000E-24
   .21401000E-24
   .22539000E-24
   .23474000E-24
   .24082000E-24
   .26453000E-24
   .28125000E-24
   .28705000E-24
   .29967000E-24
   .30274000E-24
   .33805000E-24
   .34721000E-24
   .34789000E-24
   .35027000E-24
   .37132000E-24
   .37232000E-24
   .35387000E-24
   .37722000E-24
   .40352000E-24
   .40954000E-24
   .41209000E-24
   .42477000E-24
   .44572000E-24
   .44426000E-24
   .46522000E-24
   .46091000E-24
   .44132000E-24
   .44458000E-24
   .44590000E-24
   .45271000E-24
   .44269000E-24
   .45166000E-24
   .43817000E-24
   .42627000E-24
   .42657000E-24
   .41397000E-24
   .42914000E-24
   .42878000E-24
   .41873000E-24
   .42005000E-24
   .40601000E-24
   .38295000E-24
   .37619000E-24
   .36270000E-24
   .35401000E-24
   .34174000E-24
   .33582000E-24
   .33228000E-24
   .32636000E-24
   .31418000E-24
   .31429000E-24
   .28474000E-24
   .28225000E-24
   .28266000E-24
   .27613000E-24
   .27441000E-24
   .27450000E-24
   .27231000E-24
   .25988000E-24
   .25477000E-24
   .24490000E-24
   .22825000E-24
   .22941000E-24
   .23267000E-24
   .23855000E-24
   .24068000E-24
   .23779000E-24
   .22224000E-24
   .21910000E-24
   .21820000E-24
   .20136000E-24
   .19767000E-24
   .21774000E-24
   .21992000E-24
   .22333000E-24
   .20952000E-24
   .20572000E-24
   .18922000E-24
   .17326000E-24
   .16957000E-24
   .17445000E-24
   .17921000E-24
   .17730000E-24
   .17836000E-24
   .16676000E-24
   .17202000E-24
   .18485000E-24
   .18171000E-24
   .16402000E-24
   .16519000E-24
   .16805000E-24
   .15443000E-24
   .15506000E-24
   .14938000E-24
   .15582000E-24
   .15701000E-24
   .15472000E-24
   .14644000E-24
   .15631000E-24
   .15740000E-24
   .16686000E-24
   .16053000E-24
   .15879000E-24
   .16464000E-24
   .16643000E-24
   .16414000E-24
   .17217000E-24
   .15653000E-24
   .15888000E-24
   .16223000E-24
   .17457000E-24
   .18234000E-24
   .17678000E-24
   .19604000E-24
   .19284000E-24
   .19672000E-24
   .19480000E-24
   .19771000E-24
   .18720000E-24
   .20566000E-24
   .21226000E-24
   .21289000E-24
   .22221000E-24
   .22133000E-24
   .23190000E-24
   .23555000E-24
   .23703000E-24
   .22898000E-24
   .23407000E-24
   .22671000E-24
   .23377000E-24
   .22817000E-24
   .22709000E-24
   .22403000E-24
   .23094000E-24
   .24025000E-24
   .24498000E-24
   .23388000E-24
   .23279000E-24
   .22217000E-24
   .23603000E-24
   .21428000E-24
   .20882000E-24
   .20543000E-24
   .20102000E-24
   .19958000E-24
   .18615000E-24
   .17460000E-24
   .16305000E-24
   .16731000E-24
   .15072000E-24
   .15112000E-24
   .15027000E-24
   .15532000E-24
   .13981000E-24
   .13776000E-24
   .13117000E-24
   .12887000E-24
   .13306000E-24
   .11590000E-24
   .11685000E-24
   .11908000E-24
   .11638000E-24
   .11839000E-24
   .11442000E-24
   .10530000E-24
   .95341000E-25
   .95309000E-25
   .98338000E-25
   .99631000E-25
   .83482000E-25
   .89569000E-25
   .91207000E-25
   .83879000E-25
   .10041000E-24
   .10417000E-24
   .10552000E-24
   .10248000E-24
   .89875000E-25
   .96159000E-25
   .93240000E-25
   .10900000E-24
   .10456000E-24
   .10363000E-24
   .10594000E-24
   .10320000E-24
   .10170000E-24
   .97094000E-25
   .10201000E-24
   .10341000E-24
   .10442000E-24
   .10986000E-24
   .10033000E-24
   .96602000E-25
   .10526000E-24
   .11368000E-24
   .12717000E-24
   .11233000E-24
   .11796000E-24
   .11773000E-24
   .11935000E-24
   .11714000E-24
   .11625000E-24
   .12330000E-24
   .11679000E-24
   .11767000E-24
   .11595000E-24
   .11296000E-24
   .11979000E-24
   .11752000E-24
   .12287000E-24
   .14205000E-24
   .14074000E-24
   .13165000E-24
   .13972000E-24
   .14714000E-24
   .14942000E-24
   .15784000E-24
   .15227000E-24
   .15263000E-24
   .16656000E-24
   .17516000E-24
   .18533000E-24
   .18865000E-24
   .18602000E-24
   .20114000E-24
   .21399000E-24
   .22615000E-24
   .21286000E-24
   .21795000E-24
   .23630000E-24
   .24857000E-24
   .23653000E-24
   .24950000E-24
   .26046000E-24
   .26586000E-24
   .25250000E-24
   .25264000E-24
   .23922000E-24
   .24361000E-24
   .25114000E-24
   .26993000E-24
   .26651000E-24
   .26717000E-24
   .28761000E-24
   .30130000E-24
   .30206000E-24
   .27905000E-24
   .28967000E-24
   .29050000E-24
   .29540000E-24
   .28998000E-24
   .30393000E-24
   .30572000E-24
   .30375000E-24
   .31064000E-24
   .32296000E-24
   .32774000E-24
   .33731000E-24
   .31523000E-24
   .29881000E-24
   .31062000E-24
   .33083000E-24
   .32587000E-24
   .31259000E-24
   .31528000E-24
   .30145000E-24
   .29310000E-24
   .30589000E-24
   .31670000E-24
   .32285000E-24
   .31287000E-24
   .31590000E-24
   .31721000E-24
   .33930000E-24
   .33805000E-24
   .31677000E-24
   .33830000E-24
   .36037000E-24
   .36583000E-24
   .37024000E-24
   .39386000E-24
   .39260000E-24
   .38908000E-24
   .39264000E-24
   .41316000E-24
   .44110000E-24
   .46026000E-24
   .46846000E-24
   .48558000E-24
   .50730000E-24
   .50383000E-24
   .50993000E-24
   .52007000E-24
   .54339000E-24
   .53664000E-24
   .52331000E-24
   .52448000E-24
   .52943000E-24
   .54761000E-24
   .55622000E-24
   .55666000E-24
   .57542000E-24
   .57780000E-24
   .55919000E-24
   .58277000E-24
   .56412000E-24
   .55726000E-24
   .54037000E-24
   .53191000E-24
   .52849000E-24
   .52983000E-24
   .53254000E-24
   .51386000E-24
   .51729000E-24
   .51384000E-24
   .48623000E-24
   .49026000E-24
   .50645000E-24
   .50507000E-24
   .48204000E-24
   .47972000E-24
   .50137000E-24
   .49353000E-24
   .49665000E-24
   .48342000E-24
   .47701000E-24
   .48479000E-24
   .48103000E-24
   .45987000E-24
   .46823000E-24
   .48196000E-24
   .46040000E-24
   .44628000E-24
   .44548000E-24
   .44695000E-24
   .45741000E-24
   .45880000E-24
   .44874000E-24
   .44727000E-24
   .44275000E-24
   .43309000E-24
   .41804000E-24
   .40449000E-24
   .40805000E-24
   .39465000E-24
   .39241000E-24
   .38528000E-24
   .37827000E-24
   .36636000E-24
   .36557000E-24
   .35486000E-24
   .35518000E-24
   .36462000E-24
   .37179000E-24
   .35842000E-24
   .36134000E-24
   .36435000E-24
   .38732000E-24
   .37945000E-24
   .38658000E-24
   .39923000E-24
   .39854000E-24
   .40882000E-24
   .41744000E-24
   .44584000E-24
   .45416000E-24
   .45735000E-24
   .47528000E-24
   .47533000E-24
   .48344000E-24
   .49852000E-24
   .50588000E-24
   .51308000E-24
   .52198000E-24
   .51247000E-24
   .51385000E-24
   .51080000E-24
   .50849000E-24
   .49733000E-24
   .49029000E-24
   .49589000E-24
   .47226000E-24
   .46548000E-24
   .46097000E-24
   .45866000E-24
   .44150000E-24
   .42778000E-24
   .41681000E-24
   .39481000E-24
   .38577000E-24
   .37374000E-24
   .35880000E-24
   .34856000E-24
   .32663000E-24
   .32957000E-24
   .29798000E-24
   .29013000E-24
   .29331000E-24
   .29180000E-24
   .27693000E-24
   .27149000E-24
   .25105000E-24
   .24618000E-24
   .24400000E-24
   .23477000E-24
   .23020000E-24
   .21257000E-24
   .19969000E-24
   .20319000E-24
   .20636000E-24
   .16976000E-24
   .16251000E-24
   .16772000E-24
   .16594000E-24
   .16126000E-24
   .15580000E-24
   .14782000E-24
   .16738000E-24
   .17010000E-24
   .16091000E-24
   .15379000E-24
   .14607000E-24
   .13075000E-24
   .13277000E-24
   .12261000E-24
   .13039000E-24
   .11622000E-24
   .11564000E-24
   .11062000E-24
   .11531000E-24
   .13429000E-24
   .12588000E-24
   .11716000E-24
   .11004000E-24
   .12390000E-24
   .12424000E-24
   .13592000E-24
   .12934000E-24
   .12473000E-24
   .12928000E-24
   .12513000E-24
   .14416000E-24
   .12894000E-24
   .14249000E-24
   .13584000E-24
   .13506000E-24
   .15589000E-24
   .14774000E-24
   .16567000E-24
   .17989000E-24
   .18951000E-24
   .18662000E-24
   .20267000E-24
   .20856000E-24
   .21324000E-24
   .23186000E-24
   .23951000E-24
   .25111000E-24
   .24458000E-24
   .26625000E-24
   .27504000E-24
   .26126000E-24
   .26470000E-24
   .28318000E-24
   .29583000E-24
   .29060000E-24
   .29844000E-24
   .29756000E-24
   .29800000E-24
   .30144000E-24
   .32282000E-24
   .31442000E-24
   .29360000E-24
   .28637000E-24
   .28170000E-24
   .28540000E-24
   .28937000E-24
   .28982000E-24
   .29686000E-24
   .28184000E-24
   .27482000E-24
   .27847000E-24
   .28165000E-24
   .28872000E-24
   .29941000E-24
   .30039000E-24
   .30062000E-24
   .31416000E-24
   .31379000E-24
   .30067000E-24
   .30862000E-24
   .30987000E-24
   .32661000E-24
   .32543000E-24
   .34710000E-24
   .35672000E-24
   .34966000E-24
   .36251000E-24
   .36849000E-24
   .38124000E-24
   .38627000E-24
   .37225000E-24
   .39479000E-24
   .38763000E-24
   .37580000E-24
   .38380000E-24
   .39278000E-24
   .39614000E-24
   .40980000E-24
   .38003000E-24
   .37207000E-24
   .36975000E-24
   .35569000E-24
   .35549000E-24
   .35381000E-24
   .34719000E-24
   .33280000E-24
   .33354000E-24
   .33313000E-24
   .31695000E-24
   .32388000E-24
   .32639000E-24
   .32171000E-24
   .31702000E-24
   .30635000E-24
   .33015000E-24
   .35413000E-24
   .35188000E-24
   .35948000E-24
   .36839000E-24
   .38277000E-24
   .38577000E-24
   .40394000E-24
   .43014000E-24
   .44612000E-24
   .45472000E-24
   .46615000E-24
   .49173000E-24
   .51222000E-24
   .53118000E-24
   .54089000E-24
   .54913000E-24
   .56323000E-24
   .56666000E-24
   .58271000E-24
   .59248000E-24
   .59784000E-24
   .58654000E-24
   .59514000E-24
   .59861000E-24
   .58838000E-24
   .59309000E-24
   .57328000E-24
   .57213000E-24
   .56997000E-24
   .55575000E-24
   .53935000E-24
   .52151000E-24
   .49116000E-24
   .49034000E-24
   .46415000E-24
   .44323000E-24
   .42201000E-24
   .40208000E-24
   .38312000E-24
   .37191000E-24
   .35506000E-24
   .32471000E-24
   .30169000E-24
   .28427000E-24
   .27446000E-24
   .27979000E-24
   .26722000E-24
   .25819000E-24
   .24327000E-24
   .23195000E-24
   .23508000E-24
   .22175000E-24
   .21103000E-24
   .21141000E-24
   .22528000E-24
   .21280000E-24
   .22395000E-24
   .22341000E-24
   .23669000E-24
   .23291000E-24
   .24024000E-24
   .23818000E-24
   .24588000E-24
   .25126000E-24
   .26059000E-24
   .26345000E-24
   .26090000E-24
   .26515000E-24
   .27163000E-24
   .28419000E-24
   .29485000E-24
   .28880000E-24
   .29270000E-24
   .29280000E-24
   .30280000E-24
   .32694000E-24
   .31878000E-24
   .31948000E-24
   .32594000E-24
   .32335000E-24
   .32568000E-24
   .32791000E-24
   .33835000E-24
   .32410000E-24
   .33631000E-24
   .32967000E-24
   .32988000E-24
   .32948000E-24
   .30575000E-24
   .29466000E-24
   .31054000E-24
   .31377000E-24
   .30249000E-24
   .29146000E-24
   .28707000E-24
   .27349000E-24
   .27523000E-24
   .27431000E-24
   .26290000E-24
   .24577000E-24
   .25195000E-24
   .24666000E-24
   .23081000E-24
   .20526000E-24
   .18008000E-24
   .19294000E-24
   .18628000E-24
   .17605000E-24
   .16530000E-24
   .15615000E-24
   .15121000E-24
   .15885000E-24
   .15465000E-24
   .14569000E-24
   .13739000E-24
   .11716000E-24
   .13834000E-24
   .13705000E-24
   .12485000E-24
   .12792000E-24
   .13474000E-24
   .13600000E-24
   .13903000E-24
   .13502000E-24
   .14200000E-24
   .14595000E-24
   .12654000E-24
   .12891000E-24
   .14288000E-24
   .15676000E-24
   .15445000E-24
   .15478000E-24
   .14731000E-24
   .16704000E-24
   .15486000E-24
   .16589000E-24
   .16816000E-24
   .17885000E-24
   .18091000E-24
   .19301000E-24
   .20585000E-24
   .18731000E-24
   .18648000E-24
   .18470000E-24
   .20460000E-24
   .19210000E-24
   .19402000E-24
   .18657000E-24
   .18355000E-24
   .19473000E-24
   .18196000E-24
   .18233000E-24
   .17673000E-24
   .16871000E-24
   .17119000E-24
   .16260000E-24
   .14992000E-24
   .14980000E-24
   .13778000E-24
   .13075000E-24
   .11557000E-24
   .11793000E-24
   .10648000E-24
   .10338000E-24
   .90911000E-25
   .10759000E-24
   .10460000E-24
   .10600000E-24
   .90706000E-25
   .86420000E-25
   .77146000E-25
   .79831000E-25
   .66707000E-25
   .52106000E-25
   .61052000E-25
   .47097000E-25
   .41419000E-25
   .68143000E-25
   .63995000E-25
   .70174000E-25
   .57533000E-25
   .42634000E-25
   .43692000E-25
   .50880000E-25
   .50334000E-25
   .48570000E-25
   .53789000E-25
   .44346000E-25
   .47242000E-25
   .41591000E-25
   .44986000E-25
   .35768000E-25
   .31470000E-25
   .35234000E-25
   .56094000E-25
   .69859000E-25
   .62935000E-25
   .51270000E-25
   .39791000E-25
   .33218000E-25
   .43320000E-25
   .45737000E-25
   .45431000E-25
   .52739000E-25
   .61439000E-25
   .43255000E-25
   .47979000E-25
   .42789000E-25
   .41141000E-25
   .45409000E-25
   .43650000E-25
   .43708000E-25
   .50006000E-25
   .48886000E-25
   .51422000E-25
   .46867000E-25
   .45654000E-25
   .46922000E-25
   .58720000E-25
   .47455000E-25
   .55865000E-25
   .54242000E-25
   .69948000E-25
   .85441000E-25
   .74962000E-25
   .68365000E-25
   .64928000E-25
   .57901000E-25
   .61537000E-25
   .79027000E-25
   .71881000E-25
   .76616000E-25
   .70079000E-25
   .67732000E-25
   .73473000E-25
   .76122000E-25
   .68688000E-25
   .67945000E-25
   .70162000E-25
   .77675000E-25
   .63602000E-25
   .61147000E-25
   .65500000E-25
   .80099000E-25
   .74103000E-25
   .68397000E-25
   .70329000E-25
   .70746000E-25
   .78803000E-25
   .89169000E-25
   .85469000E-25
   .70733000E-25
   .68070000E-25
   .68944000E-25
   .69037000E-25
   .70842000E-25
   .66973000E-25
   .76105000E-25
   .79857000E-25
   .61978000E-25
   .66770000E-25
   .74624000E-25
   .85219000E-25
   .74772000E-25
   .70075000E-25
   .69995000E-25
   .75203000E-25
   .74236000E-25
   .74794000E-25
   .75704000E-25
   .72476000E-25
   .71157000E-25
   .68442000E-25
   .81257000E-25
   .82143000E-25
   .99278000E-25
   .81585000E-25
   .79591000E-25
   .76716000E-25
   .69475000E-25
   .68772000E-25
   .82143000E-25
   .75602000E-25
   .91785000E-25
   .77948000E-25
   .80647000E-25
   .78929000E-25
   .84813000E-25
   .89538000E-25
   .10069000E-24
   .10921000E-24
   .10332000E-24
   .10450000E-24
   .10052000E-24
   .10782000E-24
   .10699000E-24
   .10137000E-24
   .85363000E-25
   .10903000E-24
   .11253000E-24
   .11241000E-24
   .11700000E-24
   .12590000E-24
   .13346000E-24
   .13057000E-24
   .14549000E-24
   .14427000E-24
   .14061000E-24
   .16107000E-24
   .16153000E-24
   .14690000E-24
   .15451000E-24
   .15944000E-24
   .16472000E-24
   .17111000E-24
   .15534000E-24
   .14474000E-24
   .15238000E-24
   .14869000E-24
   .14379000E-24
   .13607000E-24
   .15244000E-24
   .15999000E-24
   .14988000E-24
   .14528000E-24
   .15451000E-24
   .14003000E-24
   .14840000E-24
   .13370000E-24
   .12923000E-24
   .12008000E-24
   .11361000E-24
   .12550000E-24
   .14078000E-24
   .13666000E-24
   .14297000E-24
   .14635000E-24
   .14819000E-24
   .13075000E-24
   .12321000E-24
   .13046000E-24
   .12702000E-24
   .13446000E-24
   .13907000E-24
   .13400000E-24
   .13202000E-24
   .13381000E-24
   .15163000E-24
   .15437000E-24
   .13590000E-24
   .14984000E-24
   .16584000E-24
   .16687000E-24
   .16496000E-24
   .15393000E-24
   .16019000E-24
   .15795000E-24
   .14973000E-24
   .16239000E-24
   .16624000E-24
   .15577000E-24
   .13951000E-24
   .14223000E-24
   .15252000E-24
   .16763000E-24
   .15645000E-24
   .15487000E-24
   .15513000E-24
   .16301000E-24
   .14257000E-24
   .15959000E-24
   .16419000E-24
   .15662000E-24
   .15104000E-24
   .15641000E-24
   .16133000E-24
   .16126000E-24
   .15266000E-24
   .15993000E-24
   .17891000E-24
   .19251000E-24
   .18342000E-24
   .17945000E-24
   .19041000E-24
   .18502000E-24
   .20431000E-24
   .20731000E-24
   .20382000E-24
   .20064000E-24
   .20554000E-24
   .21432000E-24
   .20105000E-24
   .20833000E-24
   .21779000E-24
   .20395000E-24
   .19325000E-24
   .20388000E-24
   .20833000E-24
   .20674000E-24
   .20800000E-24
   .19442000E-24
   .18176000E-24
   .17667000E-24
   .19008000E-24
   .19384000E-24
   .19925000E-24
   .19993000E-24
   .19513000E-24
   .17917000E-24
   .15917000E-24
   .16252000E-24
   .14080000E-24
   .15727000E-24
   .15297000E-24
   .14324000E-24
   .12679000E-24
   .12116000E-24
   .10444000E-24
   .99498000E-25
   .99609000E-25
   .94984000E-25
   .86589000E-25
   .84201000E-25
   .80913000E-25
   .80716000E-25
   .76163000E-25
   .72407000E-25
   .64711000E-25
   .84130000E-25
   .76582000E-25
   .79398000E-25
   .59276000E-25
   .60492000E-25
   .50200000E-25
   .53127000E-25
   .43502000E-25
   .37067000E-25
   .40238000E-25
   .47402000E-25
   .44889000E-25
   .45560000E-25
   .40011000E-25
   .40224000E-25
   .38045000E-25
   .37142000E-25
   .35023000E-25
   .33129000E-25
   .39115000E-25
   .45768000E-25
   .47492000E-25
   .39024000E-25
   .44768000E-25
   .36014000E-25
   .30505000E-25
   .38309000E-25
   .28524000E-25
   .20625000E-25
   .31594000E-25
   .37762000E-25
   .33904000E-25
   .25603000E-25
   .17705000E-25
   .16124000E-25
   .22477000E-25
   .19981000E-25
   .19756000E-25
   .55287000E-26
   .67667000E-26
   .17584000E-25
   .26104000E-25
   .28039000E-25
   .28988000E-25
   .24164000E-25
   .39888000E-25
   .40782000E-25
   .27501000E-25
   .25732000E-25
   .12724000E-25
   .18858000E-25
   .22407000E-25
   .29120000E-25
   .32321000E-25
   .25394000E-25
   .21030000E-25
   .27613000E-25
   .11463000E-25
   .21990000E-25
   .26605000E-25
   .25971000E-25
   .23454000E-25
   .34584000E-25
   .29984000E-25
   .27428000E-25
   .32897000E-25
   .36066000E-25
   .24266000E-25
   .13867000E-25
   .62540000E-26
   .21554000E-25
   .31275000E-25
   .34748000E-25
   .40966000E-25
   .36012000E-25
   .28118000E-25
   .36234000E-25
   .31914000E-25
   .29246000E-25
   .19055000E-25
   .19860000E-25
   .29061000E-25
   .26037000E-25
   .24649000E-25
   .17226000E-25
   .20030000E-25
   .13895000E-25
   .28837000E-25
   .41424000E-25
   .29935000E-25
   .25739000E-25
   .13852000E-25
   .10433000E-25
   .12584000E-25
   .24491000E-25
   .29804000E-25
   .30107000E-25
   .21817000E-25
   .35675000E-25
   .26646000E-25
   .24748000E-25
   .23000000E-25
   .27135000E-25
   .27606000E-25
   .13231000E-25
   .13236000E-25
   .17975000E-25
   .13055000E-25
   .14953000E-25
   .18335000E-25
   .19706000E-25
   .22152000E-25
   .24566000E-25
   .19878000E-25
   .29854000E-25
   .33434000E-25
   .29485000E-25
   .19954000E-25
   .24979000E-25
   .27102000E-25
   .41000000E-25
   .34611000E-25
   .29743000E-25
   .20946000E-25
   .31085000E-25
   .28861000E-25
   .41022000E-25
   .24478000E-25
   .31050000E-25
   .16128000E-25
   .15086000E-25
   .25690000E-25
   .29767000E-25
   .34940000E-25
   .27777000E-25
   .21055000E-25
   .21726000E-25
   .19770000E-25
   .21841000E-25
   .28697000E-25
   .20156000E-25
   .29003000E-25
   .29718000E-25
   .19796000E-25
   .23392000E-25
   .16606000E-25
   .10495000E-25
   .25202000E-25
   .39009000E-25
   .42586000E-25
   .24910000E-25
   .39080000E-25
   .40467000E-25
   .37995000E-25
   .49915000E-25
   .32855000E-25
   .24666000E-25
   .27543000E-25
   .28940000E-25
   .37319000E-25
   .43376000E-25
   .43454000E-25
   .40661000E-25
   .38638000E-25
   .29813000E-25
   .39888000E-25
   .25978000E-25
   .23122000E-25
   .31811000E-25
   .47592000E-25
   .43499000E-25
   .35321000E-25
   .17427000E-25
   .36224000E-25
   .50327000E-25
   .32347000E-25
   .31467000E-25
   .43067000E-25
   .41941000E-25
   .38230000E-25
   .34873000E-25
   .29719000E-25
   .46957000E-25
   .45403000E-25
   .45769000E-25
   .44917000E-25
   .49227000E-25
   .28272000E-25
   .24676000E-25
   .39610000E-25
   .37673000E-25
   .43913000E-25
   .42205000E-25
   .35980000E-25
   .35435000E-25
   .44089000E-25
   .43109000E-25
   .47657000E-25
   .38202000E-25
   .41357000E-25
   .44899000E-25
   .39433000E-25
   .40781000E-25
   .38156000E-25
   .36719000E-25
   .36096000E-25
   .46523000E-25
   .53961000E-25
   .40047000E-25
   .23655000E-25
   .50200000E-25
   .51893000E-25
   .35137000E-25
   .39202000E-25
   .34891000E-25
   .36923000E-25
   .44494000E-25
   .46758000E-25
   .48707000E-25
   .27932000E-25
   .43233000E-25
   .55693000E-25
   .33898000E-25
   .39205000E-25
   .38101000E-25
   .35287000E-25
   .33614000E-25
   .54037000E-25
   .42190000E-25
   .38678000E-25
   .30176000E-25
   .34891000E-25
   .34818000E-25
   .45505000E-25
   .39272000E-25
   .21151000E-25
   .36218000E-25
   .25242000E-25
   .32330000E-25
   .36278000E-25
   .35766000E-25
   .40180000E-25
   .38481000E-25
   .30292000E-25
   .37038000E-25
   .34125000E-25
   .42931000E-25
   .42271000E-25
   .40912000E-25
   .38274000E-25
   .19094000E-25
   .40943000E-25
   .38467000E-25
   .51082000E-25
   .38553000E-25
   .34026000E-25
   .27614000E-25
   .29389000E-25
   .45983000E-25
   .37438000E-25
   .32766000E-25
   .50493000E-25
   .52054000E-25
   .39341000E-25
   .33423000E-25
   .26236000E-25
   .25152000E-25
   .34872000E-25
   .42871000E-25
   .34711000E-25
   .40305000E-25
   .40264000E-25
   .42596000E-25
   .47500000E-25
   .37014000E-25
   .39607000E-25
   .39750000E-25
   .47815000E-25
   .32423000E-25
   .37582000E-25
   .40504000E-25
   .57925000E-25
   .64290000E-25
   .47591000E-25
   .46345000E-25
   .36988000E-25
   .28529000E-25
   .46284000E-25
   .36177000E-25
   .41963000E-25
   .35584000E-25
   .30768000E-25
   .46177000E-25
   .39169000E-25
   .40477000E-25
   .27745000E-25
   .30972000E-25
   .42139000E-25
   .41672000E-25
   .44132000E-25
   .51910000E-25
   .51250000E-25
   .42171000E-25
   .48272000E-25
   .48253000E-25
   .54482000E-25
   .41585000E-25
   .46649000E-25
   .48237000E-25
   .40625000E-25
   .51164000E-25
   .37187000E-25
   .32555000E-25
   .35385000E-25
   .32014000E-25
   .33832000E-25
   .52281000E-25
   .46851000E-25
   .60544000E-25
   .55058000E-25
   .47990000E-25
   .61782000E-25
   .55220000E-25
   .58402000E-25
   .58536000E-25
   .56761000E-25
   .66009000E-25
   .54978000E-25
   .59036000E-25
   .58725000E-25
   .60432000E-25
   .77339000E-25
   .65125000E-25
   .63131000E-25
   .51120000E-25
   .59173000E-25
   .67742000E-25
   .67066000E-25
   .79086000E-25
   .59320000E-25
   .73990000E-25
   .61041000E-25
   .65498000E-25
   .82121000E-25
   .76659000E-25
   .71259000E-25
   .64589000E-25
   .65374000E-25
   .74228000E-25
   .71961000E-25
   .83105000E-25
   .86939000E-25
   .87120000E-25
   .81893000E-25
   .73489000E-25
   .67267000E-25
   .64248000E-25
   .80206000E-25
   .85761000E-25
   .86417000E-25
   .90118000E-25
   .92409000E-25
   .80514000E-25
   .94392000E-25
   .10777000E-24
   .99959000E-25
   .96946000E-25
   .88414000E-25
   .10089000E-24
   .10473000E-24
   .10051000E-24
   .97424000E-25
   .96643000E-25
   .10427000E-24
   .10677000E-24
   .11405000E-24
   .11080000E-24
   .96753000E-25
   .94629000E-25
   .10548000E-24
   .12244000E-24
   .12057000E-24
   .10792000E-24
   .11777000E-24
   .12247000E-24
   .11894000E-24
   .12215000E-24
   .11691000E-24
   .10501000E-24
   .98151000E-25
   .13121000E-24
   .14694000E-24
   .13569000E-24
   .12061000E-24
   .12419000E-24
   .12160000E-24
   .14084000E-24
   .13274000E-24
   .13069000E-24
   .12211000E-24
   .11539000E-24
   .13250000E-24
   .12779000E-24
   .12502000E-24
   .12666000E-24
   .14004000E-24
   .13277000E-24
   .13284000E-24
   .12477000E-24
   .12751000E-24
   .12567000E-24
   .12401000E-24
   .14395000E-24
   .13303000E-24
   .14520000E-24
   .14696000E-24
   .14643000E-24
   .14518000E-24
   .14849000E-24
   .13981000E-24
   .14303000E-24
   .15372000E-24
   .14762000E-24
   .14914000E-24
   .13847000E-24
   .14199000E-24
   .14973000E-24
   .14714000E-24
   .15843000E-24
   .14512000E-24
   .14001000E-24
   .15878000E-24
   .16207000E-24
   .16376000E-24
   .16435000E-24
   .16502000E-24
   .16782000E-24
   .17870000E-24
   .16432000E-24
   .15076000E-24
   .16252000E-24
   .17852000E-24
   .16187000E-24
   .16943000E-24
   .17958000E-24
   .20148000E-24
   .18535000E-24
   .19182000E-24
   .19839000E-24
   .19851000E-24
   .19322000E-24
   .19851000E-24
   .19669000E-24
   .20085000E-24
   .21243000E-24
   .21997000E-24
   .21256000E-24
   .22065000E-24
   .22736000E-24
   .21891000E-24
   .22267000E-24
   .22609000E-24
   .23232000E-24
   .22920000E-24
   .23471000E-24
   .22776000E-24
   .23386000E-24
   .23876000E-24
   .25407000E-24
   .25808000E-24
   .26233000E-24
   .25756000E-24
   .25624000E-24
   .26111000E-24
   .28829000E-24
   .27617000E-24
   .27312000E-24
   .27929000E-24
   .30095000E-24
   .28710000E-24
   .29787000E-24
   .30331000E-24
   .30645000E-24
   .30195000E-24
   .31771000E-24
   .30289000E-24
   .30409000E-24
   .29889000E-24
   .30925000E-24
   .32725000E-24
   .31354000E-24
   .31509000E-24
   .31949000E-24
   .31963000E-24
   .31435000E-24
   .31155000E-24
   .32297000E-24
   .33334000E-24
   .33275000E-24
   .32978000E-24
   .30959000E-24
   .32105000E-24
   .31134000E-24
   .31481000E-24
   .32394000E-24
   .31070000E-24
   .29832000E-24
   .30224000E-24
   .31261000E-24
   .31508000E-24
   .30968000E-24
   .29766000E-24
   .28685000E-24
   .28771000E-24
   .29572000E-24
   .28662000E-24
   .27687000E-24
   .28448000E-24
   .28879000E-24
   .28023000E-24
   .27267000E-24
   .25003000E-24
   .26445000E-24
   .26753000E-24
   .26108000E-24
   .25575000E-24
   .24790000E-24
   .24512000E-24
   .23945000E-24
   .22449000E-24
   .23994000E-24
   .24316000E-24
   .22588000E-24
   .22236000E-24
   .20426000E-24
   .20073000E-24
   .20447000E-24
   .20802000E-24
   .20385000E-24
   .20142000E-24
   .19802000E-24
   .20833000E-24
   .18771000E-24
   .20007000E-24
   .18108000E-24
   .19218000E-24
   .19636000E-24
   .18719000E-24
   .17863000E-24
   .18356000E-24
   .19134000E-24
   .19022000E-24
   .19222000E-24
   .19898000E-24
   .18385000E-24
   .17475000E-24
   .16289000E-24
   .16822000E-24
   .17135000E-24
   .16473000E-24
   .15971000E-24
   .15557000E-24
   .16505000E-24
   .17725000E-24
   .17774000E-24
   .15487000E-24
   .14449000E-24
   .15829000E-24
   .16399000E-24
   .15067000E-24
   .15276000E-24
   .15244000E-24
   .14692000E-24
   .17575000E-24
   .16222000E-24
   .14307000E-24
   .15820000E-24
   .14857000E-24
   .16101000E-24
   .15942000E-24
   .15641000E-24
   .16220000E-24
   .17510000E-24
   .16115000E-24
   .15217000E-24
   .15164000E-24
   .15058000E-24
   .15676000E-24
   .15085000E-24
   .15513000E-24
   .15620000E-24
   .15526000E-24
   .15841000E-24
   .16030000E-24
   .14725000E-24
   .14986000E-24
   .14378000E-24
   .15700000E-24
   .15729000E-24
   .15252000E-24
   .15487000E-24
   .15658000E-24
   .15716000E-24
   .16927000E-24
   .16820000E-24
   .15183000E-24
   .15472000E-24
   .16124000E-24
   .15813000E-24
   .16379000E-24
   .16113000E-24
   .14369000E-24
   .15366000E-24
   .15882000E-24
   .15297000E-24
   .16264000E-24
   .16522000E-24
   .16952000E-24
   .16486000E-24
   .16567000E-24
   .18219000E-24
   .17475000E-24
   .15785000E-24
   .16014000E-24
   .16424000E-24
   .16381000E-24
   .17316000E-24
   .17746000E-24
   .17617000E-24
   .16346000E-24
   .17141000E-24
   .18551000E-24
   .18670000E-24
   .17450000E-24
   .19619000E-24
   .18679000E-24
   .20072000E-24
   .19795000E-24
   .18172000E-24
   .17158000E-24
   .17641000E-24
   .18918000E-24
   .19265000E-24
   .19729000E-24
   .19631000E-24
   .19837000E-24
   .19618000E-24
   .19400000E-24
   .19819000E-24
   .19249000E-24
   .20924000E-24
   .20200000E-24
   .19261000E-24
   .18641000E-24
   .22312000E-24
   .21916000E-24
   .22640000E-24
   .23375000E-24
   .22767000E-24
   .22874000E-24
   .23622000E-24
   .23519000E-24
   .23763000E-24
   .24113000E-24
   .24147000E-24
   .24173000E-24
   .24701000E-24
   .23401000E-24
   .22418000E-24
   .23670000E-24
   .25652000E-24
   .24137000E-24
   .25263000E-24
   .24459000E-24
   .24157000E-24
   .24855000E-24
   .25777000E-24
   .25299000E-24
   .25301000E-24
   .24612000E-24
   .25424000E-24
   .25528000E-24
   .24869000E-24
   .25322000E-24
   .26610000E-24
   .24944000E-24
   .25414000E-24
   .25720000E-24
   .24254000E-24
   .25391000E-24
   .25722000E-24
   .25416000E-24
   .24935000E-24
   .26434000E-24
   .26355000E-24
   .25355000E-24
   .25315000E-24
   .23964000E-24
   .23936000E-24
   .24111000E-24
   .24049000E-24
   .25505000E-24
   .24991000E-24
   .24950000E-24
   .22669000E-24
   .24769000E-24
   .25607000E-24
   .25377000E-24
   .24306000E-24
   .23598000E-24
   .24318000E-24
   .25309000E-24
   .24074000E-24
   .22382000E-24
   .23747000E-24
   .24180000E-24
   .23224000E-24
   .21506000E-24
   .22229000E-24
   .23761000E-24
   .24611000E-24
   .22938000E-24
   .22558000E-24
   .21064000E-24
   .21232000E-24
   .21974000E-24
   .23216000E-24
   .24296000E-24
   .25091000E-24
   .23550000E-24
   .22152000E-24
   .20908000E-24
   .21648000E-24
   .22811000E-24
   .21848000E-24
   .22955000E-24
   .22536000E-24
   .22698000E-24
   .23323000E-24
   .23564000E-24
   .23558000E-24
   .22815000E-24
   .23174000E-24
   .22428000E-24
   .22401000E-24
   .23519000E-24
   .23975000E-24
   .23565000E-24
   .23758000E-24
   .24901000E-24
   .24521000E-24
   .23893000E-24
   .24581000E-24
   .24178000E-24
   .25297000E-24
   .25179000E-24
   .26319000E-24
   .26561000E-24
   .26377000E-24
   .28136000E-24
   .27465000E-24
   .27360000E-24
   .27414000E-24
   .27435000E-24
   .28400000E-24
   .29464000E-24
   .32087000E-24
   .30009000E-24
   .30683000E-24
   .29668000E-24
   .30474000E-24
   .30650000E-24
   .31606000E-24
   .31469000E-24
   .32796000E-24
   .31526000E-24
   .31538000E-24
   .30540000E-24
   .30919000E-24
   .30575000E-24
   .32243000E-24
   .31508000E-24
   .31067000E-24
   .30269000E-24
   .30073000E-24
   .31718000E-24
   .32040000E-24
   .31351000E-24
   .30754000E-24
   .30085000E-24
   .31539000E-24
   .29623000E-24
   .29273000E-24
   .29909000E-24
   .29879000E-24
   .29077000E-24
   .28161000E-24
   .29878000E-24
   .30470000E-24
   .30262000E-24
   .29638000E-24
   .27645000E-24
   .28225000E-24
   .28806000E-24
   .28015000E-24
   .28792000E-24
   .27149000E-24
   .27003000E-24
   .27883000E-24
   .26864000E-24
   .27245000E-24
   .28821000E-24
   .26074000E-24
   .27229000E-24
   .26876000E-24
   .26565000E-24
   .26120000E-24
   .24751000E-24
   .24471000E-24
   .25190000E-24
   .26740000E-24
   .24476000E-24
   .23714000E-24
   .24315000E-24
   .22539000E-24
   .23529000E-24
   .23619000E-24
   .23542000E-24
   .23004000E-24
   .22761000E-24
   .24582000E-24
   .22103000E-24
   .21330000E-24
   .21621000E-24
   .21838000E-24
   .21717000E-24
   .22902000E-24
   .22340000E-24
   .22231000E-24
   .23253000E-24
   .21477000E-24
   .22735000E-24
   .20762000E-24
   .21642000E-24
   .21432000E-24
   .21010000E-24
   .18996000E-24
   .17737000E-24
   .19446000E-24
   .18934000E-24
   .18117000E-24
   .19755000E-24
   .20070000E-24
   .21230000E-24
   .20795000E-24
   .20545000E-24
   .19593000E-24
   .19545000E-24
   .19918000E-24
   .19385000E-24
   .20671000E-24
   .19163000E-24
   .19039000E-24
   .20038000E-24
   .20018000E-24
   .20821000E-24
   .19026000E-24
   .19192000E-24
   .20153000E-24
   .20857000E-24
   .19346000E-24
   .18247000E-24
   .19056000E-24
   .19852000E-24
   .20612000E-24
   .21812000E-24
   .18657000E-24
   .17687000E-24
   .18316000E-24
   .17790000E-24
   .19729000E-24
   .21441000E-24
   .20355000E-24
   .21392000E-24
   .19718000E-24
   .21073000E-24
   .21641000E-24
   .21007000E-24
   .20511000E-24
   .21198000E-24
   .20514000E-24
   .21979000E-24
   .21090000E-24
   .21177000E-24
   .22798000E-24
   .22431000E-24
   .21421000E-24
   .21032000E-24
   .21891000E-24
   .19956000E-24
   .18280000E-24
   .18853000E-24
   .20206000E-24
   .21150000E-24
   .21128000E-24
   .21804000E-24
   .21613000E-24
   .20518000E-24
   .19932000E-24
   .19659000E-24
   .19958000E-24
   .21552000E-24
   .23461000E-24
   .22284000E-24
   .20861000E-24
   .20298000E-24
   .20057000E-24
   .21527000E-24
   .22413000E-24
   .22976000E-24
   .22826000E-24
   .20878000E-24
   .21066000E-24
   .21827000E-24
   .21387000E-24
   .21567000E-24
   .22352000E-24
   .22278000E-24
   .21053000E-24
   .22497000E-24
   .22299000E-24
   .22549000E-24
   .23909000E-24
   .24208000E-24
   .24370000E-24
   .25562000E-24
   .25967000E-24
   .26093000E-24
   .25736000E-24
   .26352000E-24
   .27301000E-24
   .28244000E-24
   .27325000E-24
   .28212000E-24
   .29381000E-24
   .29248000E-24
   .29221000E-24
   .29637000E-24
   .30545000E-24
   .31296000E-24
   .30255000E-24
   .31537000E-24
   .31412000E-24
   .31882000E-24
   .32170000E-24
   .32484000E-24
   .33174000E-24
   .33894000E-24
   .34206000E-24
   .31934000E-24
   .33336000E-24
   .33387000E-24
   .33545000E-24
   .33157000E-24
   .33170000E-24
   .33839000E-24
   .36333000E-24
   .36046000E-24
   .37845000E-24
   .36295000E-24
   .36819000E-24
   .37422000E-24
   .36993000E-24
   .37194000E-24
   .37289000E-24
   .39121000E-24
   .39449000E-24
   .40373000E-24
   .40082000E-24
   .37890000E-24
   .38883000E-24
   .40447000E-24
   .39359000E-24
   .40595000E-24
   .42636000E-24
   .42309000E-24
   .41765000E-24
   .41848000E-24
   .42680000E-24
   .43144000E-24
   .44512000E-24
   .43615000E-24
   .42727000E-24
   .44205000E-24
   .45971000E-24
   .46739000E-24
   .46843000E-24
   .46908000E-24
   .45757000E-24
   .45709000E-24
   .45585000E-24
   .46386000E-24
   .45392000E-24
   .45586000E-24
   .45429000E-24
   .45976000E-24
   .47462000E-24
   .47046000E-24
   .45692000E-24
   .46760000E-24
   .46076000E-24
   .46289000E-24
   .46082000E-24
   .45912000E-24
   .47060000E-24
   .45879000E-24
   .45442000E-24
   .46739000E-24
   .46041000E-24
   .47275000E-24
   .45897000E-24
   .45982000E-24
   .45551000E-24
   .46883000E-24
   .47704000E-24
   .45614000E-24
   .44926000E-24
   .45173000E-24
   .45599000E-24
   .45993000E-24
   .45072000E-24
   .47203000E-24
   .46937000E-24
   .47111000E-24
   .46699000E-24
   .47366000E-24
   .48812000E-24
   .48580000E-24
   .48557000E-24
   .49262000E-24
   .51611000E-24
   .50880000E-24
   .50282000E-24
   .51432000E-24
   .52842000E-24
   .52263000E-24
   .51854000E-24
   .53451000E-24
   .54358000E-24
   .52648000E-24
   .52998000E-24
   .51799000E-24
   .52916000E-24
   .52850000E-24
   .53852000E-24
   .54101000E-24
   .54209000E-24
   .52410000E-24
   .52061000E-24
   .52559000E-24
   .53532000E-24
   .52633000E-24
   .52968000E-24
   .52928000E-24
   .53033000E-24
   .53314000E-24
   .52165000E-24
   .51388000E-24
   .51224000E-24
   .50357000E-24
   .49733000E-24
   .51181000E-24
   .49346000E-24
   .49792000E-24
   .48199000E-24
   .49781000E-24
   .49433000E-24
   .48947000E-24
   .47676000E-24
   .47197000E-24
   .47313000E-24
   .47144000E-24
   .46245000E-24
   .46077000E-24
   .47038000E-24
   .46991000E-24
   .45978000E-24
   .45517000E-24
   .46171000E-24
   .45168000E-24
   .46565000E-24
   .46423000E-24
   .45220000E-24
   .44516000E-24
   .43497000E-24
   .44938000E-24
   .45526000E-24
   .45544000E-24
   .45961000E-24
   .45676000E-24
   .45802000E-24
   .44319000E-24
   .44163000E-24
   .45601000E-24
   .44895000E-24
   .45272000E-24
   .44004000E-24
   .44763000E-24
   .45859000E-24
   .46726000E-24
   .46429000E-24
   .45496000E-24
   .46461000E-24
   .46811000E-24
   .46109000E-24
   .46666000E-24
   .46424000E-24
   .44897000E-24
   .45741000E-24
   .46017000E-24
   .47501000E-24
   .46881000E-24
   .46293000E-24
   .44319000E-24
   .44534000E-24
   .46746000E-24
   .47723000E-24
   .46479000E-24
   .44842000E-24
   .45099000E-24
   .45698000E-24
   .45226000E-24
   .44858000E-24
   .45679000E-24
   .44901000E-24
   .43456000E-24
   .43153000E-24
   .44039000E-24
   .44643000E-24
   .45780000E-24
   .44231000E-24
   .44321000E-24
   .45633000E-24
   .44869000E-24
   .44043000E-24
   .43385000E-24
   .44453000E-24
   .44961000E-24
   .44024000E-24
   .45901000E-24
   .45031000E-24
   .44477000E-24
   .44558000E-24
   .45006000E-24
   .45797000E-24
   .47642000E-24
   .45889000E-24
   .46158000E-24
   .45830000E-24
   .47545000E-24
   .47577000E-24
   .48061000E-24
   .47424000E-24
   .49096000E-24
   .48714000E-24
   .50753000E-24
   .51729000E-24
   .52182000E-24
   .52381000E-24
   .51780000E-24
   .52324000E-24
   .53956000E-24
   .53686000E-24
   .53154000E-24
   .53390000E-24
   .55353000E-24
   .57445000E-24
   .58275000E-24
   .59227000E-24
   .59176000E-24
   .59481000E-24
   .59705000E-24
   .61538000E-24
   .62423000E-24
   .62781000E-24
   .63901000E-24
   .63946000E-24
   .65343000E-24
   .67972000E-24
   .67936000E-24
   .68140000E-24
   .70233000E-24
   .71247000E-24
   .71465000E-24
   .73870000E-24
   .75866000E-24
   .76029000E-24
   .77324000E-24
   .77020000E-24
   .79632000E-24
   .80168000E-24
   .79893000E-24
   .81755000E-24
   .82375000E-24
   .83410000E-24
   .82999000E-24
   .83958000E-24
   .84724000E-24
   .86371000E-24
   .88363000E-24
   .89464000E-24
   .88971000E-24
   .90713000E-24
   .92445000E-24
   .92982000E-24
   .92589000E-24
   .95044000E-24
   .95293000E-24
   .95572000E-24
   .98822000E-24
   .99478000E-24
   .99617000E-24
   .10128000E-23
   .10052000E-23
   .10157000E-23
   .10099000E-23
   .10193000E-23
   .10156000E-23
   .10245000E-23
   .10471000E-23
   .10562000E-23
   .10413000E-23
   .10476000E-23
   .10616000E-23
   .10486000E-23
   .10495000E-23
   .10567000E-23
   .10347000E-23
   .10286000E-23
   .10435000E-23
   .10550000E-23
   .10316000E-23
   .10389000E-23
   .10512000E-23
   .10390000E-23
   .10357000E-23
   .10271000E-23
   .10130000E-23
   .10048000E-23
   .10025000E-23
   .98892000E-24
   .97667000E-24
   .98556000E-24
   .96710000E-24
   .96288000E-24
   .94944000E-24
   .94998000E-24
   .94869000E-24
   .92957000E-24
   .92400000E-24
   .91603000E-24
   .93142000E-24
   .92821000E-24
   .90805000E-24
   .88507000E-24
   .90090000E-24
   .91006000E-24
   .91348000E-24
   .90857000E-24
   .89179000E-24
   .89278000E-24
   .88254000E-24
   .89165000E-24
   .88844000E-24
   .90484000E-24
   .90173000E-24
   .92403000E-24
   .93381000E-24
   .93434000E-24
   .93259000E-24
   .92560000E-24
   .93969000E-24
   .94391000E-24
   .95513000E-24
   .96368000E-24
   .98158000E-24
   .98638000E-24
   .97925000E-24
   .99213000E-24
   .98261000E-24
   .98135000E-24
   .10056000E-23
   .99665000E-24
   .99636000E-24
   .10055000E-23
   .10148000E-23
   .10284000E-23
   .10179000E-23
   .10064000E-23
   .10014000E-23
   .99473000E-24
   .99474000E-24
   .97611000E-24
   .96592000E-24
   .96859000E-24
   .97585000E-24
   .96556000E-24
   .95064000E-24
   .92551000E-24
   .92127000E-24
   .92164000E-24
   .90659000E-24
   .89445000E-24
   .86929000E-24
   .85541000E-24
   .85935000E-24
   .83581000E-24
   .82336000E-24
   .80052000E-24
   .79331000E-24
   .78126000E-24
   .77626000E-24
   .76745000E-24
   .75198000E-24
   .74583000E-24
   .74789000E-24
   .73246000E-24
   .71528000E-24
   .70730000E-24
   .70175000E-24
   .69117000E-24
   .67306000E-24
   .66112000E-24
   .65475000E-24
   .63671000E-24
   .62652000E-24
   .60996000E-24
   .61513000E-24
   .60537000E-24
   .59471000E-24
   .58153000E-24
   .56478000E-24
   .55092000E-24
   .54412000E-24
   .52299000E-24
   .51189000E-24
   .50424000E-24
   .49109000E-24
   .47070000E-24
   .47043000E-24
   .46385000E-24
   .44259000E-24
   .43543000E-24
   .42844000E-24
   .41277000E-24
   .40120000E-24
   .41197000E-24
   .39961000E-24
   .40163000E-24
   .38837000E-24
   .37430000E-24
   .35712000E-24
   .35659000E-24
   .34481000E-24
   .33904000E-24
   .32273000E-24
   .31905000E-24
   .32189000E-24
   .31864000E-24
   .31422000E-24
   .30658000E-24
   .30080000E-24
   .29525000E-24
   .28174000E-24
   .28079000E-24
   .27853000E-24
   .28622000E-24
   .28835000E-24
   .27057000E-24
   .26441000E-24
   .26689000E-24
   .26947000E-24
   .26690000E-24
   .26287000E-24
   .26860000E-24
   .25744000E-24
   .27999000E-24
   .26548000E-24
   .25869000E-24
   .25166000E-24
   .27558000E-24
   .27264000E-24
   .26547000E-24
   .26777000E-24
   .26467000E-24
   .25572000E-24
   .28144000E-24
   .31017000E-24
   .29213000E-24
   .30688000E-24
   .30934000E-24
   .29799000E-24
   .30855000E-24
   .31768000E-24
   .30875000E-24
   .31427000E-24
   .32432000E-24
   .32075000E-24
   .31196000E-24
   .32578000E-24
   .32992000E-24
   .32333000E-24
   .30732000E-24
   .30963000E-24
   .31500000E-24
   .31891000E-24
   .32863000E-24
   .32223000E-24
   .32121000E-24
   .31602000E-24
   .29481000E-24
   .30951000E-24
   .29438000E-24
   .28142000E-24
   .27742000E-24
   .27777000E-24
   .26615000E-24
   .25761000E-24
   .25987000E-24
   .23753000E-24
   .23130000E-24
   .23010000E-24
   .22012000E-24
   .21266000E-24
   .22673000E-24
   .21496000E-24
   .19701000E-24
   .18845000E-24
   .18423000E-24
   .17552000E-24
   .16646000E-24
   .15657000E-24
   .14687000E-24
   .15765000E-24
   .17909000E-24
   .17616000E-24
   .16783000E-24
   .16119000E-24
   .15855000E-24
   .14350000E-24
   .14513000E-24
   .12993000E-24
   .14007000E-24
   .14430000E-24
   .13611000E-24
   .14360000E-24
   .14192000E-24
   .14184000E-24
   .13840000E-24
   .15086000E-24
   .15941000E-24
   .14984000E-24
   .14951000E-24
   .13160000E-24
   .14196000E-24
   .14851000E-24
   .15431000E-24
   .16468000E-24
   .15827000E-24
   .14943000E-24
   .15952000E-24
   .17315000E-24
   .17970000E-24
   .16821000E-24
   .16311000E-24
   .18483000E-24
   .17594000E-24
   .18264000E-24
   .17792000E-24
   .17486000E-24
   .18157000E-24
   .17924000E-24
   .17763000E-24
   .19496000E-24
   .19400000E-24
   .20160000E-24
   .21889000E-24
   .19500000E-24
   .20593000E-24
   .20613000E-24
   .20712000E-24
   .20409000E-24
   .22099000E-24
   .21602000E-24
   .20984000E-24
   .20175000E-24
   .21702000E-24
   .21551000E-24
   .22628000E-24
   .23704000E-24
   .24308000E-24
   .23995000E-24
   .24039000E-24
   .23158000E-24
   .22992000E-24
   .24469000E-24
   .25634000E-24
   .26853000E-24
   .27624000E-24
   .28463000E-24
   .29054000E-24
   .29083000E-24
   .27407000E-24
   .28933000E-24
   .31222000E-24
   .31220000E-24
   .32357000E-24
   .31025000E-24
   .32819000E-24
   .32690000E-24
   .33566000E-24
   .36596000E-24
   .36231000E-24
   .34636000E-24
   .37107000E-24
   .38589000E-24
   .39381000E-24
   .38033000E-24
   .37249000E-24
   .37535000E-24
   .39063000E-24
   .40423000E-24
   .39964000E-24
   .39709000E-24
   .39616000E-24
   .39909000E-24
   .40579000E-24
   .40815000E-24
   .38975000E-24
   .41503000E-24
   .39892000E-24
   .39956000E-24
   .39809000E-24
   .39049000E-24
   .38538000E-24
   .39100000E-24
   .38175000E-24
   .35812000E-24
   .37403000E-24
   .35848000E-24
   .36772000E-24
   .36751000E-24
   .36623000E-24
   .37268000E-24
   .35139000E-24
   .34531000E-24
   .33696000E-24
   .32718000E-24
   .33752000E-24
   .32049000E-24
   .33414000E-24
   .32198000E-24
   .32161000E-24
   .33374000E-24
   .32588000E-24
   .32282000E-24
   .31021000E-24
   .30880000E-24
   .32086000E-24
   .31365000E-24
   .31110000E-24
   .29887000E-24
   .28779000E-24
   .30642000E-24
   .30311000E-24
   .28518000E-24
   .28668000E-24
   .32058000E-24
   .29926000E-24
   .30781000E-24
   .30522000E-24
   .29863000E-24
   .30785000E-24
   .29670000E-24
   .29959000E-24
   .28314000E-24
   .29765000E-24
   .31127000E-24
   .30215000E-24
   .29837000E-24
   .31185000E-24
   .29381000E-24
   .29209000E-24
   .29204000E-24
   .30012000E-24
   .28215000E-24
   .31037000E-24
   .31570000E-24
   .30387000E-24
   .28353000E-24
   .27645000E-24
   .28760000E-24
   .29474000E-24
   .28795000E-24
   .29823000E-24
   .28697000E-24
   .27824000E-24
   .29116000E-24
   .28195000E-24
   .26949000E-24
   .26505000E-24
   .25916000E-24
   .25449000E-24
   .24555000E-24
   .25291000E-24
   .24541000E-24
   .23467000E-24
   .24000000E-24
   .24104000E-24
   .23555000E-24
   .22894000E-24
   .21932000E-24
   .20604000E-24
   .21850000E-24
   .20731000E-24
   .19993000E-24
   .20069000E-24
   .18306000E-24
   .17644000E-24
   .18227000E-24
   .17279000E-24
   .18841000E-24
   .17795000E-24
   .17123000E-24
   .16669000E-24
   .15381000E-24
   .15091000E-24
   .15662000E-24
   .14024000E-24
   .11677000E-24
   .13057000E-24
   .12657000E-24
   .12933000E-24
   .12652000E-24
   .11913000E-24
   .10912000E-24
   .10610000E-24
   .11948000E-24
   .11581000E-24
   .10228000E-24
   .96416000E-25
   .99214000E-25
   .11252000E-24
   .10968000E-24
   .10724000E-24
   .10252000E-24
   .10756000E-24
   .11012000E-24
   .10055000E-24
   .95445000E-25
   .99096000E-25
   .75483000E-25
   .72380000E-25
   .89487000E-25
   .73720000E-25
   .78342000E-25
   .94002000E-25
   .75531000E-25
   .77196000E-25
   .84467000E-25
   .83914000E-25
   .68065000E-25
   .66672000E-25
   .53945000E-25
   .49540000E-25
   .73916000E-25
   .81776000E-25
   .72890000E-25
   .69114000E-25
   .77350000E-25
   .68622000E-25
   .52318000E-25
   .54011000E-25
   .62078000E-25
   .65247000E-25
   .73708000E-25
   .68503000E-25
   .60515000E-25
   .62733000E-25
   .67236000E-25
   .69216000E-25
   .49811000E-25
   .55615000E-25
   .54207000E-25
   .51591000E-25
   .50065000E-25
   .34768000E-25
   .48970000E-25
   .56052000E-25
   .54456000E-25
   .40805000E-25
   .46342000E-25
   .48747000E-25
   .41533000E-25
   .58120000E-25
   .53841000E-25
   .47404000E-25
   .37021000E-25
   .49956000E-25
   .53819000E-25
   .43738000E-25
   .53207000E-25
   .55594000E-25
   .53796000E-25
   .50013000E-25
   .35746000E-25
   .35083000E-25
   .49327000E-25
   .52426000E-25
   .38556000E-25
   .42407000E-25
   .47698000E-25
   .58861000E-25
   .39012000E-25
   .41749000E-25
   .35824000E-25
   .35631000E-25
   .37112000E-25
   .48242000E-25
   .42777000E-25
   .39889000E-25
   .56438000E-25
   .40841000E-25
   .42037000E-25
   .36470000E-25
   .40534000E-25
   .31535000E-25
   .29693000E-25
   .39732000E-25
   .37073000E-25
   .32028000E-25
   .21960000E-25
   .22659000E-25
   .24657000E-25
   .33586000E-25
   .26418000E-25
   .30336000E-25
   .29187000E-25
   .26199000E-25
   .22326000E-25
   .25007000E-25
   .37198000E-25
   .42130000E-25
   .43813000E-25
   .51437000E-25
   .45335000E-25
   .41162000E-25
   .43014000E-25
   .37029000E-25
   .46533000E-25
   .45135000E-25
   .42957000E-25
   .42017000E-25
   .32999000E-25
   .31656000E-25
   .15869000E-25
   .24207000E-25
   .23264000E-25
   .34435000E-25
   .23060000E-25
   .34065000E-25
   .16913000E-25
   .22431000E-25
   .23656000E-25
   .23418000E-25
   .23328000E-25
   .13233000E-25
   .26727000E-25
   .17190000E-25
   .39615000E-25
   .45876000E-25
   .34938000E-25
   .44164000E-25
   .23507000E-25
   .34305000E-25
   .32336000E-25
   .37164000E-25
   .37122000E-25
   .32444000E-25
   .31086000E-25
   .21838000E-25
   .21732000E-25
   .15981000E-25
   .61739000E-26
   .12483000E-25
   .17401000E-25
   .39093000E-25
   .28359000E-25
   .30129000E-25
   .34909000E-25
   .36327000E-25
   .28503000E-25
   .28252000E-25
   .41603000E-25
   .37386000E-25
   .20066000E-25
   .22823000E-25
   .19915000E-25
   .10000000E-25
   .53104000E-26
   .22958000E-25
   .33719000E-25
   .14282000E-25
   .14904000E-25
   .91325000E-26
   .14898000E-25
   .16777000E-25
   .24454000E-25
   .79758000E-26
   .14913000E-25
   .28498000E-25
   .22415000E-25
   .15165000E-25
   .92940000E-26
   .25618000E-25
   .15775000E-25
   .27102000E-25
   .18096000E-25
   .22461000E-25
   .29212000E-25
   .75023000E-26
   .26202000E-25
   .16892000E-25
   .27687000E-25
   .15990000E-25
   .96104000E-26
   .26286000E-25
   .18504000E-25
   .76401000E-26
   .15550000E-25
   .00000000    
   .21426000E-25
   .24153000E-25
   .49086000E-26
   .12421000E-25
   .43572000E-26
   .20321000E-25
   .24997000E-25
   .12415000E-25
   .11043000E-25
   .16212000E-25
   .71415000E-26
   .96923000E-26
   .25766000E-25
   .00000000    
   .79938000E-27
   .11175000E-25
   .00000000    
   .30634000E-27
   .00000000    
   .00000000    
   .44767000E-26
   .16596000E-25
   .21459000E-25
   .12695000E-25
   .24527000E-27
   .00000000    
   .55302000E-26
   .27572000E-25
   .34815000E-25
   .38088000E-25
   .23005000E-25
   .28489000E-25
   .18752000E-25
   .14244000E-25
   .00000000    
   .11638000E-25
   .79571000E-26
   .26611000E-25
   .20200000E-25
   .00000000    
   .00000000    
   .11818000E-25
   .15184000E-25
   .75424000E-26
   .20007000E-25
   .26641000E-25
   .14922000E-25
   .13324000E-25
   .12924000E-25
   .12283000E-25
   .19467000E-25
   .23175000E-25
   .14620000E-25
   .00000000    
   .00000000    
   .10548000E-25
   .21754000E-25
   .31612000E-25
   .24164000E-25
   .30919000E-26
   .10038000E-25
   .23784000E-25
   .55115000E-26
   .11715000E-25
   .18961000E-25
   .14063000E-25
   .23809000E-25
   .17047000E-25
   .27144000E-25
   .14295000E-25
   .90606000E-26
   .12399000E-25
   .19662000E-25
   .58504000E-26
   .75304000E-27
   .00000000    
   .00000000    
   .49349000E-26
   .65147000E-26
   .16682000E-25
   .16182000E-25
   .15547000E-25
   .22844000E-25
   .29915000E-25
   .33218000E-25
   .32457000E-25
   .15435000E-25
   .86441000E-26
   .20390000E-25
   .15079000E-25
   .44339000E-26
   .00000000    
   .56038000E-26
   .94742000E-26
   .15880000E-25
   .12805000E-25
   .13033000E-25
   .22199000E-25
   .20444000E-25
   .25684000E-25
   .14404000E-25
   .20962000E-25
   .42856000E-25
   .27766000E-25
   .11526000E-25
   .51224000E-26
   .11978000E-25
   .14589000E-25
   .58145000E-26
   .82495000E-26
   .17845000E-25
   .71465000E-26
   .15126000E-26
   .10971000E-25
   .68473000E-26
   .11611000E-25
   .87439000E-26
   .14833000E-25
   .22760000E-25
   .87864000E-26
   .12940000E-25
   .25112000E-25
   .67810000E-26
   .23052000E-26
   .10018000E-25
   .92077000E-26
   .20889000E-26
   .20311000E-25
   .16368000E-25
   .22284000E-25
   .20415000E-26
   .00000000    
   .16470000E-26
   .11476000E-25
   .10837000E-25
   .61045000E-26
   .11986000E-25
   .78443000E-26
   .59659000E-26
   .00000000    
   .27644000E-26
   .23112000E-25
   .25450000E-25
   .90841000E-26
   .28725000E-26
   .25615000E-25
   .43602000E-25
   .32336000E-25
   .19262000E-25
   .76401000E-26
   .70781000E-27
   .14734000E-25
   .19176000E-25
   .26269000E-25
   .19769000E-25
   .55604000E-27
   .14228000E-25
   .88336000E-26
   .12337000E-25
   .95439000E-26
   .30147000E-25
   .35270000E-25
   .12516000E-25
   .10587000E-25
   .31299000E-25
   .21753000E-25
   .12801000E-25
   .30588000E-25
   .00000000    
   .62597000E-27
   .57359000E-26
   .84113000E-26
   .78232000E-26
   .42608000E-26
   .44892000E-26
   .18111000E-26
   .68218000E-27
   .24293000E-25
   .26491000E-25
   .12064000E-25
   .11908000E-25
   .83367000E-27
   .00000000    
   .24139000E-25
   .79311000E-26
   .00000000    
   .24770000E-26
   .19227000E-25
   .20018000E-25
   .63965000E-26
   .00000000    
   .49957000E-26
   .00000000    
   .66630000E-26
   .22346000E-25
   .82715000E-26
   .91524000E-26
   .27722000E-25
   .16865000E-25
   .18836000E-25
   .17075000E-25
   .38657000E-25
   .32241000E-25
   .11417000E-25
   .16569000E-25
   .25407000E-25
   .18135000E-25
   .15722000E-25
   .00000000    
   .46044000E-26
   .10848000E-25
   .61568000E-26
   .17835000E-25
   .22299000E-25
   .16359000E-25
   .00000000    
   .00000000    
   .90174000E-26
   .00000000    
   .35381000E-26
   .61719000E-26
   .00000000    
   .00000000    
   .16106000E-26
   .48991000E-26
   .60933000E-26
   .53061000E-26
   .00000000    
   .16297000E-25
   .10975000E-25
   .19960000E-26
   .71036000E-26
   .21439000E-25
   .17457000E-25
   .00000000    
   .54023000E-26
   .70273000E-26
   .27685000E-26
   .17062000E-25
   .22021000E-25
   .13156000E-25
   .19537000E-25
   .18187000E-26
   .10834000E-26
   .00000000    
   .15949000E-25
   .15978000E-25
   .26417000E-25
   .64251000E-26
   .10622000E-25
   .21147000E-26
   .00000000    
   .00000000    
   .78183000E-26
   .15227000E-25
   .10127000E-25
   .00000000    
   .00000000    
   .00000000    
   .00000000    
   .00000000    
   .13788000E-25
   .18934000E-25
   .00000000    
   .10454000E-25
   .10519000E-25
   .13726000E-25
   .17225000E-25
   .26476000E-26
   .00000000    
   .76972000E-26
   .15820000E-25
   .00000000    
   .11007000E-25
   .12019000E-25
   .14331000E-26
   .37721000E-26
   .00000000    
   .00000000    
   .27764000E-26
   .37061000E-26
   .73549000E-26
   .12600000E-25
   .94030000E-28
   .13976000E-25
   .19409000E-25
   .24638000E-25
   .28815000E-25
   .21153000E-26
   .00000000    
   .12402000E-25
   .21428000E-25
   .73939000E-26
   .44388000E-26
   .59786000E-26
   .16973000E-25
   .00000000    
   .00000000    
   .00000000    
   .00000000    
   .82950000E-26
   .59190000E-26
   .00000000    
   .69922000E-26
   .14211000E-25
   .23619000E-25
   .73957000E-26
   .23781000E-25
   .29811000E-25
   .28827000E-25
   .29134000E-25
   .26319000E-25
   .55561000E-26
   .87507000E-26
   .12522000E-25
   .14458000E-26
   .00000000    
   .10598000E-25
   .32189000E-25
   .77458000E-26
   .94076000E-26
   .25049000E-25
   .17905000E-25
   .32353000E-26
   .88870000E-26
   .23331000E-26
   .62338000E-26
   .15698000E-25
   .24169000E-25
   .21057000E-26
   .54734000E-26
   .13062000E-25
   .10501000E-25
   .90719000E-26
   .15357000E-25
   .15182000E-25
   .34103000E-26
   .12169000E-25
   .12588000E-25
   .14076000E-25
   .11135000E-25
   .00000000    
   .00000000    
   .56607000E-27
   .14983000E-25
   .20108000E-25
   .96575000E-26
   .96905000E-26
   .34926000E-26
   .54100000E-26
   .19146000E-25
   .32074000E-25
   .75406000E-26
   .37674000E-26
   .12024000E-25
   .20055000E-25
   .30286000E-25
   .15374000E-25
   .00000000    
   .60513000E-27
   .18418000E-25
   .96994000E-26
   .12023000E-25
   .15990000E-26
   .11220000E-26
   .00000000    
   .24801000E-26
   .23237000E-25
   .38553000E-26
   .00000000    
   .15489000E-25
   .15163000E-25
   .17983000E-25
   .96593000E-26
   .14446000E-25
   .37762000E-25
   .14528000E-25
   .90526000E-26
   .58065000E-26
   .00000000    
   .60892000E-26
   .15248000E-25
   .15777000E-25
   .98913000E-26
   .00000000    
   .66524000E-26
   .71512000E-26
   .40429000E-26
   .10835000E-25
   .13101000E-27
   .12625000E-25
   .86818000E-26
   .00000000    
   .45068000E-26
   .00000000    
   .16836000E-25
   .38876000E-26
   .00000000    
   .00000000    
   .41504000E-26
   .20918000E-25
   .11449000E-25
   .23920000E-25
   .74054000E-26
   .17631000E-25
   .74014000E-26
   .30297000E-26
   .00000000    
   .89497000E-26
   .00000000    
   .00000000    
   .21103000E-25
   .68902000E-26
   .53409000E-26
   .00000000    
   .00000000    
   .17442000E-25
   .14104000E-25
   .65166000E-26
   .10737000E-25
   .18563000E-25
   .15081000E-26
   .79445000E-26
   .15512000E-25
   .13578000E-25
   .33008000E-26
   .27111000E-25
   .17108000E-25
   .20882000E-25
   .17942000E-26
   .79443000E-26
   .13150000E-25
   .19545000E-25
   .13012000E-25
   .12658000E-25
   .20866000E-26
   .10770000E-25
   .13263000E-25
   .11464000E-25
   .16392000E-25
   .13328000E-25
   .10227000E-25
   .90167000E-26
   .17793000E-25
   .13629000E-25
   .50477000E-26
   .14127000E-25
   .32403000E-26
   .99199000E-26
   .13702000E-25
   .28898000E-25
   .10485000E-25
   .81989000E-26
   .14745000E-25
