  11102  7  1 HOYAG.03   CICRAS GA   .633 H  # 101593 00.00   1        
  PROGRAM    EHEAD   VERSION 01.01 HE-NE LASER                         
  USER PLC DATE & TIME  1995  4  6 00.00 00.00     9.990    295K U     
 EC1 Ho 850     0     0 Y3Al5O12         .850300 -  .949800 .00010     
 SLIT WIDTH IS 3000 MICRONS, RADIATIVE LIFETIME OF 7 MSEC WAS          
 USED TO CALCULATE EMISSION CROSS-SECTION.                             
 DETECTOR: Ag-O-Cs (750)                                               
  FORMAT(1X,G15.8)                                                     
  This spectra is part of Database LASERS
 Database LASERS was created by Pat Cross working 
 at NASA Langley Research Center, Internal Operations Group,
 Aerospace Electronics Systems Division, Remote Sensing 
 Technology Branch. phone:(757)864-1633   fax:(757)864-7894 
     e-mail p.l.cross@larc.nasa.gov 
     homepage http://aesd.larc.nasa.gov/laser/dbmain.htm
  EOH                                                                  
   996.         
   .81161000E-27
   .00000000    
   .00000000    
   .00000000    
   .00000000    
   .22604000E-26
   .32168000E-26
   .51983000E-26
   .44169000E-26
   .81818000E-26
   .84185000E-26
   .99536000E-26
   .64854000E-26
   .33126000E-26
   .13570000E-26
   .11490000E-26
   .29434000E-26
   .69043000E-26
   .92226000E-26
   .12297000E-25
   .15025000E-25
   .17311000E-25
   .18846000E-25
   .19400000E-25
   .14787000E-25
   .10894000E-25
   .44749000E-26
   .96678000E-27
   .00000000    
   .00000000    
   .00000000    
   .00000000    
   .00000000    
   .00000000    
   .00000000    
   .00000000    
   .99263000E-27
   .72756000E-27
   .24639000E-26
   .52428000E-26
   .45325000E-26
   .54141000E-26
   .98743000E-26
   .93213000E-26
   .95318000E-26
   .11800000E-25
   .11858000E-25
   .93729000E-26
   .76961000E-26
   .60890000E-26
   .44258000E-26
   .65595000E-26
   .61203000E-26
   .45049000E-26
   .16930000E-26
   .00000000    
   .00000000    
   .00000000    
   .24063000E-26
   .76657000E-26
   .57426000E-26
   .15636000E-26
   .00000000    
   .00000000    
   .00000000    
   .00000000    
   .00000000    
   .00000000    
   .00000000    
   .00000000    
   .00000000    
   .00000000    
   .00000000    
   .00000000    
   .00000000    
   .00000000    
   .00000000    
   .15900000E-26
   .15916000E-26
   .14170000E-26
   .41888000E-26
   .44076000E-26
   .11710000E-26
   .00000000    
   .00000000    
   .00000000    
   .00000000    
   .00000000    
   .00000000    
   .00000000    
   .45293000E-27
   .42707000E-26
   .55308000E-26
   .40610000E-26
   .00000000    
   .00000000    
   .00000000    
   .00000000    
   .00000000    
   .00000000    
   .00000000    
   .15061000E-26
   .15112000E-26
   .00000000    
   .00000000    
   .00000000    
   .00000000    
   .00000000    
   .00000000    
   .00000000    
   .22335000E-26
   .57237000E-26
   .67473000E-26
   .54024000E-26
   .30231000E-26
   .42189000E-26
   .75089000E-26
   .12435000E-25
   .15856000E-25
   .14822000E-25
   .12564000E-25
   .92652000E-26
   .54863000E-26
   .32730000E-26
   .28480000E-26
   .21267000E-26
   .37580000E-26
   .43485000E-26
   .48047000E-26
   .58381000E-26
   .70721000E-26
   .68715000E-26
   .52235000E-26
   .26570000E-26
   .80206000E-27
   .00000000    
   .00000000    
   .00000000    
   .88034000E-27
   .46077000E-26
   .77873000E-26
   .88972000E-26
   .57910000E-26
   .35725000E-26
   .16025000E-26
   .00000000    
   .00000000    
   .32713000E-26
   .27833000E-26
   .22551000E-26
   .56311000E-26
   .25810000E-26
   .71506000E-27
   .61072000E-27
   .00000000    
   .00000000    
   .72047000E-28
   .00000000    
   .22025000E-26
   .29501000E-26
   .40770000E-26
   .23821000E-26
   .99899000E-27
   .00000000    
   .12538000E-27
   .00000000    
   .00000000    
   .50388000E-27
   .00000000    
   .26463000E-27
   .18464000E-26
   .14013000E-26
   .39445000E-26
   .75438000E-26
   .99631000E-26
   .13883000E-25
   .18215000E-25
   .17968000E-25
   .15871000E-25
   .14289000E-25
   .80771000E-26
   .31516000E-26
   .17784000E-26
   .38346000E-26
   .62026000E-26
   .90449000E-26
   .83045000E-26
   .68812000E-26
   .35732000E-26
   .00000000    
   .00000000    
   .26377000E-27
   .47950000E-26
   .94725000E-26
   .14900000E-25
   .17099000E-25
   .19502000E-25
   .16015000E-25
   .15520000E-25
   .12492000E-25
   .10763000E-25
   .69567000E-26
   .69377000E-26
   .36358000E-26
   .85926000E-27
   .98416000E-27
   .29482000E-26
   .29176000E-26
   .52073000E-26
   .67184000E-26
   .81048000E-26
   .76389000E-26
   .78857000E-26
   .71377000E-26
   .56603000E-26
   .42667000E-26
   .50341000E-26
   .57929000E-26
   .44080000E-26
   .49300000E-26
   .51249000E-26
   .52687000E-26
   .32977000E-26
   .34055000E-26
   .19167000E-26
   .14511000E-26
   .91682000E-27
   .14485000E-26
   .14293000E-26
   .35012000E-26
   .32854000E-26
   .27830000E-26
   .33925000E-26
   .24603000E-26
   .14929000E-26
   .16574000E-26
   .21457000E-26
   .29096000E-26
   .28226000E-26
   .32373000E-26
   .38551000E-26
   .68959000E-26
   .92048000E-26
   .93232000E-26
   .93396000E-26
   .10806000E-25
   .82264000E-26
   .78084000E-26
   .10431000E-25
   .14028000E-25
   .16185000E-25
   .18689000E-25
   .16693000E-25
   .16579000E-25
   .16584000E-25
   .13531000E-25
   .13682000E-25
   .17519000E-25
   .21638000E-25
   .21991000E-25
   .24524000E-25
   .25029000E-25
   .26582000E-25
   .24707000E-25
   .25695000E-25
   .27107000E-25
   .26041000E-25
   .22853000E-25
   .23316000E-25
   .24661000E-25
   .25451000E-25
   .28661000E-25
   .30372000E-25
   .32312000E-25
   .32823000E-25
   .32500000E-25
   .33481000E-25
   .37706000E-25
   .38187000E-25
   .36633000E-25
   .38304000E-25
   .38336000E-25
   .36570000E-25
   .38674000E-25
   .41583000E-25
   .41400000E-25
   .42441000E-25
   .42372000E-25
   .40356000E-25
   .39214000E-25
   .38804000E-25
   .37606000E-25
   .35625000E-25
   .34513000E-25
   .35198000E-25
   .38251000E-25
   .39222000E-25
   .40983000E-25
   .42402000E-25
   .43824000E-25
   .43015000E-25
   .43137000E-25
   .41956000E-25
   .42457000E-25
   .42714000E-25
   .40684000E-25
   .40312000E-25
   .41843000E-25
   .42494000E-25
   .42386000E-25
   .44885000E-25
   .45431000E-25
   .47784000E-25
   .48991000E-25
   .46988000E-25
   .44646000E-25
   .42747000E-25
   .41200000E-25
   .40283000E-25
   .43591000E-25
   .46532000E-25
   .49705000E-25
   .51456000E-25
   .51266000E-25
   .49339000E-25
   .48664000E-25
   .48468000E-25
   .45219000E-25
   .44979000E-25
   .46653000E-25
   .46765000E-25
   .46675000E-25
   .48493000E-25
   .51825000E-25
   .53536000E-25
   .52482000E-25
   .49646000E-25
   .48230000E-25
   .45888000E-25
   .42874000E-25
   .43866000E-25
   .48414000E-25
   .51039000E-25
   .50613000E-25
   .49428000E-25
   .50212000E-25
   .49860000E-25
   .50751000E-25
   .52567000E-25
   .53309000E-25
   .54152000E-25
   .55473000E-25
   .55374000E-25
   .55213000E-25
   .56498000E-25
   .55843000E-25
   .54809000E-25
   .52812000E-25
   .50789000E-25
   .50316000E-25
   .50460000E-25
   .48848000E-25
   .49546000E-25
   .50059000E-25
   .51739000E-25
   .52406000E-25
   .54251000E-25
   .56504000E-25
   .57955000E-25
   .56589000E-25
   .55698000E-25
   .54657000E-25
   .52640000E-25
   .53813000E-25
   .55296000E-25
   .58314000E-25
   .62210000E-25
   .64539000E-25
   .65284000E-25
   .67990000E-25
   .68286000E-25
   .67564000E-25
   .70680000E-25
   .74703000E-25
   .74487000E-25
   .74055000E-25
   .74392000E-25
   .74261000E-25
   .72506000E-25
   .73201000E-25
   .77350000E-25
   .79225000E-25
   .77484000E-25
   .76671000E-25
   .79154000E-25
   .79081000E-25
   .78670000E-25
   .79286000E-25
   .80736000E-25
   .77630000E-25
   .72916000E-25
   .68558000E-25
   .67272000E-25
   .67629000E-25
   .68125000E-25
   .68335000E-25
   .69284000E-25
   .68075000E-25
   .65059000E-25
   .64787000E-25
   .63036000E-25
   .61823000E-25
   .60069000E-25
   .58341000E-25
   .54850000E-25
   .54959000E-25
   .57045000E-25
   .57401000E-25
   .55863000E-25
   .54375000E-25
   .53281000E-25
   .51317000E-25
   .50926000E-25
   .53070000E-25
   .57702000E-25
   .59781000E-25
   .61810000E-25
   .61737000E-25
   .58935000E-25
   .55396000E-25
   .55098000E-25
   .55688000E-25
   .61081000E-25
   .65608000E-25
   .68304000E-25
   .71085000E-25
   .73545000E-25
   .72706000E-25
   .74346000E-25
   .75164000E-25
   .75962000E-25
   .77790000E-25
   .82719000E-25
   .85362000E-25
   .89341000E-25
   .94797000E-25
   .98253000E-25
   .99084000E-25
   .10215000E-24
   .10298000E-24
   .99170000E-25
   .95851000E-25
   .94308000E-25
   .92304000E-25
   .90923000E-25
   .90866000E-25
   .94100000E-25
   .94071000E-25
   .93755000E-25
   .94472000E-25
   .93760000E-25
   .90875000E-25
   .89967000E-25
   .88492000E-25
   .87881000E-25
   .88489000E-25
   .85229000E-25
   .83216000E-25
   .80146000E-25
   .76887000E-25
   .74869000E-25
   .73088000E-25
   .72571000E-25
   .70683000E-25
   .69106000E-25
   .67024000E-25
   .66939000E-25
   .67718000E-25
   .68784000E-25
   .69089000E-25
   .66504000E-25
   .61824000E-25
   .55140000E-25
   .51743000E-25
   .47197000E-25
   .44653000E-25
   .43557000E-25
   .42847000E-25
   .41306000E-25
   .38761000E-25
   .36536000E-25
   .35411000E-25
   .32052000E-25
   .29738000E-25
   .29126000E-25
   .28867000E-25
   .28155000E-25
   .28044000E-25
   .26821000E-25
   .25480000E-25
   .25733000E-25
   .25421000E-25
   .24279000E-25
   .25013000E-25
   .27077000E-25
   .27290000E-25
   .25296000E-25
   .24243000E-25
   .23780000E-25
   .22535000E-25
   .19332000E-25
   .18340000E-25
   .18502000E-25
   .17638000E-25
   .16312000E-25
   .16399000E-25
   .16785000E-25
   .15151000E-25
   .12831000E-25
   .90540000E-26
   .70413000E-26
   .47924000E-26
   .32735000E-26
   .32791000E-26
   .71780000E-26
   .10875000E-25
   .13397000E-25
   .16695000E-25
   .18640000E-25
   .17070000E-25
   .14774000E-25
   .14360000E-25
   .14197000E-25
   .13349000E-25
   .15364000E-25
   .14440000E-25
   .14517000E-25
   .15181000E-25
   .16078000E-25
   .13588000E-25
   .10634000E-25
   .83021000E-26
   .62965000E-26
   .21351000E-26
   .14106000E-26
   .37080000E-26
   .40865000E-26
   .27772000E-26
   .45222000E-26
   .43642000E-26
   .40833000E-26
   .42968000E-26
   .65419000E-26
   .91554000E-26
   .97728000E-26
   .95662000E-26
   .10890000E-25
   .10585000E-25
   .84625000E-26
   .95192000E-26
   .97948000E-26
   .88684000E-26
   .68952000E-26
   .44875000E-26
   .15668000E-26
   .17610000E-26
   .33970000E-26
   .67696000E-26
   .97658000E-26
   .10948000E-25
   .10325000E-25
   .93265000E-26
   .10137000E-25
   .11556000E-25
   .12597000E-25
   .13663000E-25
   .13943000E-25
   .11988000E-25
   .11680000E-25
   .11825000E-25
   .11499000E-25
   .10861000E-25
   .10875000E-25
   .10523000E-25
   .12849000E-25
   .16762000E-25
   .21585000E-25
   .23830000E-25
   .24864000E-25
   .24043000E-25
   .22588000E-25
   .21627000E-25
   .22842000E-25
   .24047000E-25
   .25561000E-25
   .26637000E-25
   .25205000E-25
   .24695000E-25
   .24895000E-25
   .25904000E-25
   .27551000E-25
   .26897000E-25
   .25842000E-25
   .26108000E-25
   .25939000E-25
   .24924000E-25
   .27589000E-25
   .29413000E-25
   .29467000E-25
   .28686000E-25
   .27197000E-25
   .26440000E-25
   .26138000E-25
   .25435000E-25
   .26834000E-25
   .28878000E-25
   .30427000E-25
   .31042000E-25
   .31641000E-25
   .31682000E-25
   .32985000E-25
   .33710000E-25
   .33308000E-25
   .32169000E-25
   .32481000E-25
   .30840000E-25
   .29002000E-25
   .29920000E-25
   .31347000E-25
   .31963000E-25
   .34185000E-25
   .35207000E-25
   .36007000E-25
   .37083000E-25
   .36328000E-25
   .36162000E-25
   .37130000E-25
   .37386000E-25
   .37527000E-25
   .38550000E-25
   .36584000E-25
   .34341000E-25
   .31857000E-25
   .31290000E-25
   .28613000E-25
   .28628000E-25
   .30153000E-25
   .32743000E-25
   .36449000E-25
   .42335000E-25
   .44805000E-25
   .45254000E-25
   .44530000E-25
   .41965000E-25
   .40568000E-25
   .40785000E-25
   .39852000E-25
   .39043000E-25
   .39931000E-25
   .40062000E-25
   .41439000E-25
   .45861000E-25
   .50161000E-25
   .50107000E-25
   .50723000E-25
   .50630000E-25
   .51903000E-25
   .51791000E-25
   .53651000E-25
   .56212000E-25
   .59689000E-25
   .60549000E-25
   .62606000E-25
   .67045000E-25
   .68389000E-25
   .68071000E-25
   .69650000E-25
   .70952000E-25
   .71184000E-25
   .73837000E-25
   .78365000E-25
   .81329000E-25
   .85501000E-25
   .89352000E-25
   .92787000E-25
   .95966000E-25
   .10007000E-24
   .10213000E-24
   .10612000E-24
   .10998000E-24
   .11347000E-24
   .11578000E-24
   .12227000E-24
   .12581000E-24
   .12855000E-24
   .13169000E-24
   .13612000E-24
   .13583000E-24
   .13954000E-24
   .14355000E-24
   .14517000E-24
   .14936000E-24
   .15325000E-24
   .15556000E-24
   .15678000E-24
   .16153000E-24
   .16420000E-24
   .16936000E-24
   .17172000E-24
   .17527000E-24
   .17825000E-24
   .17784000E-24
   .17707000E-24
   .17741000E-24
   .17893000E-24
   .18034000E-24
   .18664000E-24
   .19010000E-24
   .19432000E-24
   .19720000E-24
   .19865000E-24
   .19831000E-24
   .20218000E-24
   .20287000E-24
   .20313000E-24
   .20340000E-24
   .20350000E-24
   .20160000E-24
   .20040000E-24
   .19798000E-24
   .19553000E-24
   .19427000E-24
   .19393000E-24
   .19256000E-24
   .18996000E-24
   .18828000E-24
   .18281000E-24
   .17633000E-24
   .17385000E-24
   .17380000E-24
   .17329000E-24
   .17393000E-24
   .17294000E-24
   .16950000E-24
   .16586000E-24
   .16074000E-24
   .15529000E-24
   .15255000E-24
   .14763000E-24
   .14408000E-24
   .14136000E-24
   .13955000E-24
   .13525000E-24
   .13373000E-24
   .13204000E-24
   .13075000E-24
   .12724000E-24
   .12667000E-24
   .12677000E-24
   .12580000E-24
   .12372000E-24
   .12305000E-24
   .12236000E-24
   .11981000E-24
   .11752000E-24
   .11618000E-24
   .11518000E-24
   .11500000E-24
   .11358000E-24
   .11411000E-24
   .11553000E-24
   .11590000E-24
   .11494000E-24
   .11614000E-24
   .11571000E-24
   .11373000E-24
   .11230000E-24
   .11203000E-24
   .11141000E-24
   .11092000E-24
   .11196000E-24
   .11396000E-24
   .11407000E-24
   .11357000E-24
   .11269000E-24
   .11149000E-24
   .10992000E-24
   .10833000E-24
   .10703000E-24
   .10312000E-24
   .98260000E-25
   .95240000E-25
   .91632000E-25
   .89178000E-25
   .88109000E-25
   .86484000E-25
   .83855000E-25
   .81353000E-25
   .78158000E-25
   .75643000E-25
   .74089000E-25
   .71243000E-25
   .67757000E-25
   .65656000E-25
   .63840000E-25
   .61155000E-25
   .59552000E-25
   .56842000E-25
   .52830000E-25
   .48441000E-25
   .43276000E-25
   .38899000E-25
   .37455000E-25
   .35463000E-25
   .32846000E-25
   .33005000E-25
   .32609000E-25
   .30234000E-25
   .28654000E-25
   .26966000E-25
   .26697000E-25
   .26212000E-25
   .25807000E-25
   .27226000E-25
   .28004000E-25
   .27192000E-25
   .25980000E-25
   .24543000E-25
   .20279000E-25
   .18414000E-25
   .16203000E-25
   .15265000E-25
   .16749000E-25
   .16560000E-25
   .15720000E-25
   .15411000E-25
   .17398000E-25
   .16884000E-25
   .19576000E-25
   .21362000E-25
   .23489000E-25
   .20494000E-25
   .18785000E-25
   .16738000E-25
   .15141000E-25
   .13878000E-25
   .15253000E-25
   .16545000E-25
   .17388000E-25
   .16556000E-25
   .14405000E-25
   .10421000E-25
   .60849000E-26
   .38111000E-26
   .38368000E-26
   .62227000E-26
   .79663000E-26
   .10306000E-25
   .11358000E-25
   .12839000E-25
   .12454000E-25
   .13756000E-25
   .13106000E-25
   .12381000E-25
   .12005000E-25
   .11672000E-25
   .97784000E-26
   .10912000E-25
   .13628000E-25
   .14729000E-25
   .15018000E-25
   .15621000E-25
   .15207000E-25
   .14877000E-25
   .14774000E-25
   .12705000E-25
   .13645000E-25
   .14258000E-25
   .14178000E-25
   .13836000E-25
   .14615000E-25
   .12440000E-25
   .87726000E-26
   .40440000E-26
   .98418000E-27
   .48297000E-27
   .00000000    
   .73590000E-27
   .55859000E-26
   .88806000E-26
   .11237000E-25
   .14934000E-25
   .16056000E-25
   .13159000E-25
   .11910000E-25
   .11192000E-25
   .94360000E-26
   .10529000E-25
   .11862000E-25
   .12447000E-25
   .12362000E-25
   .13237000E-25
   .13816000E-25
   .14051000E-25
   .13718000E-25
   .14178000E-25
   .14824000E-25
   .14467000E-25
   .15719000E-25
   .16726000E-25
   .14420000E-25
   .12161000E-25
   .10372000E-25
   .96549000E-26
   .98291000E-26
   .11172000E-25
   .12485000E-25
   .13826000E-25
   .11620000E-25
   .10246000E-25
   .10232000E-25
   .10139000E-25
   .10228000E-25
   .11371000E-25
   .12148000E-25
   .11878000E-25
   .10780000E-25
   .91516000E-26
   .93001000E-26
   .78029000E-26
   .75948000E-26
   .96390000E-26
   .12612000E-25
   .13635000E-25
   .14604000E-25
   .13873000E-25
   .14112000E-25
   .13312000E-25
   .14303000E-25
   .14006000E-25
   .17124000E-25
   .18025000E-25
   .17773000E-25
   .15472000E-25
   .16176000E-25
   .15119000E-25
   .14604000E-25
   .15410000E-25
   .17146000E-25
   .17419000E-25
   .17364000E-25
   .17462000E-25
   .19200000E-25
   .19955000E-25
   .18890000E-25
   .18400000E-25
   .16777000E-25
   .13698000E-25
   .12619000E-25
   .14723000E-25
   .16329000E-25
   .16738000E-25
   .17577000E-25
   .18073000E-25
   .16991000E-25
   .16975000E-25
   .17887000E-25
   .18330000E-25
   .18648000E-25
   .19768000E-25
   .19644000E-25
   .20235000E-25
   .22136000E-25
   .22393000E-25
   .23601000E-25
   .25281000E-25
   .25873000E-25
   .25922000E-25
   .27725000E-25
   .26519000E-25
   .23547000E-25
   .21578000E-25
   .19881000E-25
   .17211000E-25
   .16603000E-25
   .16385000E-25
   .18440000E-25
   .18830000E-25
   .19061000E-25
   .17722000E-25
   .16498000E-25
   .14697000E-25
   .15995000E-25
   .15447000E-25
   .16836000E-25
   .19335000E-25
