  11102  5  1 HOYAG.01   CSM3-4 GA   .633 H PS  11594 00.00   1        
  PROGRAM    EHEAD   VERSION 01.01 HE-NE LASER                         
  USER PLC DATE & TIME  1995  4  4 00.00 00.00     9.990    295K U     
 EC1 Ho  50     0     0 Y3Al5O12        1.750000 - 2.199700 .00010     
 SOURCE POLARIZATION IS HORIZONTAL, SLIT WIDTH IS 2000 MICRONS         
  FORMAT(1X,G15.8)                                                     
  This spectra is part of Database LASERS
 Database LASERS was created by Pat Cross working 
 at NASA Langley Research Center, Internal Operations Group,
 Aerospace Electronics Systems Division, Remote Sensing 
 Technology Branch. phone:(757)864-1633   fax:(757)864-7894 
     e-mail p.l.cross@larc.nasa.gov 
     homepage http://aesd.larc.nasa.gov/laser/dbmain.htm
  EOH                                                                  
  4498.         
   .00000000    
   .00000000    
   .00000000    
   .11051000E-26
   .00000000    
   .00000000    
   .33765000E-26
   .00000000    
   .00000000    
   .00000000    
   .00000000    
   .00000000    
   .00000000    
   .00000000    
   .00000000    
   .00000000    
   .00000000    
   .00000000    
   .00000000    
   .00000000    
   .34972000E-26
   .00000000    
   .00000000    
   .00000000    
   .00000000    
   .35872000E-26
   .22330000E-26
   .80361000E-27
   .00000000    
   .00000000    
   .00000000    
   .00000000    
   .00000000    
   .00000000    
   .00000000    
   .39434000E-26
   .00000000    
   .00000000    
   .36032000E-26
   .21581000E-26
   .00000000    
   .00000000    
   .00000000    
   .00000000    
   .00000000    
   .00000000    
   .00000000    
   .00000000    
   .00000000    
   .00000000    
   .00000000    
   .00000000    
   .00000000    
   .00000000    
   .00000000    
   .00000000    
   .00000000    
   .00000000    
   .00000000    
   .27849000E-26
   .00000000    
   .00000000    
   .00000000    
   .00000000    
   .00000000    
   .00000000    
   .70853000E-26
   .78241000E-28
   .00000000    
   .00000000    
   .00000000    
   .00000000    
   .00000000    
   .00000000    
   .00000000    
   .00000000    
   .00000000    
   .00000000    
   .00000000    
   .00000000    
   .64464000E-26
   .23297000E-26
   .00000000    
   .00000000    
   .00000000    
   .00000000    
   .00000000    
   .00000000    
   .00000000    
   .00000000    
   .00000000    
   .00000000    
   .13623000E-26
   .00000000    
   .00000000    
   .00000000    
   .00000000    
   .11371000E-26
   .00000000    
   .00000000    
   .00000000    
   .00000000    
   .00000000    
   .00000000    
   .00000000    
   .00000000    
   .00000000    
   .00000000    
   .00000000    
   .00000000    
   .00000000    
   .00000000    
   .00000000    
   .00000000    
   .00000000    
   .00000000    
   .00000000    
   .00000000    
   .00000000    
   .11740000E-26
   .00000000    
   .00000000    
   .00000000    
   .00000000    
   .00000000    
   .21807000E-26
   .00000000    
   .00000000    
   .00000000    
   .00000000    
   .00000000    
   .00000000    
   .00000000    
   .16746000E-26
   .60813000E-27
   .00000000    
   .00000000    
   .10867000E-27
   .00000000    
   .00000000    
   .00000000    
   .00000000    
   .00000000    
   .00000000    
   .00000000    
   .00000000    
   .00000000    
   .00000000    
   .00000000    
   .28779000E-26
   .25197000E-26
   .00000000    
   .00000000    
   .00000000    
   .00000000    
   .16411000E-26
   .00000000    
   .00000000    
   .00000000    
   .00000000    
   .00000000    
   .00000000    
   .00000000    
   .38538000E-26
   .00000000    
   .00000000    
   .37033000E-27
   .92033000E-27
   .00000000    
   .00000000    
   .00000000    
   .00000000    
   .30779000E-26
   .00000000    
   .00000000    
   .00000000    
   .00000000    
   .00000000    
   .22004000E-26
   .00000000    
   .00000000    
   .00000000    
   .00000000    
   .00000000    
   .00000000    
   .00000000    
   .00000000    
   .00000000    
   .28452000E-26
   .41205000E-26
   .00000000    
   .00000000    
   .00000000    
   .00000000    
   .00000000    
   .00000000    
   .00000000    
   .00000000    
   .00000000    
   .00000000    
   .00000000    
   .46563000E-26
   .00000000    
   .00000000    
   .00000000    
   .00000000    
   .00000000    
   .00000000    
   .00000000    
   .26319000E-26
   .00000000    
   .00000000    
   .00000000    
   .00000000    
   .00000000    
   .00000000    
   .00000000    
   .23071000E-26
   .00000000    
   .00000000    
   .00000000    
   .00000000    
   .00000000    
   .00000000    
   .00000000    
   .00000000    
   .00000000    
   .00000000    
   .00000000    
   .00000000    
   .57947000E-26
   .00000000    
   .00000000    
   .00000000    
   .00000000    
   .00000000    
   .00000000    
   .00000000    
   .00000000    
   .00000000    
   .00000000    
   .00000000    
   .00000000    
   .00000000    
   .00000000    
   .00000000    
   .00000000    
   .00000000    
   .00000000    
   .00000000    
   .00000000    
   .00000000    
   .00000000    
   .00000000    
   .00000000    
   .00000000    
   .00000000    
   .00000000    
   .00000000    
   .00000000    
   .00000000    
   .00000000    
   .00000000    
   .00000000    
   .36474000E-26
   .00000000    
   .00000000    
   .00000000    
   .59528000E-26
   .45914000E-26
   .00000000    
   .00000000    
   .00000000    
   .00000000    
   .17149000E-26
   .12247000E-26
   .00000000    
   .00000000    
   .00000000    
   .00000000    
   .14200000E-26
   .13687000E-26
   .00000000    
   .00000000    
   .82977000E-26
   .28857000E-26
   .00000000    
   .00000000    
   .00000000    
   .00000000    
   .92404000E-27
   .00000000    
   .00000000    
   .00000000    
   .00000000    
   .00000000    
   .00000000    
   .00000000    
   .00000000    
   .00000000    
   .00000000    
   .00000000    
   .34556000E-26
   .00000000    
   .28975000E-26
   .00000000    
   .00000000    
   .00000000    
   .00000000    
   .00000000    
   .00000000    
   .97501000E-26
   .00000000    
   .00000000    
   .00000000    
   .00000000    
   .00000000    
   .00000000    
   .00000000    
   .00000000    
   .00000000    
   .00000000    
   .00000000    
   .00000000    
   .00000000    
   .00000000    
   .47743000E-26
   .28194000E-26
   .58190000E-26
   .12388000E-26
   .00000000    
   .00000000    
   .00000000    
   .00000000    
   .00000000    
   .00000000    
   .00000000    
   .57938000E-26
   .90285000E-28
   .00000000    
   .77847000E-26
   .00000000    
   .00000000    
   .00000000    
   .65329000E-27
   .00000000    
   .00000000    
   .00000000    
   .00000000    
   .00000000    
   .00000000    
   .00000000    
   .00000000    
   .00000000    
   .00000000    
   .38406000E-26
   .78811000E-26
   .13516000E-25
   .00000000    
   .00000000    
   .00000000    
   .00000000    
   .00000000    
   .00000000    
   .00000000    
   .00000000    
   .00000000    
   .00000000    
   .00000000    
   .00000000    
   .54505000E-26
   .35440000E-26
   .00000000    
   .00000000    
   .00000000    
   .00000000    
   .78537000E-26
   .80197000E-26
   .00000000    
   .63152000E-27
   .00000000    
   .00000000    
   .62858000E-27
   .00000000    
   .00000000    
   .00000000    
   .00000000    
   .00000000    
   .00000000    
   .00000000    
   .00000000    
   .00000000    
   .00000000    
   .00000000    
   .00000000    
   .00000000    
   .00000000    
   .00000000    
   .00000000    
   .10640000E-26
   .00000000    
   .00000000    
   .00000000    
   .37395000E-26
   .00000000    
   .00000000    
   .00000000    
   .00000000    
   .00000000    
   .00000000    
   .00000000    
   .00000000    
   .00000000    
   .00000000    
   .00000000    
   .00000000    
   .00000000    
   .00000000    
   .00000000    
   .00000000    
   .29414000E-27
   .00000000    
   .00000000    
   .45375000E-26
   .00000000    
   .00000000    
   .00000000    
   .00000000    
   .00000000    
   .00000000    
   .00000000    
   .00000000    
   .00000000    
   .00000000    
   .00000000    
   .00000000    
   .00000000    
   .00000000    
   .00000000    
   .63552000E-26
   .00000000    
   .00000000    
   .00000000    
   .00000000    
   .00000000    
   .00000000    
   .00000000    
   .00000000    
   .22121000E-26
   .00000000    
   .00000000    
   .00000000    
   .00000000    
   .00000000    
   .00000000    
   .17993000E-26
   .00000000    
   .22760000E-26
   .40345000E-26
   .54083000E-26
   .00000000    
   .00000000    
   .92489000E-26
   .00000000    
   .00000000    
   .00000000    
   .00000000    
   .00000000    
   .00000000    
   .00000000    
   .00000000    
   .00000000    
   .00000000    
   .00000000    
   .00000000    
   .00000000    
   .00000000    
   .00000000    
   .00000000    
   .11119000E-26
   .00000000    
   .00000000    
   .00000000    
   .00000000    
   .00000000    
   .10703000E-25
   .00000000    
   .00000000    
   .00000000    
   .00000000    
   .00000000    
   .23890000E-26
   .00000000    
   .00000000    
   .00000000    
   .00000000    
   .00000000    
   .00000000    
   .00000000    
   .00000000    
   .00000000    
   .00000000    
   .00000000    
   .00000000    
   .00000000    
   .00000000    
   .00000000    
   .00000000    
   .00000000    
   .00000000    
   .00000000    
   .00000000    
   .00000000    
   .00000000    
   .00000000    
   .00000000    
   .00000000    
   .00000000    
   .00000000    
   .00000000    
   .00000000    
   .00000000    
   .00000000    
   .00000000    
   .45287000E-26
   .16096000E-26
   .00000000    
   .00000000    
   .00000000    
   .92454000E-27
   .00000000    
   .34867000E-26
   .00000000    
   .00000000    
   .00000000    
   .00000000    
   .00000000    
   .00000000    
   .00000000    
   .00000000    
   .00000000    
   .00000000    
   .00000000    
   .00000000    
   .00000000    
   .12369000E-26
   .51357000E-26
   .16455000E-26
   .00000000    
   .00000000    
   .00000000    
   .00000000    
   .00000000    
   .00000000    
   .00000000    
   .00000000    
   .00000000    
   .00000000    
   .00000000    
   .00000000    
   .00000000    
   .00000000    
   .00000000    
   .39714000E-26
   .00000000    
   .00000000    
   .00000000    
   .00000000    
   .00000000    
   .90460000E-26
   .48286000E-26
   .33671000E-26
   .23322000E-26
   .00000000    
   .25080000E-26
   .27777000E-26
   .29595000E-26
   .00000000    
   .00000000    
   .20316000E-27
   .21137000E-27
   .00000000    
   .00000000    
   .28326000E-26
   .00000000    
   .00000000    
   .00000000    
   .00000000    
   .00000000    
   .00000000    
   .66039000E-26
   .00000000    
   .00000000    
   .00000000    
   .00000000    
   .00000000    
   .25186000E-26
   .00000000    
   .00000000    
   .00000000    
   .00000000    
   .00000000    
   .11488000E-25
   .00000000    
   .80133000E-26
   .11712000E-25
   .00000000    
   .00000000    
   .00000000    
   .00000000    
   .00000000    
   .00000000    
   .00000000    
   .00000000    
   .00000000    
   .00000000    
   .00000000    
   .93507000E-27
   .00000000    
   .00000000    
   .00000000    
   .00000000    
   .00000000    
   .00000000    
   .00000000    
   .00000000    
   .00000000    
   .00000000    
   .00000000    
   .00000000    
   .17756000E-26
   .00000000    
   .58400000E-27
   .00000000    
   .00000000    
   .00000000    
   .00000000    
   .00000000    
   .57658000E-26
   .77437000E-27
   .00000000    
   .54081000E-27
   .00000000    
   .00000000    
   .00000000    
   .63277000E-26
   .00000000    
   .00000000    
   .00000000    
   .00000000    
   .50537000E-26
   .00000000    
   .00000000    
   .00000000    
   .52121000E-26
   .00000000    
   .00000000    
   .14737000E-25
   .10492000E-25
   .00000000    
   .00000000    
   .00000000    
   .00000000    
   .00000000    
   .00000000    
   .00000000    
   .00000000    
   .00000000    
   .36587000E-26
   .00000000    
   .00000000    
   .00000000    
   .00000000    
   .00000000    
   .00000000    
   .00000000    
   .00000000    
   .00000000    
   .46905000E-26
   .00000000    
   .00000000    
   .00000000    
   .00000000    
   .00000000    
   .00000000    
   .00000000    
   .00000000    
   .00000000    
   .32215000E-26
   .00000000    
   .00000000    
   .19969000E-26
   .77657000E-26
   .00000000    
   .00000000    
   .33023000E-26
   .00000000    
   .00000000    
   .00000000    
   .00000000    
   .00000000    
   .00000000    
   .00000000    
   .00000000    
   .00000000    
   .00000000    
   .00000000    
   .00000000    
   .00000000    
   .00000000    
   .00000000    
   .00000000    
   .88208000E-26
   .51453000E-27
   .00000000    
   .00000000    
   .00000000    
   .00000000    
   .00000000    
   .00000000    
   .00000000    
   .00000000    
   .10351000E-27
   .00000000    
   .00000000    
   .00000000    
   .00000000    
   .00000000    
   .00000000    
   .00000000    
   .00000000    
   .00000000    
   .00000000    
   .00000000    
   .00000000    
   .93362000E-28
   .57335000E-26
   .00000000    
   .17237000E-26
   .15125000E-26
   .33072000E-26
   .27584000E-26
   .10782000E-25
   .67126000E-26
   .50363000E-26
   .00000000    
   .00000000    
   .00000000    
   .00000000    
   .00000000    
   .00000000    
   .00000000    
   .17290000E-25
   .58219000E-26
   .00000000    
   .55698000E-27
   .00000000    
   .00000000    
   .00000000    
   .58930000E-26
   .48789000E-26
   .00000000    
   .00000000    
   .00000000    
   .00000000    
   .00000000    
   .27054000E-26
   .00000000    
   .00000000    
   .00000000    
   .00000000    
   .68864000E-26
   .32952000E-26
   .00000000    
   .00000000    
   .00000000    
   .54690000E-26
   .99425000E-26
   .12379000E-26
   .00000000    
   .64554000E-27
   .00000000    
   .60097000E-26
   .33585000E-26
   .32355000E-26
   .00000000    
   .12140000E-26
   .25198000E-27
   .54875000E-27
   .00000000    
   .00000000    
   .00000000    
   .00000000    
   .12844000E-25
   .67197000E-26
   .00000000    
   .12519000E-26
   .00000000    
   .00000000    
   .74624000E-26
   .57470000E-26
   .80160000E-26
   .32493000E-26
   .35110000E-26
   .80792000E-26
   .63425000E-26
   .85875000E-26
   .76819000E-26
   .11622000E-25
   .13533000E-25
   .15776000E-25
   .12980000E-25
   .14688000E-25
   .13165000E-25
   .25733000E-25
   .17428000E-25
   .91363000E-26
   .64980000E-26
   .86958000E-26
   .11940000E-25
   .17290000E-25
   .16970000E-25
   .16608000E-25
   .18345000E-25
   .29468000E-25
   .35967000E-25
   .29438000E-25
   .35736000E-25
   .41075000E-25
   .51112000E-25
   .55269000E-25
   .49841000E-25
   .50907000E-25
   .53514000E-25
   .50087000E-25
   .45461000E-25
   .63710000E-25
   .60839000E-25
   .57396000E-25
   .49872000E-25
   .62994000E-25
   .64152000E-25
   .60311000E-25
   .58526000E-25
   .56838000E-25
   .64174000E-25
   .54644000E-25
   .39473000E-25
   .45321000E-25
   .37176000E-25
   .38925000E-25
   .36740000E-25
   .38649000E-25
   .34821000E-25
   .34094000E-25
   .34608000E-25
   .31616000E-25
   .17320000E-25
   .29398000E-25
   .31413000E-25
   .54875000E-26
   .49993000E-26
   .12592000E-25
   .13515000E-25
   .11696000E-25
   .10841000E-25
   .51540000E-26
   .11910000E-25
   .11753000E-25
   .00000000    
   .00000000    
   .88239000E-26
   .41634000E-26
   .13587000E-25
   .14827000E-25
   .21117000E-25
   .49110000E-26
   .20589000E-25
   .15637000E-25
   .14782000E-25
   .14613000E-25
   .18799000E-25
   .11663000E-25
   .18733000E-25
   .16168000E-25
   .22631000E-26
   .50137000E-26
   .82777000E-26
   .00000000    
   .00000000    
   .00000000    
   .00000000    
   .12556000E-26
   .91927000E-26
   .85801000E-26
   .14238000E-26
   .97760000E-26
   .93470000E-26
   .00000000    
   .49037000E-26
   .76097000E-26
   .94293000E-26
   .20763000E-26
   .29777000E-26
   .00000000    
   .00000000    
   .00000000    
   .00000000    
   .00000000    
   .00000000    
   .00000000    
   .00000000    
   .34210000E-27
   .30686000E-26
   .17719000E-25
   .13326000E-25
   .81090000E-26
   .16441000E-25
   .21182000E-25
   .13087000E-25
   .43817000E-26
   .52771000E-26
   .12128000E-25
   .21319000E-25
   .16894000E-25
   .19702000E-25
   .75996000E-26
   .00000000    
   .78936000E-26
   .14499000E-25
   .93057000E-26
   .38238000E-26
   .90833000E-26
   .61168000E-26
   .32555000E-26
   .16183000E-25
   .16917000E-25
   .21602000E-26
   .85808000E-26
   .18906000E-25
   .26358000E-25
   .18764000E-25
   .19794000E-25
   .23399000E-25
   .22013000E-25
   .14553000E-25
   .20218000E-25
   .21565000E-25
   .22180000E-25
   .26351000E-25
   .35219000E-25
   .28373000E-25
   .16442000E-25
   .28789000E-25
   .35071000E-25
   .40047000E-25
   .32470000E-25
   .33322000E-25
   .39269000E-25
   .21167000E-25
   .43994000E-25
   .43629000E-25
   .42243000E-25
   .34475000E-25
   .49851000E-25
   .61506000E-25
   .53948000E-25
   .52383000E-25
   .60184000E-25
   .45127000E-25
   .41968000E-25
   .36409000E-25
   .38113000E-25
   .34097000E-25
   .34357000E-25
   .34552000E-25
   .42003000E-25
   .31041000E-25
   .30252000E-25
   .20068000E-25
   .26660000E-25
   .33114000E-25
   .43190000E-25
   .43111000E-25
   .35951000E-25
   .31408000E-25
   .30483000E-25
   .29547000E-25
   .44482000E-25
   .41488000E-25
   .32105000E-25
   .48514000E-25
   .37435000E-25
   .49325000E-25
   .45422000E-25
   .41669000E-25
   .52057000E-25
   .60969000E-25
   .49856000E-25
   .42342000E-25
   .45775000E-25
   .51041000E-25
   .55507000E-25
   .55225000E-25
   .59806000E-25
   .58019000E-25
   .67588000E-25
   .68843000E-25
   .65004000E-25
   .60305000E-25
   .56883000E-25
   .60276000E-25
   .60299000E-25
   .67854000E-25
   .67823000E-25
   .69526000E-25
   .70724000E-25
   .46735000E-25
   .46827000E-25
   .52727000E-25
   .48748000E-25
   .45303000E-25
   .47636000E-25
   .44386000E-25
   .34242000E-25
   .39337000E-25
   .40350000E-25
   .46691000E-25
   .43223000E-25
   .35887000E-25
   .42884000E-25
   .54117000E-25
   .51365000E-25
   .55555000E-25
   .57876000E-25
   .52297000E-25
   .44998000E-25
   .41611000E-25
   .46651000E-25
   .48183000E-25
   .46891000E-25
   .62033000E-25
   .44680000E-25
   .38680000E-25
   .46948000E-25
   .49235000E-25
   .50178000E-25
   .43306000E-25
   .27208000E-25
   .37546000E-25
   .47145000E-25
   .49399000E-25
   .47944000E-25
   .46449000E-25
   .38341000E-25
   .25599000E-25
   .25654000E-25
   .34436000E-25
   .31599000E-25
   .22749000E-25
   .17231000E-25
   .25818000E-25
   .16983000E-25
   .25535000E-25
   .39930000E-25
   .29593000E-25
   .32186000E-25
   .27692000E-25
   .18886000E-25
   .23592000E-25
   .28786000E-25
   .22004000E-25
   .33042000E-25
   .25907000E-25
   .42829000E-25
   .50597000E-25
   .37042000E-25
   .30309000E-25
   .38577000E-25
   .38321000E-25
   .38142000E-25
   .37845000E-25
   .45088000E-25
   .54462000E-25
   .51836000E-25
   .44211000E-25
   .46250000E-25
   .49393000E-25
   .55646000E-25
   .59909000E-25
   .79017000E-25
   .82186000E-25
   .73504000E-25
   .73746000E-25
   .79048000E-25
   .98992000E-25
   .11007000E-24
   .12104000E-24
   .13261000E-24
   .13085000E-24
   .14393000E-24
   .14395000E-24
   .16688000E-24
   .17134000E-24
   .18505000E-24
   .18970000E-24
   .18988000E-24
   .20786000E-24
   .21690000E-24
   .22809000E-24
   .22151000E-24
   .23155000E-24
   .23132000E-24
   .23578000E-24
   .24093000E-24
   .26067000E-24
   .26413000E-24
   .27245000E-24
   .27266000E-24
   .28009000E-24
   .28359000E-24
   .28265000E-24
   .28805000E-24
   .28436000E-24
   .29543000E-24
   .29527000E-24
   .29662000E-24
   .29574000E-24
   .27067000E-24
   .26746000E-24
   .26905000E-24
   .26725000E-24
   .27388000E-24
   .27105000E-24
   .25878000E-24
   .24600000E-24
   .23600000E-24
   .22116000E-24
   .22260000E-24
   .20351000E-24
   .19874000E-24
   .19519000E-24
   .18241000E-24
   .18739000E-24
   .18726000E-24
   .17404000E-24
   .16317000E-24
   .16067000E-24
   .16108000E-24
   .15070000E-24
   .14690000E-24
   .14539000E-24
   .13120000E-24
   .12673000E-24
   .12002000E-24
   .12055000E-24
   .12112000E-24
   .13329000E-24
   .12601000E-24
   .11923000E-24
   .12276000E-24
   .12352000E-24
   .12509000E-24
   .12398000E-24
   .11819000E-24
   .11702000E-24
   .11424000E-24
   .12527000E-24
   .14406000E-24
   .14394000E-24
   .13064000E-24
   .14242000E-24
   .14222000E-24
   .14129000E-24
   .14116000E-24
   .14453000E-24
   .14237000E-24
   .14498000E-24
   .15280000E-24
   .14925000E-24
   .13671000E-24
   .13048000E-24
   .13747000E-24
   .13835000E-24
   .14284000E-24
   .13752000E-24
   .13972000E-24
   .14284000E-24
   .13589000E-24
   .12639000E-24
   .13035000E-24
   .13404000E-24
   .14506000E-24
   .14064000E-24
   .13501000E-24
   .11886000E-24
   .10683000E-24
   .10981000E-24
   .10728000E-24
   .98277000E-25
   .10327000E-24
   .11828000E-24
   .11618000E-24
   .11206000E-24
   .10605000E-24
   .98206000E-25
   .10746000E-24
   .10527000E-24
   .10161000E-24
   .99155000E-25
   .10082000E-24
   .91139000E-25
   .84965000E-25
   .83340000E-25
   .91251000E-25
   .83871000E-25
   .84981000E-25
   .78836000E-25
   .75152000E-25
   .72779000E-25
   .66501000E-25
   .66285000E-25
   .73487000E-25
   .68050000E-25
   .67634000E-25
   .77407000E-25
   .71486000E-25
   .91269000E-25
   .78697000E-25
   .69596000E-25
   .75160000E-25
   .74308000E-25
   .75688000E-25
   .90061000E-25
   .91162000E-25
   .91091000E-25
   .10782000E-24
   .10384000E-24
   .10190000E-24
   .10661000E-24
   .10708000E-24
   .11699000E-24
   .12385000E-24
   .11510000E-24
   .11143000E-24
   .10712000E-24
   .11189000E-24
   .11473000E-24
   .11040000E-24
   .12087000E-24
   .11902000E-24
   .12234000E-24
   .12127000E-24
   .12056000E-24
   .12231000E-24
   .12038000E-24
   .12617000E-24
   .12101000E-24
   .11978000E-24
   .12388000E-24
   .13290000E-24
   .13411000E-24
   .13100000E-24
   .13879000E-24
   .15150000E-24
   .15537000E-24
   .16677000E-24
   .18233000E-24
   .18592000E-24
   .19249000E-24
   .20649000E-24
   .23872000E-24
   .23958000E-24
   .24990000E-24
   .26510000E-24
   .28967000E-24
   .30206000E-24
   .31349000E-24
   .33991000E-24
   .35816000E-24
   .36762000E-24
   .37908000E-24
   .38030000E-24
   .39429000E-24
   .40283000E-24
   .39819000E-24
   .41520000E-24
   .41183000E-24
   .41398000E-24
   .42688000E-24
   .41930000E-24
   .40770000E-24
   .41461000E-24
   .40557000E-24
   .39952000E-24
   .38161000E-24
   .37111000E-24
   .37127000E-24
   .36293000E-24
   .34156000E-24
   .33965000E-24
   .32985000E-24
   .31671000E-24
   .29413000E-24
   .28399000E-24
   .27815000E-24
   .26595000E-24
   .26861000E-24
   .26220000E-24
   .25639000E-24
   .25534000E-24
   .24796000E-24
   .25383000E-24
   .24267000E-24
   .24150000E-24
   .24463000E-24
   .24952000E-24
   .24627000E-24
   .25378000E-24
   .26484000E-24
   .26719000E-24
   .26617000E-24
   .26472000E-24
   .26896000E-24
   .27739000E-24
   .26845000E-24
   .27062000E-24
   .25749000E-24
   .26478000E-24
   .27331000E-24
   .25790000E-24
   .25436000E-24
   .24881000E-24
   .26047000E-24
   .25045000E-24
   .23422000E-24
   .23029000E-24
   .22068000E-24
   .22139000E-24
   .22261000E-24
   .23088000E-24
   .21048000E-24
   .19347000E-24
   .19628000E-24
   .19426000E-24
   .18967000E-24
   .18304000E-24
   .17621000E-24
   .18808000E-24
   .17986000E-24
   .17691000E-24
   .18798000E-24
   .19417000E-24
   .19888000E-24
   .19904000E-24
   .18433000E-24
   .18532000E-24
   .20050000E-24
   .18926000E-24
   .19496000E-24
   .18647000E-24
   .19948000E-24
   .21908000E-24
   .21591000E-24
   .21180000E-24
   .20999000E-24
   .20379000E-24
   .21542000E-24
   .21934000E-24
   .20625000E-24
   .20365000E-24
   .20390000E-24
   .20101000E-24
   .20251000E-24
   .19940000E-24
   .20136000E-24
   .20115000E-24
   .20076000E-24
   .19705000E-24
   .19532000E-24
   .18989000E-24
   .19070000E-24
   .18697000E-24
   .17341000E-24
   .17315000E-24
   .17983000E-24
   .17599000E-24
   .18227000E-24
   .17020000E-24
   .18025000E-24
   .17345000E-24
   .17181000E-24
   .16036000E-24
   .16338000E-24
   .15428000E-24
   .15822000E-24
   .16343000E-24
   .16110000E-24
   .14652000E-24
   .14210000E-24
   .13044000E-24
   .13827000E-24
   .13259000E-24
   .13112000E-24
   .14296000E-24
   .12536000E-24
   .12146000E-24
   .12644000E-24
   .12044000E-24
   .10278000E-24
   .11068000E-24
   .12324000E-24
   .10963000E-24
   .10766000E-24
   .10597000E-24
   .10652000E-24
   .10910000E-24
   .90609000E-25
   .84487000E-25
   .91961000E-25
   .10046000E-24
   .91006000E-25
   .88086000E-25
   .78906000E-25
   .87124000E-25
   .91868000E-25
   .89738000E-25
   .89787000E-25
   .88389000E-25
   .86918000E-25
   .97027000E-25
   .95540000E-25
   .99373000E-25
   .97698000E-25
   .95759000E-25
   .10373000E-24
   .97460000E-25
   .11003000E-24
   .10299000E-24
   .10696000E-24
   .90258000E-25
   .91400000E-25
   .98310000E-25
   .98862000E-25
   .99446000E-25
   .89911000E-25
   .93257000E-25
   .82887000E-25
   .81359000E-25
   .81940000E-25
   .82508000E-25
   .75334000E-25
   .70213000E-25
   .66782000E-25
   .75349000E-25
   .65902000E-25
   .69840000E-25
   .69227000E-25
   .69680000E-25
   .63702000E-25
   .66780000E-25
   .64768000E-25
   .58062000E-25
   .56587000E-25
   .64444000E-25
   .52483000E-25
   .64420000E-25
   .76359000E-25
   .59606000E-25
   .60309000E-25
   .61738000E-25
   .67754000E-25
   .66183000E-25
   .75217000E-25
   .68406000E-25
   .81239000E-25
   .74879000E-25
   .71397000E-25
   .83047000E-25
   .88887000E-25
   .82578000E-25
   .93371000E-25
   .92251000E-25
   .90525000E-25
   .90476000E-25
   .90269000E-25
   .86587000E-25
   .91054000E-25
   .99498000E-25
   .10377000E-24
   .10206000E-24
   .10569000E-24
   .11236000E-24
   .10583000E-24
   .11657000E-24
   .13963000E-24
   .13761000E-24
   .15131000E-24
   .14347000E-24
   .15448000E-24
   .15901000E-24
   .15194000E-24
   .16320000E-24
   .17114000E-24
   .16729000E-24
   .17350000E-24
   .17687000E-24
   .16515000E-24
   .16439000E-24
   .16730000E-24
   .16720000E-24
   .15686000E-24
   .15881000E-24
   .16270000E-24
   .15081000E-24
   .14839000E-24
   .14051000E-24
   .14177000E-24
   .13720000E-24
   .13726000E-24
   .13641000E-24
   .14144000E-24
   .14535000E-24
   .14678000E-24
   .14049000E-24
   .13567000E-24
   .13459000E-24
   .15305000E-24
   .15667000E-24
   .15338000E-24
   .16852000E-24
   .18732000E-24
   .19226000E-24
   .19673000E-24
   .20529000E-24
   .21541000E-24
   .21948000E-24
   .23109000E-24
   .24691000E-24
   .26131000E-24
   .28052000E-24
   .29594000E-24
   .30748000E-24
   .32022000E-24
   .33242000E-24
   .35640000E-24
   .37494000E-24
   .38789000E-24
   .41222000E-24
   .43910000E-24
   .45245000E-24
   .48111000E-24
   .48241000E-24
   .48058000E-24
   .50407000E-24
   .51346000E-24
   .53082000E-24
   .55271000E-24
   .57083000E-24
   .59510000E-24
   .61276000E-24
   .61309000E-24
   .62151000E-24
   .61876000E-24
   .62242000E-24
   .63116000E-24
   .63178000E-24
   .63491000E-24
   .63588000E-24
   .62860000E-24
   .61998000E-24
   .61260000E-24
   .60504000E-24
   .62100000E-24
   .61254000E-24
   .60814000E-24
   .60379000E-24
   .61069000E-24
   .59725000E-24
   .58201000E-24
   .56995000E-24
   .56050000E-24
   .55548000E-24
   .51796000E-24
   .49841000E-24
   .47940000E-24
   .47075000E-24
   .45226000E-24
   .44787000E-24
   .44185000E-24
   .43439000E-24
   .40874000E-24
   .39549000E-24
   .38339000E-24
   .37601000E-24
   .36552000E-24
   .35388000E-24
   .35271000E-24
   .34063000E-24
   .32492000E-24
   .32496000E-24
   .31520000E-24
   .31263000E-24
   .30334000E-24
   .30388000E-24
   .30228000E-24
   .30166000E-24
   .30746000E-24
   .30077000E-24
   .29724000E-24
   .29697000E-24
   .29456000E-24
   .31056000E-24
   .30299000E-24
   .29502000E-24
   .30367000E-24
   .30227000E-24
   .29271000E-24
   .30278000E-24
   .31876000E-24
   .30257000E-24
   .32142000E-24
   .34173000E-24
   .34052000E-24
   .34319000E-24
   .35048000E-24
   .34998000E-24
   .35462000E-24
   .36004000E-24
   .34931000E-24
   .34462000E-24
   .33860000E-24
   .33491000E-24
   .34387000E-24
   .32630000E-24
   .31549000E-24
   .30640000E-24
   .28803000E-24
   .28641000E-24
   .28074000E-24
   .28029000E-24
   .27767000E-24
   .26118000E-24
   .25067000E-24
   .24119000E-24
   .22445000E-24
   .21157000E-24
   .21491000E-24
   .20644000E-24
   .19335000E-24
   .17610000E-24
   .17160000E-24
   .16644000E-24
   .17343000E-24
   .17208000E-24
   .18149000E-24
   .17335000E-24
   .17736000E-24
   .17685000E-24
   .17108000E-24
   .17583000E-24
   .19129000E-24
   .18090000E-24
   .19483000E-24
   .20504000E-24
   .22523000E-24
   .23658000E-24
   .24099000E-24
   .25195000E-24
   .27065000E-24
   .27927000E-24
   .29040000E-24
   .30494000E-24
   .31665000E-24
   .32334000E-24
   .34318000E-24
   .34287000E-24
   .35594000E-24
   .36686000E-24
   .36697000E-24
   .37704000E-24
   .38690000E-24
   .39008000E-24
   .38925000E-24
   .39581000E-24
   .40925000E-24
   .39773000E-24
   .41430000E-24
   .40745000E-24
   .39375000E-24
   .38632000E-24
   .38293000E-24
   .37618000E-24
   .35609000E-24
   .34204000E-24
   .33669000E-24
   .33028000E-24
   .30968000E-24
   .30064000E-24
   .29852000E-24
   .28758000E-24
   .27673000E-24
   .27088000E-24
   .25097000E-24
   .23828000E-24
   .23475000E-24
   .23235000E-24
   .21924000E-24
   .22653000E-24
   .22139000E-24
   .21049000E-24
   .21474000E-24
   .20751000E-24
   .21309000E-24
   .21567000E-24
   .21033000E-24
   .20268000E-24
   .20784000E-24
   .21796000E-24
   .21238000E-24
   .20739000E-24
   .19900000E-24
   .20417000E-24
   .20433000E-24
   .19265000E-24
   .19747000E-24
   .19862000E-24
   .20650000E-24
   .21380000E-24
   .21804000E-24
   .22411000E-24
   .22356000E-24
   .22909000E-24
   .22834000E-24
   .24205000E-24
   .24722000E-24
   .26836000E-24
   .27247000E-24
   .27711000E-24
   .28359000E-24
   .29133000E-24
   .28479000E-24
   .29489000E-24
   .30096000E-24
   .31177000E-24
   .31885000E-24
   .31366000E-24
   .31609000E-24
   .31579000E-24
   .32237000E-24
   .32119000E-24
   .31808000E-24
   .31679000E-24
   .32303000E-24
   .33429000E-24
   .34923000E-24
   .35155000E-24
   .34109000E-24
   .35130000E-24
   .35847000E-24
   .36457000E-24
   .37221000E-24
   .38654000E-24
   .38967000E-24
   .39734000E-24
   .39805000E-24
   .40580000E-24
   .41812000E-24
   .41430000E-24
   .40721000E-24
   .41623000E-24
   .41444000E-24
   .39805000E-24
   .40419000E-24
   .41788000E-24
   .39554000E-24
   .39935000E-24
   .39907000E-24
   .39703000E-24
   .39278000E-24
   .38668000E-24
   .36303000E-24
   .34706000E-24
   .32915000E-24
   .32405000E-24
   .32610000E-24
   .31262000E-24
   .30653000E-24
   .30613000E-24
   .31310000E-24
   .31730000E-24
   .31620000E-24
   .32008000E-24
   .32906000E-24
   .33594000E-24
   .34304000E-24
   .36103000E-24
   .36932000E-24
   .38096000E-24
   .39631000E-24
   .41140000E-24
   .41928000E-24
   .43488000E-24
   .45469000E-24
   .46766000E-24
   .46272000E-24
   .48300000E-24
   .48608000E-24
   .50150000E-24
   .50286000E-24
   .50263000E-24
   .48994000E-24
   .48408000E-24
   .48411000E-24
   .48432000E-24
   .47293000E-24
   .45562000E-24
   .44948000E-24
   .42726000E-24
   .41499000E-24
   .40186000E-24
   .38784000E-24
   .37389000E-24
   .34516000E-24
   .32338000E-24
   .29848000E-24
   .29873000E-24
   .28129000E-24
   .27031000E-24
   .25016000E-24
   .23213000E-24
   .22202000E-24
   .21376000E-24
   .20103000E-24
   .20744000E-24
   .21012000E-24
   .19765000E-24
   .18725000E-24
   .19257000E-24
   .19988000E-24
   .19873000E-24
   .20861000E-24
   .21994000E-24
   .21476000E-24
   .22898000E-24
   .23827000E-24
   .23983000E-24
   .24605000E-24
   .24999000E-24
   .25094000E-24
   .26294000E-24
   .26943000E-24
   .26240000E-24
   .27512000E-24
   .27974000E-24
   .27459000E-24
   .26793000E-24
   .26166000E-24
   .27444000E-24
   .28435000E-24
   .28010000E-24
   .27268000E-24
   .25938000E-24
   .24809000E-24
   .25361000E-24
   .25639000E-24
   .25103000E-24
   .24672000E-24
   .23653000E-24
   .24958000E-24
   .25369000E-24
   .25779000E-24
   .25952000E-24
   .26391000E-24
   .28030000E-24
   .27966000E-24
   .29949000E-24
   .30606000E-24
   .30500000E-24
   .31881000E-24
   .32048000E-24
   .31491000E-24
   .32360000E-24
   .32766000E-24
   .32807000E-24
   .32877000E-24
   .33315000E-24
   .32890000E-24
   .33152000E-24
   .33127000E-24
   .33206000E-24
   .31777000E-24
   .31490000E-24
   .30898000E-24
   .29769000E-24
   .29165000E-24
   .28996000E-24
   .28160000E-24
   .26987000E-24
   .25346000E-24
   .24840000E-24
   .25330000E-24
   .24060000E-24
   .23002000E-24
   .22369000E-24
   .21622000E-24
   .21489000E-24
   .21204000E-24
   .20776000E-24
   .20771000E-24
   .20402000E-24
   .20254000E-24
   .21342000E-24
   .20451000E-24
   .19387000E-24
   .20081000E-24
   .19538000E-24
   .19720000E-24
   .19699000E-24
   .19699000E-24
   .19681000E-24
   .18414000E-24
   .17433000E-24
   .18358000E-24
   .18707000E-24
   .17587000E-24
   .18353000E-24
   .18502000E-24
   .18482000E-24
   .17260000E-24
   .17724000E-24
   .16895000E-24
   .16927000E-24
   .18307000E-24
   .18197000E-24
   .18266000E-24
   .17417000E-24
   .19213000E-24
   .18644000E-24
   .19752000E-24
   .19072000E-24
   .20825000E-24
   .21663000E-24
   .21671000E-24
   .22374000E-24
   .23649000E-24
   .23808000E-24
   .23233000E-24
   .23028000E-24
   .22775000E-24
   .24300000E-24
   .22656000E-24
   .22366000E-24
   .22246000E-24
   .21941000E-24
   .21992000E-24
   .21611000E-24
   .21191000E-24
   .21453000E-24
   .19382000E-24
   .19552000E-24
   .17980000E-24
   .17043000E-24
   .15667000E-24
   .14767000E-24
   .14458000E-24
   .13601000E-24
   .12910000E-24
   .12870000E-24
   .11791000E-24
   .11232000E-24
   .10930000E-24
   .86388000E-25
   .90111000E-25
   .83868000E-25
   .79929000E-25
   .79241000E-25
   .66914000E-25
   .67578000E-25
   .61884000E-25
   .70178000E-25
   .75085000E-25
   .74855000E-25
   .53625000E-25
   .55239000E-25
   .58650000E-25
   .54043000E-25
   .48906000E-25
   .50166000E-25
   .47930000E-25
   .50676000E-25
   .44083000E-25
   .50694000E-25
   .41412000E-25
   .53592000E-25
   .42382000E-25
   .54033000E-25
   .47816000E-25
   .33492000E-25
   .50980000E-25
   .41642000E-25
   .42716000E-25
   .40842000E-25
   .43322000E-25
   .38815000E-25
   .34410000E-25
   .41536000E-25
   .48603000E-25
   .33518000E-25
   .30840000E-25
   .36352000E-25
   .41576000E-25
   .31123000E-25
   .32317000E-25
   .32551000E-25
   .40769000E-25
   .33873000E-25
   .33780000E-25
   .35880000E-25
   .39553000E-25
   .32931000E-25
   .33955000E-25
   .33766000E-25
   .33104000E-25
   .34607000E-25
   .38986000E-25
   .28772000E-25
   .29840000E-25
   .25024000E-25
   .28831000E-25
   .30440000E-25
   .25660000E-25
   .32440000E-25
   .42761000E-25
   .39835000E-25
   .45677000E-25
   .46687000E-25
   .43463000E-25
   .47256000E-25
   .44841000E-25
   .27530000E-25
   .18836000E-25
   .30999000E-25
   .32011000E-25
   .29168000E-25
   .30859000E-25
   .40364000E-25
   .37619000E-25
   .39806000E-25
   .38651000E-25
   .40202000E-25
   .36405000E-25
   .36765000E-25
   .36988000E-25
   .40175000E-25
   .39040000E-25
   .36869000E-25
   .39634000E-25
   .44815000E-25
   .37661000E-25
   .34643000E-25
   .31329000E-25
   .35610000E-25
   .28669000E-25
   .39285000E-25
   .31313000E-25
   .38522000E-25
   .39380000E-25
   .46244000E-25
   .49083000E-25
   .44540000E-25
   .35866000E-25
   .37272000E-25
   .43912000E-25
   .44546000E-25
   .44122000E-25
   .38631000E-25
   .46919000E-25
   .53962000E-25
   .43301000E-25
   .58323000E-25
   .63804000E-25
   .65339000E-25
   .62160000E-25
   .56981000E-25
   .71105000E-25
   .69867000E-25
   .69675000E-25
   .75873000E-25
   .74689000E-25
   .83858000E-25
   .73549000E-25
   .76112000E-25
   .79208000E-25
   .85208000E-25
   .73340000E-25
   .73183000E-25
   .83508000E-25
   .86693000E-25
   .87057000E-25
   .88879000E-25
   .84163000E-25
   .74519000E-25
   .64799000E-25
   .68419000E-25
   .78976000E-25
   .81223000E-25
   .68403000E-25
   .85319000E-25
   .80568000E-25
   .79164000E-25
   .77583000E-25
   .65016000E-25
   .69476000E-25
   .70086000E-25
   .82882000E-25
   .73429000E-25
   .65074000E-25
   .80470000E-25
   .80287000E-25
   .78702000E-25
   .72227000E-25
   .71622000E-25
   .68679000E-25
   .71498000E-25
   .72770000E-25
   .70421000E-25
   .73092000E-25
   .68774000E-25
   .63261000E-25
   .68482000E-25
   .72614000E-25
   .72108000E-25
   .77847000E-25
   .83972000E-25
   .77785000E-25
   .81717000E-25
   .90723000E-25
   .91357000E-25
   .10586000E-24
   .10606000E-24
   .11104000E-24
   .12818000E-24
   .11609000E-24
   .12755000E-24
   .13582000E-24
   .13937000E-24
   .15206000E-24
   .16867000E-24
   .16821000E-24
   .17179000E-24
   .17830000E-24
   .17419000E-24
   .17044000E-24
   .18248000E-24
   .18831000E-24
   .20297000E-24
   .20820000E-24
   .21182000E-24
   .20680000E-24
   .21076000E-24
   .21939000E-24
   .21204000E-24
   .20085000E-24
   .19958000E-24
   .21477000E-24
   .22554000E-24
   .21964000E-24
   .21701000E-24
   .20493000E-24
   .19911000E-24
   .20001000E-24
   .20022000E-24
   .20164000E-24
   .21461000E-24
   .20075000E-24
   .19695000E-24
   .18202000E-24
   .18575000E-24
   .17998000E-24
   .17717000E-24
   .17751000E-24
   .16242000E-24
   .16027000E-24
   .15837000E-24
   .15198000E-24
   .14375000E-24
   .14056000E-24
   .12746000E-24
   .12761000E-24
   .12019000E-24
   .11640000E-24
   .11243000E-24
   .11265000E-24
   .10205000E-24
   .10715000E-24
   .11446000E-24
   .11533000E-24
   .11129000E-24
   .10380000E-24
   .98336000E-25
   .95825000E-25
   .94818000E-25
   .10950000E-24
   .95273000E-25
   .98240000E-25
   .10529000E-24
   .10100000E-24
   .11027000E-24
   .11603000E-24
   .11819000E-24
   .11559000E-24
   .12558000E-24
   .12224000E-24
   .13683000E-24
   .15080000E-24
   .15159000E-24
   .16029000E-24
   .17490000E-24
   .18019000E-24
   .19566000E-24
   .19982000E-24
   .20737000E-24
   .21367000E-24
   .21968000E-24
   .21800000E-24
   .23542000E-24
   .23966000E-24
   .23998000E-24
   .23170000E-24
   .23146000E-24
   .23430000E-24
   .24154000E-24
   .24796000E-24
   .24120000E-24
   .23317000E-24
   .24093000E-24
   .24149000E-24
   .22566000E-24
   .22221000E-24
   .21282000E-24
   .20031000E-24
   .19099000E-24
   .19041000E-24
   .17857000E-24
   .16261000E-24
   .15812000E-24
   .15502000E-24
   .14235000E-24
   .14106000E-24
   .12267000E-24
   .10602000E-24
   .10731000E-24
   .10478000E-24
   .10248000E-24
   .93764000E-25
   .87868000E-25
   .87727000E-25
   .82078000E-25
   .74673000E-25
   .75865000E-25
   .65777000E-25
   .69947000E-25
   .79724000E-25
   .75760000E-25
   .67240000E-25
   .67338000E-25
   .64430000E-25
   .52382000E-25
   .44322000E-25
   .48011000E-25
   .49329000E-25
   .52471000E-25
   .52139000E-25
   .58619000E-25
   .50394000E-25
   .39882000E-25
   .44474000E-25
   .44010000E-25
   .44843000E-25
   .48962000E-25
   .39676000E-25
   .39910000E-25
   .44323000E-25
   .39729000E-25
   .34339000E-25
   .33434000E-25
   .33760000E-25
   .48125000E-25
   .48000000E-25
   .40687000E-25
   .42002000E-25
   .38663000E-25
   .27540000E-25
   .39801000E-25
   .42411000E-25
   .28040000E-25
   .32445000E-25
   .34032000E-25
   .32698000E-25
   .34924000E-25
   .43996000E-25
   .37897000E-25
   .39018000E-25
   .41652000E-25
   .37424000E-25
   .37526000E-25
   .43734000E-25
   .43038000E-25
   .44299000E-25
   .43165000E-25
   .40907000E-25
   .41878000E-25
   .48992000E-25
   .40804000E-25
   .40453000E-25
   .45747000E-25
   .44357000E-25
   .42025000E-25
   .42038000E-25
   .46913000E-25
   .48130000E-25
   .44456000E-25
   .43287000E-25
   .58696000E-25
   .49480000E-25
   .52516000E-25
   .47862000E-25
   .50282000E-25
   .44972000E-25
   .54194000E-25
   .53210000E-25
   .57640000E-25
   .50685000E-25
   .40702000E-25
   .40127000E-25
   .40917000E-25
   .43331000E-25
   .43419000E-25
   .40430000E-25
   .45814000E-25
   .50901000E-25
   .55873000E-25
   .47844000E-25
   .53244000E-25
   .50876000E-25
   .49293000E-25
   .46997000E-25
   .45657000E-25
   .49993000E-25
   .46036000E-25
   .41684000E-25
   .47058000E-25
   .48151000E-25
   .45187000E-25
   .44272000E-25
   .44789000E-25
   .49260000E-25
   .45506000E-25
   .35936000E-25
   .35199000E-25
   .43294000E-25
   .44115000E-25
   .41272000E-25
   .38940000E-25
   .33270000E-25
   .41887000E-25
   .42622000E-25
   .39982000E-25
   .42369000E-25
   .32033000E-25
   .33031000E-25
   .36202000E-25
   .42350000E-25
   .30733000E-25
   .32106000E-25
   .32505000E-25
   .39202000E-25
   .41323000E-25
   .41256000E-25
   .37519000E-25
   .39641000E-25
   .43641000E-25
   .41540000E-25
   .35001000E-25
   .36995000E-25
   .42960000E-25
   .30322000E-25
   .36775000E-25
   .41279000E-25
   .39927000E-25
   .36996000E-25
   .31161000E-25
   .29364000E-25
   .37048000E-25
   .35331000E-25
   .38763000E-25
   .27844000E-25
   .36643000E-25
   .28443000E-25
   .41517000E-25
   .42641000E-25
   .53428000E-25
   .41693000E-25
   .39544000E-25
   .36176000E-25
   .30372000E-25
   .34184000E-25
   .34381000E-25
   .29812000E-25
   .30238000E-25
   .36079000E-25
   .31711000E-25
   .31698000E-25
   .34887000E-25
   .33581000E-25
   .28117000E-25
   .36859000E-25
   .30869000E-25
   .34058000E-25
   .33708000E-25
   .32215000E-25
   .31440000E-25
   .28965000E-25
   .27097000E-25
   .30927000E-25
   .33413000E-25
   .36343000E-25
   .42040000E-25
   .34798000E-25
   .33282000E-25
   .31234000E-25
   .29786000E-25
   .21450000E-25
   .26272000E-25
   .29877000E-25
   .39726000E-25
   .38238000E-25
   .33671000E-25
   .37201000E-25
   .33730000E-25
   .34093000E-25
   .37217000E-25
   .40288000E-25
   .38211000E-25
   .30394000E-25
   .33031000E-25
   .37723000E-25
   .38659000E-25
   .48945000E-25
   .45220000E-25
   .43322000E-25
   .33684000E-25
   .31650000E-25
   .32836000E-25
   .35299000E-25
   .29731000E-25
   .28854000E-25
   .30723000E-25
   .33659000E-25
   .50297000E-25
   .44574000E-25
   .38335000E-25
   .45576000E-25
   .48338000E-25
   .50674000E-25
   .53824000E-25
   .43505000E-25
   .34444000E-25
   .39903000E-25
   .47413000E-25
   .48046000E-25
   .50827000E-25
   .46474000E-25
   .36363000E-25
   .42005000E-25
   .41095000E-25
   .37323000E-25
   .37464000E-25
   .40009000E-25
   .43858000E-25
   .44520000E-25
   .47358000E-25
   .51988000E-25
   .52482000E-25
   .47983000E-25
   .56085000E-25
   .44008000E-25
   .53473000E-25
   .55288000E-25
   .47858000E-25
   .56483000E-25
   .58067000E-25
   .58056000E-25
   .61042000E-25
   .49748000E-25
   .49301000E-25
   .57087000E-25
   .61664000E-25
   .56007000E-25
   .66034000E-25
   .67908000E-25
   .73054000E-25
   .69934000E-25
   .62195000E-25
   .61551000E-25
   .63624000E-25
   .63332000E-25
   .62583000E-25
   .69192000E-25
   .73114000E-25
   .68745000E-25
   .62772000E-25
   .72973000E-25
   .79992000E-25
   .71940000E-25
   .69456000E-25
   .77050000E-25
   .73598000E-25
   .64505000E-25
   .63540000E-25
   .75240000E-25
   .74400000E-25
   .72197000E-25
   .69766000E-25
   .83968000E-25
   .75004000E-25
   .73870000E-25
   .73696000E-25
   .82957000E-25
   .88853000E-25
   .83930000E-25
   .83655000E-25
   .80575000E-25
   .81868000E-25
   .86826000E-25
   .86816000E-25
   .87475000E-25
   .94879000E-25
   .79857000E-25
   .82910000E-25
   .80917000E-25
   .81886000E-25
   .91338000E-25
   .88774000E-25
   .87956000E-25
   .93810000E-25
   .97692000E-25
   .10297000E-24
   .97799000E-25
   .99746000E-25
   .85758000E-25
   .96480000E-25
   .10448000E-24
   .99772000E-25
   .10055000E-24
   .10254000E-24
   .10102000E-24
   .10414000E-24
   .11273000E-24
   .11014000E-24
   .11797000E-24
   .11228000E-24
   .10453000E-24
   .10716000E-24
   .11737000E-24
   .10593000E-24
   .11178000E-24
   .11263000E-24
   .12130000E-24
   .11770000E-24
   .10280000E-24
   .11053000E-24
   .11618000E-24
   .10994000E-24
   .10879000E-24
   .11008000E-24
   .11994000E-24
   .11616000E-24
   .11389000E-24
   .11478000E-24
   .11496000E-24
   .11047000E-24
   .11951000E-24
   .12096000E-24
   .12403000E-24
   .12478000E-24
   .13076000E-24
   .11683000E-24
   .11482000E-24
   .11848000E-24
   .11182000E-24
   .11069000E-24
   .11891000E-24
   .12897000E-24
   .13705000E-24
   .13195000E-24
   .13653000E-24
   .13198000E-24
   .13536000E-24
   .13333000E-24
   .13635000E-24
   .14690000E-24
   .14386000E-24
   .14117000E-24
   .13952000E-24
   .14909000E-24
   .14993000E-24
   .15241000E-24
   .14971000E-24
   .14826000E-24
   .14274000E-24
   .15255000E-24
   .15895000E-24
   .16897000E-24
   .16915000E-24
   .17647000E-24
   .17977000E-24
   .18106000E-24
   .19393000E-24
   .19445000E-24
   .19847000E-24
   .19499000E-24
   .19387000E-24
   .19682000E-24
   .20693000E-24
   .20989000E-24
   .21878000E-24
   .22719000E-24
   .22383000E-24
   .23008000E-24
   .23393000E-24
   .24215000E-24
   .24588000E-24
   .25697000E-24
   .26281000E-24
   .26391000E-24
   .28259000E-24
   .27937000E-24
   .29786000E-24
   .29130000E-24
   .30404000E-24
   .31747000E-24
   .32621000E-24
   .32834000E-24
   .33506000E-24
   .34594000E-24
   .33617000E-24
   .35269000E-24
   .37281000E-24
   .38474000E-24
   .38610000E-24
   .38571000E-24
   .38544000E-24
   .38880000E-24
   .39957000E-24
   .40318000E-24
   .41971000E-24
   .41540000E-24
   .42431000E-24
   .41353000E-24
   .41299000E-24
   .41475000E-24
   .41213000E-24
   .41607000E-24
   .40724000E-24
   .41053000E-24
   .40725000E-24
   .40289000E-24
   .40411000E-24
   .38682000E-24
   .38890000E-24
   .39158000E-24
   .38324000E-24
   .37983000E-24
   .36784000E-24
   .36373000E-24
   .35025000E-24
   .34572000E-24
   .34278000E-24
   .33564000E-24
   .32878000E-24
   .32551000E-24
   .32967000E-24
   .31632000E-24
   .30647000E-24
   .29842000E-24
   .29827000E-24
   .29517000E-24
   .29500000E-24
   .28863000E-24
   .29214000E-24
   .27581000E-24
   .27154000E-24
   .26764000E-24
   .27285000E-24
   .27812000E-24
   .27452000E-24
   .26934000E-24
   .25615000E-24
   .26039000E-24
   .26846000E-24
   .26269000E-24
   .24944000E-24
   .24888000E-24
   .25567000E-24
   .24840000E-24
   .24694000E-24
   .24602000E-24
   .24254000E-24
   .24577000E-24
   .24156000E-24
   .24685000E-24
   .24353000E-24
   .24849000E-24
   .25684000E-24
   .24674000E-24
   .24491000E-24
   .24075000E-24
   .22592000E-24
   .22740000E-24
   .23512000E-24
   .23346000E-24
   .21855000E-24
   .22338000E-24
   .22290000E-24
   .23727000E-24
   .22803000E-24
   .21926000E-24
   .22380000E-24
   .22560000E-24
   .21523000E-24
   .21444000E-24
   .21656000E-24
   .21675000E-24
   .22195000E-24
   .22117000E-24
   .21818000E-24
   .21445000E-24
   .21918000E-24
   .22346000E-24
   .21844000E-24
   .20855000E-24
   .21493000E-24
   .20887000E-24
   .20895000E-24
   .21027000E-24
   .20893000E-24
   .20590000E-24
   .20995000E-24
   .20893000E-24
   .20581000E-24
   .19898000E-24
   .20455000E-24
   .19844000E-24
   .20344000E-24
   .20216000E-24
   .19877000E-24
   .20223000E-24
   .19937000E-24
   .19968000E-24
   .20822000E-24
   .21182000E-24
   .20369000E-24
   .20642000E-24
   .20121000E-24
   .20237000E-24
   .19662000E-24
   .19597000E-24
   .19464000E-24
   .20732000E-24
   .20542000E-24
   .19489000E-24
   .19452000E-24
   .20687000E-24
   .20859000E-24
   .20036000E-24
   .20291000E-24
   .20749000E-24
   .20125000E-24
   .19809000E-24
   .19791000E-24
   .19250000E-24
   .19669000E-24
   .19578000E-24
   .19139000E-24
   .19346000E-24
   .19875000E-24
   .20666000E-24
   .20932000E-24
   .21092000E-24
   .20456000E-24
   .20459000E-24
   .21038000E-24
   .20127000E-24
   .20796000E-24
   .20272000E-24
   .19856000E-24
   .20865000E-24
   .20696000E-24
   .20577000E-24
   .19944000E-24
   .19897000E-24
   .20261000E-24
   .20426000E-24
   .20690000E-24
   .20927000E-24
   .21021000E-24
   .21352000E-24
   .21168000E-24
   .20890000E-24
   .21062000E-24
   .21824000E-24
   .21698000E-24
   .23044000E-24
   .22519000E-24
   .22115000E-24
   .22061000E-24
   .22026000E-24
   .23316000E-24
   .23536000E-24
   .23800000E-24
   .23032000E-24
   .24992000E-24
   .24510000E-24
   .24473000E-24
   .25488000E-24
   .26021000E-24
   .26078000E-24
   .25248000E-24
   .24831000E-24
   .25639000E-24
   .26606000E-24
   .27047000E-24
   .26966000E-24
   .27542000E-24
   .27822000E-24
   .28697000E-24
   .28509000E-24
   .28591000E-24
   .29007000E-24
   .29137000E-24
   .29386000E-24
   .29247000E-24
   .29251000E-24
   .30610000E-24
   .31253000E-24
   .29894000E-24
   .29476000E-24
   .29401000E-24
   .30155000E-24
   .30040000E-24
   .30424000E-24
   .31329000E-24
   .32196000E-24
   .32824000E-24
   .31546000E-24
   .30986000E-24
   .31542000E-24
   .31494000E-24
   .31291000E-24
   .30954000E-24
   .30925000E-24
   .30628000E-24
   .31288000E-24
   .32079000E-24
   .31979000E-24
   .32171000E-24
   .31569000E-24
   .31948000E-24
   .31001000E-24
   .31366000E-24
   .32226000E-24
   .32785000E-24
   .30730000E-24
   .31574000E-24
   .31673000E-24
   .31456000E-24
   .31290000E-24
   .31484000E-24
   .31509000E-24
   .31623000E-24
   .30922000E-24
   .31748000E-24
   .32718000E-24
   .32795000E-24
   .32040000E-24
   .31943000E-24
   .31470000E-24
   .31436000E-24
   .32395000E-24
   .32391000E-24
   .32038000E-24
   .32200000E-24
   .31852000E-24
   .31174000E-24
   .31578000E-24
   .31611000E-24
   .32172000E-24
   .31403000E-24
   .31524000E-24
   .32377000E-24
   .32784000E-24
   .31652000E-24
   .32401000E-24
   .32660000E-24
   .33321000E-24
   .33225000E-24
   .33115000E-24
   .33030000E-24
   .32522000E-24
   .31985000E-24
   .32417000E-24
   .33147000E-24
   .32661000E-24
   .33158000E-24
   .32928000E-24
   .32657000E-24
   .32164000E-24
   .33299000E-24
   .33658000E-24
   .33901000E-24
   .33007000E-24
   .33344000E-24
   .33590000E-24
   .33723000E-24
   .33543000E-24
   .33026000E-24
   .34253000E-24
   .34187000E-24
   .34353000E-24
   .34973000E-24
   .34052000E-24
   .34211000E-24
   .33329000E-24
   .32617000E-24
   .33053000E-24
   .33098000E-24
   .33618000E-24
   .34027000E-24
   .33425000E-24
   .33103000E-24
   .32595000E-24
   .32592000E-24
   .32165000E-24
   .32167000E-24
   .31489000E-24
   .31043000E-24
   .31339000E-24
   .31636000E-24
   .31017000E-24
   .30138000E-24
   .30498000E-24
   .29537000E-24
   .29606000E-24
   .29509000E-24
   .29658000E-24
   .29346000E-24
   .28846000E-24
   .29154000E-24
   .29126000E-24
   .28811000E-24
   .29525000E-24
   .28018000E-24
   .27468000E-24
   .27763000E-24
   .28907000E-24
   .28488000E-24
   .27466000E-24
   .27699000E-24
   .27478000E-24
   .28180000E-24
   .27537000E-24
   .27700000E-24
   .27710000E-24
   .27776000E-24
   .28491000E-24
   .28440000E-24
   .29296000E-24
   .28971000E-24
   .28887000E-24
   .28616000E-24
   .28579000E-24
   .28900000E-24
   .29165000E-24
   .28786000E-24
   .27164000E-24
   .27997000E-24
   .28688000E-24
   .29457000E-24
   .29726000E-24
   .28513000E-24
   .29268000E-24
   .28976000E-24
   .27590000E-24
   .28106000E-24
   .28643000E-24
   .28863000E-24
   .28493000E-24
   .28191000E-24
   .28436000E-24
   .26681000E-24
   .26281000E-24
   .25953000E-24
   .27132000E-24
   .26185000E-24
   .26002000E-24
   .25924000E-24
   .25710000E-24
   .24910000E-24
   .24732000E-24
   .23889000E-24
   .23432000E-24
   .23577000E-24
   .23808000E-24
   .22798000E-24
   .23216000E-24
   .23431000E-24
   .22729000E-24
   .22598000E-24
   .23701000E-24
   .22869000E-24
   .22743000E-24
   .22395000E-24
   .22544000E-24
   .22375000E-24
   .22940000E-24
   .22908000E-24
   .21931000E-24
   .21696000E-24
   .21973000E-24
   .22041000E-24
   .22239000E-24
   .23423000E-24
   .22325000E-24
   .22576000E-24
   .22963000E-24
   .22718000E-24
   .22418000E-24
   .22538000E-24
   .22019000E-24
   .22043000E-24
   .23233000E-24
   .22628000E-24
   .21847000E-24
   .22763000E-24
   .22882000E-24
   .22980000E-24
   .22256000E-24
   .22870000E-24
   .23154000E-24
   .23417000E-24
   .23283000E-24
   .23655000E-24
   .23206000E-24
   .23952000E-24
   .24186000E-24
   .23175000E-24
   .24287000E-24
   .24499000E-24
   .24472000E-24
   .23704000E-24
   .24446000E-24
   .24730000E-24
   .25549000E-24
   .25724000E-24
   .25892000E-24
   .25783000E-24
   .25475000E-24
   .26138000E-24
   .26892000E-24
   .26322000E-24
   .27282000E-24
   .27278000E-24
   .26865000E-24
   .27618000E-24
   .27508000E-24
   .27798000E-24
   .27259000E-24
   .28421000E-24
   .28592000E-24
   .28102000E-24
   .28637000E-24
   .29005000E-24
   .29348000E-24
   .29914000E-24
   .29749000E-24
   .30177000E-24
   .30341000E-24
   .28974000E-24
   .30510000E-24
   .30181000E-24
   .29829000E-24
   .29951000E-24
   .31607000E-24
   .31859000E-24
   .31113000E-24
   .31299000E-24
   .31086000E-24
   .31884000E-24
   .31198000E-24
   .30507000E-24
   .30773000E-24
   .31660000E-24
   .31199000E-24
   .31286000E-24
   .32055000E-24
   .32451000E-24
   .32145000E-24
   .32003000E-24
   .32149000E-24
   .32450000E-24
   .32264000E-24
   .31719000E-24
   .32628000E-24
   .32635000E-24
   .33811000E-24
   .33120000E-24
   .33478000E-24
   .34539000E-24
   .34662000E-24
   .33830000E-24
   .33673000E-24
   .33963000E-24
   .34470000E-24
   .34618000E-24
   .34031000E-24
   .34676000E-24
   .35909000E-24
   .35590000E-24
   .36260000E-24
   .36599000E-24
   .36024000E-24
   .36726000E-24
   .36485000E-24
   .37072000E-24
   .38499000E-24
   .38434000E-24
   .38182000E-24
   .39036000E-24
   .39165000E-24
   .39411000E-24
   .39830000E-24
   .40638000E-24
   .40120000E-24
   .40719000E-24
   .41175000E-24
   .41491000E-24
   .41936000E-24
   .41194000E-24
   .41840000E-24
   .42739000E-24
   .42335000E-24
   .41323000E-24
   .42425000E-24
   .41373000E-24
   .43061000E-24
   .43105000E-24
   .43603000E-24
   .44219000E-24
   .44427000E-24
   .44830000E-24
   .45841000E-24
   .46120000E-24
   .45512000E-24
   .45632000E-24
   .45852000E-24
   .45663000E-24
   .46492000E-24
   .47100000E-24
   .47220000E-24
   .47138000E-24
   .46196000E-24
   .46144000E-24
   .47267000E-24
   .47401000E-24
   .46261000E-24
   .46275000E-24
   .45868000E-24
   .45819000E-24
   .45640000E-24
   .45632000E-24
   .44236000E-24
   .44868000E-24
   .45190000E-24
   .44291000E-24
   .44635000E-24
   .43913000E-24
   .42945000E-24
   .43293000E-24
   .43074000E-24
   .42543000E-24
   .41438000E-24
   .41298000E-24
   .40759000E-24
   .41016000E-24
   .40836000E-24
   .40495000E-24
   .39616000E-24
   .39648000E-24
   .39665000E-24
   .38577000E-24
   .38845000E-24
   .38633000E-24
   .38627000E-24
   .39795000E-24
   .39888000E-24
   .38576000E-24
   .38213000E-24
   .39166000E-24
   .40405000E-24
   .39161000E-24
   .40504000E-24
   .41096000E-24
   .40797000E-24
   .40562000E-24
   .41331000E-24
   .40995000E-24
   .40544000E-24
   .40985000E-24
   .41865000E-24
   .42681000E-24
   .44027000E-24
   .43011000E-24
   .43480000E-24
   .42947000E-24
   .43656000E-24
   .42649000E-24
   .43746000E-24
   .46033000E-24
   .45963000E-24
   .46617000E-24
   .46822000E-24
   .47417000E-24
   .47758000E-24
   .48453000E-24
   .48176000E-24
   .49756000E-24
   .49689000E-24
   .50271000E-24
   .51665000E-24
   .53175000E-24
   .53219000E-24
   .53925000E-24
   .54605000E-24
   .55937000E-24
   .56749000E-24
   .57665000E-24
   .58877000E-24
   .59236000E-24
   .60733000E-24
   .62189000E-24
   .62759000E-24
   .63076000E-24
   .63143000E-24
   .65579000E-24
   .66967000E-24
   .67239000E-24
   .67237000E-24
   .67509000E-24
   .69091000E-24
   .69253000E-24
   .68837000E-24
   .69280000E-24
   .70718000E-24
   .70444000E-24
   .71993000E-24
   .71212000E-24
   .71645000E-24
   .71607000E-24
   .71508000E-24
   .71749000E-24
   .72211000E-24
   .71967000E-24
   .71521000E-24
   .72477000E-24
   .71836000E-24
   .73054000E-24
   .71969000E-24
   .72723000E-24
   .72691000E-24
   .72808000E-24
   .74029000E-24
   .73862000E-24
   .73106000E-24
   .73477000E-24
   .74620000E-24
   .74838000E-24
   .74826000E-24
   .74529000E-24
   .75915000E-24
   .74962000E-24
   .74732000E-24
   .75331000E-24
   .75339000E-24
   .74942000E-24
   .75036000E-24
   .74558000E-24
   .74974000E-24
   .74984000E-24
   .74243000E-24
   .74287000E-24
   .73755000E-24
   .72439000E-24
   .71531000E-24
   .71628000E-24
   .70060000E-24
   .69442000E-24
   .68968000E-24
   .68400000E-24
   .67407000E-24
   .66173000E-24
   .65532000E-24
   .65003000E-24
   .64810000E-24
   .63521000E-24
   .63707000E-24
   .63883000E-24
   .62907000E-24
   .60578000E-24
   .60712000E-24
   .60435000E-24
   .60238000E-24
   .60670000E-24
   .59809000E-24
   .59221000E-24
   .61053000E-24
   .59490000E-24
   .60000000E-24
   .59135000E-24
   .58871000E-24
   .59487000E-24
   .60421000E-24
   .61733000E-24
   .61274000E-24
   .61548000E-24
   .62214000E-24
   .62808000E-24
   .62852000E-24
   .62540000E-24
   .63908000E-24
   .64144000E-24
   .64861000E-24
   .66394000E-24
   .65952000E-24
   .67370000E-24
   .68286000E-24
   .68605000E-24
   .69710000E-24
   .69463000E-24
   .70598000E-24
   .71368000E-24
   .71701000E-24
   .72322000E-24
   .72821000E-24
   .73433000E-24
   .74116000E-24
   .73209000E-24
   .74331000E-24
   .77101000E-24
   .78189000E-24
   .79325000E-24
   .78817000E-24
   .80172000E-24
   .80423000E-24
   .82288000E-24
   .81332000E-24
   .83241000E-24
   .85669000E-24
   .86049000E-24
   .86429000E-24
   .87234000E-24
   .87947000E-24
   .91064000E-24
   .91535000E-24
   .91743000E-24
   .94285000E-24
   .95395000E-24
   .96678000E-24
   .97827000E-24
   .99438000E-24
   .99224000E-24
   .10067000E-23
   .10384000E-23
   .10500000E-23
   .10604000E-23
   .10691000E-23
   .10758000E-23
   .10819000E-23
   .10884000E-23
   .11030000E-23
   .11142000E-23
   .11159000E-23
   .11201000E-23
   .11118000E-23
   .11257000E-23
   .11463000E-23
   .11563000E-23
   .11464000E-23
   .11501000E-23
   .11504000E-23
   .11543000E-23
   .11510000E-23
   .11419000E-23
   .11469000E-23
   .11420000E-23
   .11397000E-23
   .11228000E-23
   .11214000E-23
   .11116000E-23
   .11041000E-23
   .10924000E-23
   .10771000E-23
   .10700000E-23
   .10677000E-23
   .10829000E-23
   .10654000E-23
   .10346000E-23
   .10359000E-23
   .10352000E-23
   .10158000E-23
   .10004000E-23
   .99646000E-24
   .99561000E-24
   .97803000E-24
   .97695000E-24
   .96565000E-24
   .95242000E-24
   .95983000E-24
   .95351000E-24
   .93708000E-24
   .94009000E-24
   .95634000E-24
   .95295000E-24
   .94702000E-24
   .95328000E-24
   .95379000E-24
   .94071000E-24
   .94615000E-24
   .93725000E-24
   .93891000E-24
   .94641000E-24
   .95351000E-24
   .95350000E-24
   .95503000E-24
   .95866000E-24
   .96438000E-24
   .97056000E-24
   .96329000E-24
   .96644000E-24
   .97321000E-24
   .97903000E-24
   .99928000E-24
   .99384000E-24
   .10020000E-23
   .10013000E-23
   .10077000E-23
   .10005000E-23
   .10073000E-23
   .10161000E-23
   .10237000E-23
   .10207000E-23
   .10261000E-23
   .10337000E-23
   .10166000E-23
   .10063000E-23
   .10081000E-23
   .99996000E-24
   .10033000E-23
   .10071000E-23
   .99538000E-24
   .96733000E-24
   .96888000E-24
   .96330000E-24
   .94109000E-24
   .94845000E-24
   .93905000E-24
   .92024000E-24
   .90725000E-24
   .88405000E-24
   .87530000E-24
   .87313000E-24
   .84526000E-24
   .83337000E-24
   .81319000E-24
   .80145000E-24
   .77751000E-24
   .77395000E-24
   .75683000E-24
   .74592000E-24
   .71758000E-24
   .70852000E-24
   .68343000E-24
   .67139000E-24
   .65859000E-24
   .66430000E-24
   .64143000E-24
   .61278000E-24
   .60913000E-24
   .58930000E-24
   .57857000E-24
   .56704000E-24
   .54297000E-24
   .54681000E-24
   .53926000E-24
   .52184000E-24
   .50079000E-24
   .50133000E-24
   .49214000E-24
   .47984000E-24
   .46856000E-24
   .46353000E-24
   .47220000E-24
   .47282000E-24
   .47981000E-24
   .47114000E-24
   .46005000E-24
   .45766000E-24
   .45546000E-24
   .44888000E-24
   .44675000E-24
   .44837000E-24
   .44003000E-24
   .44099000E-24
   .44347000E-24
   .43639000E-24
   .44381000E-24
   .45160000E-24
   .46035000E-24
   .45501000E-24
   .44297000E-24
   .45195000E-24
   .46123000E-24
   .46896000E-24
   .46967000E-24
   .47279000E-24
   .47009000E-24
   .47608000E-24
   .48450000E-24
   .47439000E-24
   .46843000E-24
   .47923000E-24
   .48819000E-24
   .48344000E-24
   .49333000E-24
   .48306000E-24
   .47496000E-24
   .48194000E-24
   .48339000E-24
   .48783000E-24
   .47491000E-24
   .48920000E-24
   .48351000E-24
   .48557000E-24
   .48391000E-24
   .48265000E-24
   .48036000E-24
   .47615000E-24
   .48354000E-24
   .47756000E-24
   .46455000E-24
   .46697000E-24
   .45911000E-24
   .43864000E-24
   .44085000E-24
   .43826000E-24
   .42151000E-24
   .41531000E-24
   .40826000E-24
   .40445000E-24
   .40616000E-24
   .38963000E-24
   .37395000E-24
   .36326000E-24
   .35814000E-24
   .34485000E-24
   .33974000E-24
   .34022000E-24
   .33422000E-24
   .32607000E-24
   .31423000E-24
   .29684000E-24
   .29634000E-24
   .28413000E-24
   .27681000E-24
   .28620000E-24
   .27819000E-24
   .28225000E-24
   .27441000E-24
   .26770000E-24
   .26723000E-24
   .26270000E-24
   .26301000E-24
   .26572000E-24
   .25806000E-24
   .25126000E-24
   .25275000E-24
   .25340000E-24
   .26018000E-24
   .25766000E-24
   .25182000E-24
   .26559000E-24
   .26555000E-24
   .27022000E-24
   .27870000E-24
   .27496000E-24
   .27561000E-24
   .27617000E-24
   .28252000E-24
   .27462000E-24
   .28214000E-24
   .29153000E-24
   .29373000E-24
   .29138000E-24
   .28994000E-24
   .28552000E-24
   .27822000E-24
   .27392000E-24
   .26999000E-24
   .28301000E-24
   .27801000E-24
   .28718000E-24
   .27770000E-24
   .28119000E-24
   .27740000E-24
   .26150000E-24
   .25740000E-24
   .25188000E-24
   .24584000E-24
   .24327000E-24
   .23646000E-24
   .24330000E-24
   .23866000E-24
   .23065000E-24
   .24123000E-24
   .23518000E-24
   .23090000E-24
   .21848000E-24
   .22137000E-24
   .22591000E-24
   .22330000E-24
   .22264000E-24
   .21475000E-24
   .20323000E-24
   .20050000E-24
   .21663000E-24
   .20064000E-24
   .19751000E-24
   .19751000E-24
   .21026000E-24
   .19827000E-24
   .19926000E-24
   .20137000E-24
   .20029000E-24
   .20871000E-24
   .20682000E-24
   .19800000E-24
   .19464000E-24
   .20245000E-24
   .22036000E-24
   .20737000E-24
   .20129000E-24
   .20590000E-24
   .21002000E-24
   .21064000E-24
   .20117000E-24
   .19816000E-24
   .19499000E-24
   .20629000E-24
   .21565000E-24
   .21731000E-24
   .21361000E-24
   .21324000E-24
   .23022000E-24
   .23103000E-24
   .23322000E-24
   .23517000E-24
   .23844000E-24
   .25210000E-24
   .24786000E-24
   .25016000E-24
   .26056000E-24
   .25615000E-24
   .26723000E-24
   .28210000E-24
   .28065000E-24
   .30161000E-24
   .30119000E-24
   .31101000E-24
   .33800000E-24
   .34053000E-24
   .35079000E-24
   .35368000E-24
   .36263000E-24
   .37201000E-24
   .38254000E-24
   .40891000E-24
   .41832000E-24
   .42562000E-24
   .43391000E-24
   .45243000E-24
   .47400000E-24
   .47876000E-24
   .49917000E-24
   .50627000E-24
   .50495000E-24
   .51510000E-24
   .52757000E-24
   .53754000E-24
   .54516000E-24
   .54787000E-24
   .54121000E-24
   .55048000E-24
   .56068000E-24
   .56182000E-24
   .56016000E-24
   .55737000E-24
   .56406000E-24
   .55351000E-24
   .53987000E-24
   .53627000E-24
   .53627000E-24
   .53915000E-24
   .52742000E-24
   .52049000E-24
   .50239000E-24
   .49814000E-24
   .49645000E-24
   .48969000E-24
   .48570000E-24
   .46022000E-24
   .46000000E-24
   .45458000E-24
   .45758000E-24
   .44098000E-24
   .42324000E-24
   .41055000E-24
   .41726000E-24
   .40123000E-24
   .40018000E-24
   .39249000E-24
   .39059000E-24
   .37466000E-24
   .36144000E-24
   .36148000E-24
   .36375000E-24
   .35740000E-24
   .36381000E-24
   .36340000E-24
   .36024000E-24
   .36204000E-24
   .34842000E-24
   .35515000E-24
   .35028000E-24
   .35865000E-24
   .35353000E-24
   .33590000E-24
   .33750000E-24
   .33888000E-24
   .34715000E-24
   .35881000E-24
   .35441000E-24
   .34478000E-24
   .34632000E-24
   .34998000E-24
   .35976000E-24
   .35957000E-24
   .36826000E-24
   .36143000E-24
   .35551000E-24
   .36451000E-24
   .36426000E-24
   .37690000E-24
   .38471000E-24
   .37547000E-24
   .37422000E-24
   .39251000E-24
   .39764000E-24
   .38642000E-24
   .38980000E-24
   .38979000E-24
   .39769000E-24
   .40812000E-24
   .40400000E-24
   .39862000E-24
   .40005000E-24
   .39885000E-24
   .40564000E-24
   .40820000E-24
   .39175000E-24
   .38738000E-24
   .38079000E-24
   .37993000E-24
   .38212000E-24
   .37524000E-24
   .37048000E-24
   .36847000E-24
   .36155000E-24
   .34492000E-24
   .33431000E-24
   .33829000E-24
   .33098000E-24
   .31588000E-24
   .31127000E-24
   .31276000E-24
   .30211000E-24
   .29522000E-24
   .27906000E-24
   .27571000E-24
   .26668000E-24
   .24647000E-24
   .24742000E-24
   .24117000E-24
   .23758000E-24
   .23514000E-24
   .21774000E-24
   .20437000E-24
   .20494000E-24
   .20567000E-24
   .20436000E-24
   .20432000E-24
   .18966000E-24
   .17259000E-24
   .17262000E-24
   .16406000E-24
   .16351000E-24
   .15721000E-24
   .14653000E-24
   .15959000E-24
   .15143000E-24
   .15609000E-24
   .14074000E-24
   .13902000E-24
   .14928000E-24
   .14100000E-24
   .13615000E-24
   .13430000E-24
   .12651000E-24
   .12282000E-24
   .12040000E-24
   .12242000E-24
   .10800000E-24
   .11199000E-24
   .10401000E-24
   .10641000E-24
   .10503000E-24
   .10010000E-24
   .10617000E-24
   .11197000E-24
   .10278000E-24
   .10659000E-24
   .98740000E-25
   .93457000E-25
   .10035000E-24
   .88019000E-25
   .86486000E-25
   .86839000E-25
   .91940000E-25
   .82578000E-25
   .96893000E-25
   .91090000E-25
   .92740000E-25
   .81671000E-25
   .79367000E-25
   .71447000E-25
   .68497000E-25
   .74278000E-25
   .86034000E-25
   .87006000E-25
   .79496000E-25
   .77470000E-25
   .63421000E-25
   .72993000E-25
   .77808000E-25
   .76911000E-25
   .69229000E-25
   .64034000E-25
   .62917000E-25
   .66283000E-25
   .78216000E-25
   .72720000E-25
   .65045000E-25
   .73280000E-25
   .69130000E-25
   .77427000E-25
   .67910000E-25
   .63771000E-25
   .63209000E-25
   .67350000E-25
   .70354000E-25
   .58913000E-25
   .57684000E-25
   .57221000E-25
   .66973000E-25
   .64599000E-25
   .53936000E-25
   .54279000E-25
   .53068000E-25
   .63682000E-25
   .41042000E-25
   .45948000E-25
   .46939000E-25
   .35231000E-25
   .43996000E-25
   .54130000E-25
   .56129000E-25
   .50085000E-25
   .39198000E-25
   .40702000E-25
   .51626000E-25
   .40292000E-25
   .41091000E-25
   .44136000E-25
   .41198000E-25
   .38474000E-25
   .34658000E-25
   .49432000E-25
   .45347000E-25
   .42380000E-25
   .43006000E-25
   .42082000E-25
   .44293000E-25
   .45798000E-25
   .46411000E-25
   .38670000E-25
   .39880000E-25
   .46742000E-25
   .29356000E-25
   .46581000E-25
   .43722000E-25
   .35187000E-25
   .39047000E-25
   .27257000E-25
   .41515000E-25
   .38548000E-25
   .43367000E-25
   .30981000E-25
   .44128000E-25
   .41956000E-25
   .41090000E-25
   .36691000E-25
   .23807000E-25
   .34912000E-25
   .33860000E-25
   .24156000E-25
   .27297000E-25
   .32136000E-25
   .28738000E-25
   .23012000E-25
   .35850000E-25
   .30190000E-25
   .35607000E-25
   .41684000E-25
   .32588000E-25
   .28100000E-25
   .26081000E-25
   .29414000E-25
   .33318000E-25
   .21851000E-25
   .32732000E-25
   .32594000E-25
   .25516000E-25
   .24937000E-25
   .24349000E-25
   .37401000E-25
   .39049000E-25
   .27343000E-25
   .15709000E-25
   .21974000E-25
   .27169000E-25
   .27527000E-25
   .29685000E-25
   .31205000E-25
   .31025000E-25
   .27474000E-25
   .27090000E-25
   .24614000E-25
   .23388000E-25
   .23297000E-25
   .23223000E-25
   .27649000E-25
   .26431000E-25
   .22682000E-25
   .25706000E-25
   .26887000E-25
   .17148000E-25
   .11756000E-25
   .16903000E-25
   .24354000E-25
   .29335000E-25
   .30170000E-25
   .19051000E-25
   .30210000E-25
   .25319000E-25
   .23783000E-25
   .17037000E-25
   .21896000E-25
   .14643000E-25
   .18546000E-25
   .22345000E-25
   .11759000E-25
   .14608000E-25
   .31346000E-25
   .27221000E-25
   .24787000E-25
   .31019000E-25
   .20448000E-25
   .14429000E-25
   .19221000E-25
   .24461000E-25
   .13386000E-25
   .24816000E-25
   .26186000E-25
   .18077000E-25
   .12722000E-25
   .22509000E-25
   .23252000E-25
   .22873000E-25
   .18026000E-25
   .13996000E-25
   .13616000E-25
   .16506000E-25
   .12634000E-25
   .10908000E-25
   .90103000E-26
   .20968000E-25
   .27942000E-25
   .11514000E-25
   .16707000E-25
   .22612000E-25
   .38543000E-25
   .15442000E-25
   .12731000E-25
   .11078000E-25
   .18850000E-25
   .32317000E-25
   .30255000E-25
   .68147000E-26
   .11977000E-25
   .15500000E-25
   .25642000E-25
   .30334000E-25
   .25510000E-25
   .16312000E-25
   .19256000E-25
   .13159000E-25
   .11562000E-25
   .18275000E-25
   .12287000E-25
   .20785000E-25
   .27857000E-25
   .18818000E-25
   .20296000E-25
   .30028000E-25
   .27022000E-25
   .20462000E-25
   .22051000E-25
   .12692000E-25
   .11402000E-25
   .14925000E-25
   .20520000E-25
   .23583000E-25
   .22229000E-25
   .16360000E-25
   .21086000E-25
   .15582000E-25
   .27692000E-25
   .23926000E-25
   .19352000E-25
   .16277000E-25
   .17856000E-25
   .16482000E-25
   .98380000E-26
   .15151000E-25
   .14198000E-25
   .15019000E-25
   .12071000E-25
   .18353000E-25
   .20191000E-25
   .92912000E-26
   .24017000E-25
   .29164000E-25
   .22026000E-25
   .16814000E-25
   .23278000E-25
   .18642000E-25
   .17274000E-25
   .17956000E-25
   .14303000E-25
   .99183000E-26
   .10253000E-25
   .17341000E-25
   .12355000E-25
   .21818000E-25
   .15499000E-25
   .50535000E-26
   .15636000E-25
   .29717000E-25
   .18456000E-25
   .14409000E-25
   .14590000E-25
   .10174000E-25
   .10191000E-25
   .13103000E-25
   .96864000E-26
   .11842000E-25
   .58560000E-26
   .20244000E-25
   .15409000E-25
   .18700000E-25
   .90548000E-26
   .16791000E-25
   .20450000E-25
   .21655000E-25
   .18847000E-25
   .13698000E-25
   .22362000E-25
   .12941000E-25
   .20543000E-26
   .13663000E-25
   .11867000E-25
   .12478000E-25
   .21138000E-26
   .79373000E-26
   .13859000E-25
   .13267000E-25
   .20625000E-25
   .17826000E-25
   .23363000E-25
   .27923000E-25
   .19096000E-25
   .19783000E-25
   .19270000E-25
   .16714000E-25
   .28257000E-25
   .33805000E-25
   .21002000E-25
   .21490000E-25
   .30916000E-25
   .13638000E-25
   .31426000E-26
   .14196000E-25
   .20523000E-25
   .20492000E-25
   .74346000E-26
   .97127000E-26
   .13003000E-25
   .77618000E-26
   .91636000E-27
   .42652000E-26
   .11554000E-25
   .18169000E-25
   .21401000E-25
   .23836000E-25
   .17589000E-25
   .68119000E-26
   .96544000E-26
   .36720000E-26
   .44630000E-26
   .83863000E-26
   .35235000E-26
   .10329000E-25
   .82278000E-26
   .10857000E-25
   .17190000E-25
   .10713000E-25
   .14919000E-25
   .18873000E-25
   .92993000E-26
   .18956000E-25
   .79060000E-26
   .20319000E-26
   .71873000E-26
   .97721000E-26
   .00000000    
   .58561000E-26
   .18790000E-25
   .16292000E-25
   .16740000E-25
   .86005000E-26
   .97418000E-26
   .12165000E-25
   .11365000E-25
   .46641000E-26
   .12262000E-25
   .10173000E-25
   .21588000E-25
   .26331000E-25
   .89839000E-26
   .11361000E-25
   .14684000E-25
   .14938000E-25
   .18762000E-25
   .20245000E-25
   .15199000E-25
   .13388000E-25
   .00000000    
   .36678000E-26
   .61727000E-27
   .67174000E-26
   .14183000E-25
   .21292000E-25
   .22505000E-25
   .24913000E-25
   .18379000E-25
   .16117000E-25
   .15173000E-25
   .83877000E-26
   .11679000E-25
   .21681000E-26
   .91489000E-26
   .75220000E-26
   .12991000E-25
   .21331000E-25
   .15387000E-25
   .12590000E-25
   .21210000E-25
   .14368000E-25
   .98365000E-26
   .13644000E-25
   .00000000    
   .48174000E-26
   .58463000E-26
   .22059000E-25
   .11744000E-25
   .73755000E-26
   .10915000E-25
   .29814000E-25
   .21274000E-25
   .81863000E-26
   .14017000E-25
   .22869000E-25
   .14024000E-25
   .75444000E-26
   .99383000E-26
   .42799000E-26
   .11506000E-25
   .16793000E-25
   .87171000E-29
   .00000000    
   .00000000    
   .00000000    
   .25116000E-26
   .33124000E-26
   .14688000E-26
   .15433000E-25
   .12510000E-25
   .10777000E-25
   .93880000E-26
   .71991000E-26
   .21497000E-25
   .16860000E-25
   .11649000E-25
   .10771000E-25
   .82655000E-26
   .49164000E-26
   .00000000    
   .24431000E-26
   .16215000E-26
   .39247000E-26
   .11532000E-25
   .00000000    
   .66870000E-26
   .63796000E-26
   .18773000E-26
   .79213000E-26
   .46216000E-26
   .41730000E-27
   .64476000E-26
   .54523000E-26
   .18577000E-25
   .12753000E-25
   .00000000    
   .13449000E-25
   .29815000E-26
   .00000000    
   .10463000E-25
   .92953000E-26
   .76994000E-26
   .20707000E-25
   .96327000E-26
   .68450000E-26
   .23549000E-26
   .00000000    
   .16713000E-26
   .41278000E-26
   .42838000E-26
   .26085000E-26
   .18056000E-26
   .10001000E-26
   .62066000E-26
   .11237000E-25
   .00000000    
   .13393000E-27
   .14222000E-25
   .10653000E-25
   .22830000E-25
   .21681000E-25
   .17763000E-25
   .10841000E-25
   .44864000E-26
   .19041000E-26
   .60155000E-26
   .22126000E-25
   .97712000E-26
   .79433000E-26
   .93859000E-26
   .78670000E-26
   .34108000E-26
   .00000000    
   .22953000E-26
   .48473000E-26
   .18714000E-26
   .52040000E-26
   .15973000E-28
   .58273000E-26
   .13712000E-25
   .48529000E-26
   .19630000E-25
   .11420000E-25
   .11358000E-25
   .82625000E-26
   .00000000    
   .58307000E-26
   .30907000E-26
   .00000000    
   .00000000    
   .00000000    
   .43347000E-26
   .46960000E-26
   .22034000E-26
   .00000000    
   .00000000    
   .00000000    
   .00000000    
   .95746000E-26
   .35469000E-26
   .17140000E-26
   .00000000    
   .93185000E-26
   .48864000E-26
   .20333000E-25
   .13822000E-25
   .78868000E-26
   .13738000E-25
   .26389000E-26
   .41637000E-26
   .54784000E-26
   .78340000E-26
   .35675000E-26
   .29633000E-26
   .10733000E-26
   .56055000E-26
   .24713000E-26
   .18489000E-26
   .00000000    
   .64196000E-26
   .74796000E-26
   .16041000E-25
   .68226000E-26
   .14283000E-25
   .95004000E-26
   .10244000E-25
   .15653000E-25
   .23817000E-25
   .16049000E-25
   .38631000E-26
   .56172000E-26
   .15682000E-25
   .16811000E-25
   .43142000E-26
   .17072000E-26
   .75136000E-26
   .19827000E-25
   .22479000E-25
   .13030000E-25
   .50542000E-26
   .00000000    
   .00000000    
   .00000000    
   .00000000    
   .00000000    
   .00000000    
   .00000000    
   .25734000E-26
   .14429000E-25
   .13267000E-25
   .14218000E-25
   .15802000E-25
   .75937000E-26
   .11970000E-25
   .26119000E-26
   .00000000    
   .87112000E-27
   .00000000    
   .90282000E-27
   .00000000    
   .21285000E-26
   .37418000E-26
   .56983000E-26
   .00000000    
   .00000000    
   .00000000    
   .00000000    
   .27386000E-26
   .52608000E-26
   .00000000    
   .00000000    
   .00000000    
   .00000000    
   .00000000    
   .00000000    
   .00000000    
   .45866000E-26
   .82221000E-26
   .65267000E-26
   .69429000E-26
   .00000000    
   .00000000    
   .11720000E-25
   .17028000E-25
   .16182000E-25
   .16488000E-25
   .12506000E-25
   .70411000E-26
   .00000000    
   .44476000E-26
   .60819000E-26
   .00000000    
   .00000000    
   .00000000    
   .00000000    
   .10901000E-25
   .71696000E-26
   .30630000E-26
   .57158000E-26
   .38746000E-26
   .00000000    
   .13619000E-25
   .00000000    
   .00000000    
   .00000000    
   .00000000    
   .00000000    
   .00000000    
   .85212000E-26
   .00000000    
   .00000000    
   .00000000    
   .99027000E-26
   .56975000E-26
   .44600000E-26
   .00000000    
   .34681000E-26
   .41848000E-27
   .10618000E-25
   .00000000    
   .00000000    
   .00000000    
   .00000000    
   .73619000E-26
   .90332000E-26
   .80388000E-26
   .00000000    
   .00000000    
   .00000000    
   .00000000    
   .00000000    
   .59629000E-26
   .00000000    
   .00000000    
   .67682000E-26
   .22980000E-26
   .69825000E-26
   .61761000E-26
   .13038000E-26
   .47444000E-26
   .00000000    
   .00000000    
   .71287000E-26
   .15963000E-25
   .14015000E-25
   .32458000E-26
   .59993000E-26
   .14177000E-25
   .00000000    
   .79811000E-26
   .00000000    
   .00000000    
   .00000000    
   .00000000    
   .12742000E-25
   .98064000E-26
   .00000000    
   .15049000E-26
   .49522000E-26
   .00000000    
   .00000000    
   