  11100 16  1 01GSGG2.SP PGSGG2 MS  .0000 U S1 012288 00.01   1         
  PROGRAM PE-CONVERT     VER 02.30                                      
  USER MS  DATE & TIME  1988 01 28 15.32 45.94    3.2000    295K U       
 AU1 ND 165CR 247     0 GSGG            0.325000 - 0.830000 .00020       
 FILE NAME ON PE-3600 = 001 GSGG2.SP      ON PC = 001GSGG2.SP            
 NO_POINTS  =  2526.    pts   DATA_INTV = 0.000200 µm                    
 MIN_LAMBDA =  0.325000 µm     MIN_DATA =   2794.9                       
 MAX_LAMBDA =  0.830000 µm     MAX_DATA =  82670.0                       
 SCANSPEED  = .01500000 µm/min SLITWIDTH=  0.00020 µmITA =   0.          
       RESP =   0.5     sec        ISMS =   0.       DATE=88/01/22       
       INST = 509.                    ? =   0.                           
 THIS ND:CR:GSGG SAMPLE WAS OBTAINED FROM ALLIED. IT IS A                
 SLICED CROSS-SECTION FROM A BOULE. THE MATERIAL COMPOSITION             
 IS CR-2.47at.% (2*10(20)ions/cm3),ND-1.65 at.% (2*10(20)).              
 converted to AU by Mark Storm.  header added by hand.                   
 ND:CR:GSGG,.125IN THICK,HIGH RES., STORM                                
  EOH     (1X,F11.4)                                                     
  2526.           
   6311.6812      
   6405.7388      
   6304.1274      
   6437.7290      
   6468.4009      
   6608.3496      
   6824.7856      
   6944.3276      
   7077.0791      
   7069.5034      
   7094.0054      
   7043.6851      
   7075.2666      
   7076.5869      
   7219.1567      
   7288.7930      
   7420.2344      
   7459.6650      
   7515.5654      
   7516.8662      
   7331.3696      
   7253.4268      
   7362.8511      
   7347.8784      
   7448.7432      
   7643.4355      
   7974.0059      
   8319.8984      
   8380.1758      
   8122.0601      
   8007.0981      
   8019.5767      
   8024.5767      
   8145.9160      
   8120.8350      
   8062.0298      
   8287.5703      
   8262.2891      
   8522.7939      
   8645.3447      
   8456.2900      
   8465.1729      
   8506.6221      
   8654.1279      
   8957.2324      
   8844.9248      
   8269.5547      
   7875.4990      
   7813.7822      
   7678.7466      
   7493.7495      
   7341.1699      
   7182.6787      
   7146.3901      
   6913.6499      
   6622.9624      
   6425.7368      
   6303.7480      
   6226.6543      
   6095.8384      
   6022.9590      
   5830.2734      
   5799.8794      
   5757.9365      
   5625.4292      
   5519.9980      
   5517.8877      
   5434.2148      
   5436.9956      
   5335.8696      
   5337.0171      
   5346.2598      
   5284.3369      
   5369.6084      
   5238.2437      
   5313.5933      
   5237.2896      
   5404.9712      
   5257.2603      
   5397.4775      
   5507.6748      
   5543.1104      
   5550.7681      
   5470.2451      
   5419.2930      
   5516.5005      
   5449.1440      
   5481.1870      
   5438.3325      
   5447.5620      
   5520.3657      
   5513.2935      
   5571.5938      
   5633.3496      
   5672.2471      
   5688.1436      
   5976.3013      
   6313.0742      
   6628.1968      
   6665.6416      
   6263.6021      
   5991.6929      
   5771.5527      
   5604.7017      
   5597.5664      
   5485.9229      
   5467.4458      
   5615.4805      
   5708.5640      
   5721.1465      
   5738.6816      
   5807.4927      
   5906.4775      
   6150.4063      
   6610.4648      
   7055.3833      
   6681.7451      
   6390.3340      
   6306.2002      
   6217.3696      
   6313.3413      
   6344.9819      
   6541.0923      
   7021.1694      
   7192.3110      
   7179.0835      
   7101.9824      
   7200.6738      
   7237.3228      
   7379.7891      
   7606.8062      
   7989.9854      
   8519.8496      
   9698.0439      
  11668.5635      
  13252.8623      
  12513.8594      
  11773.2021      
  12353.9336      
  14842.9102      
  19804.1152      
  25268.6191      
  25591.0391      
  23928.8027      
  21969.1953      
  21400.6563      
  21281.5098      
  20440.9063      
  19302.9355      
  19029.5488      
  20440.1953      
  20718.6914      
  17726.6074      
  14468.7363      
  12804.1270      
  12186.5967      
  12021.6846      
  11603.0176      
  10851.9082      
  10310.9219      
   9811.5176      
   9374.7686      
   8771.3438      
   8505.7168      
   8368.1416      
   8237.2012      
   7943.8154      
   7624.0166      
   7940.1084      
   8639.2510      
   8388.7783      
   7780.9390      
   7554.2207      
   7742.4932      
   8544.3672      
  10725.7744      
  16799.5000      
  20881.2031      
  12847.7363      
  10699.4336      
  12091.8936      
  14567.6699      
  13461.7188      
   8680.6328      
   7805.4312      
   8516.0879      
  10402.5762      
  13964.4717      
  15341.2119      
  10422.0381      
   8327.3350      
   9211.3320      
  13505.1416      
  14858.0234      
   9526.4004      
   7072.6563      
   6422.0449      
   6659.4165      
   7472.4790      
   6790.9199      
   5876.5708      
   5244.5068      
   4959.5000      
   4809.6377      
   4701.3438      
   4618.4209      
   4580.6104      
   4453.6758      
   4482.1558      
   4403.2627      
   4367.4155      
   4392.7002      
   4372.1392      
   4333.3022      
   4413.5571      
   4345.6348      
   4270.3638      
   4263.5967      
   4396.9751      
   4462.1245      
   4346.7041      
   4256.2573      
   4266.1812      
   4263.9600      
   4284.5166      
   4305.0928      
   4143.8394      
   4238.3862      
   4168.0908      
   4143.2456      
   4181.7837      
   4341.8999      
   4283.3706      
   4241.6875      
   4240.9688      
   4119.4126      
   4144.3125      
   4205.5020      
   4197.2207      
   4142.1611      
   4165.5698      
   4252.5640      
   4194.3218      
   4213.2461      
   4217.0527      
   4210.2700      
   4128.0547      
   4133.3491      
   4197.4810      
   4171.0757      
   4245.9263      
   4085.3032      
   4226.2690      
   4181.6968      
   4177.9331      
   4100.3862      
   4168.8979      
   4172.6758      
   4173.4346      
   4070.3901      
   4247.4946      
   4239.1655      
   4370.5352      
   4237.6421      
   4408.6494      
   4462.9185      
   4245.9424      
   4243.6597      
   4256.5161      
   4246.6597      
   4146.2524      
   3994.0378      
   4036.6404      
   4082.3335      
   4036.6145      
   4122.8530      
   4074.0339      
   4013.3828      
   4066.4985      
   4029.7932      
   4066.4534      
   4080.6719      
   4132.4565      
   4110.6357      
   4145.9336      
   4076.0596      
   4022.8826      
   4086.4902      
   4135.2642      
   4092.4194      
   4212.0249      
   4129.8813      
   4159.1729      
   4238.3218      
   4363.3911      
   4483.1543      
   4273.7222      
   4253.2363      
   4360.1162      
   4295.5205      
   4217.5581      
   4298.4316      
   4431.4805      
   4412.3394      
   4390.1699      
   4273.9375      
   4382.4146      
   4468.5532      
   4489.1318      
   4408.8521      
   4476.7285      
   4436.1519      
   4456.6885      
   4507.8647      
   4553.0303      
   4578.2954      
   4551.3130      
   4527.4351      
   4583.3979      
   4599.4580      
   4606.2871      
   4657.8394      
   4639.9893      
   4679.2578      
   4735.6465      
   4770.4448      
   4766.4517      
   4857.3745      
   4844.0029      
   4763.7778      
   4876.5210      
   4899.0503      
   4901.2720      
   4953.5854      
   5042.2271      
   5012.9810      
   5010.4873      
   5020.5723      
   5098.4521      
   5146.5381      
   5259.9331      
   5239.8843      
   5305.8735      
   5365.6777      
   5399.9805      
   5437.5571      
   5370.8022      
   5462.9619      
   5484.5337      
   5591.8164      
   5574.6353      
   5635.2603      
   5674.9097      
   5768.5288      
   5806.8101      
   5807.4385      
   5924.7676      
   6021.2642      
   6028.5200      
   6049.0459      
   6124.4922      
   6143.4478      
   6200.8525      
   6261.7827      
   6317.8564      
   6338.6777      
   6479.6436      
   6504.0342      
   6598.3428      
   6612.6226      
   6649.1567      
   6794.1455      
   6860.4331      
   6893.9663      
   6941.4565      
   7046.6714      
   7061.2676      
   7154.8281      
   7273.5967      
   7320.2544      
   7434.7007      
   7524.7202      
   7584.5674      
   7648.2080      
   7733.7954      
   7845.2681      
   7928.0762      
   8009.4028      
   8067.0801      
   8154.5537      
   8339.4639      
   8403.7725      
   8479.5967      
   8570.8643      
   8672.0840      
   8760.4502      
   8895.3955      
   8949.9902      
   9092.1201      
   9127.7656      
   9279.0840      
   9352.5244      
   9507.6270      
   9571.9648      
   9666.5811      
   9749.5732      
   9909.9727      
  10006.2754      
  10156.5000      
  10264.3975      
  10356.2607      
  10547.0479      
  10595.9961      
  10753.0684      
  10834.5059      
  11010.7715      
  11140.9385      
  11293.8330      
  11373.2168      
  11499.2539      
  11706.3408      
  11868.3516      
  11895.9502      
  12125.6641      
  12240.6973      
  12370.2939      
  12507.7607      
  12712.0283      
  12830.6543      
  13055.1982      
  13168.7461      
  13338.8516      
  13544.8896      
  13668.8184      
  13820.9883      
  13934.1680      
  14169.6406      
  14397.7686      
  14493.7373      
  14712.7197      
  14781.3857      
  15088.8984      
  15225.9873      
  15380.3164      
  15514.0654      
  15792.1738      
  15940.0107      
  16128.4102      
  16295.9316      
  16493.6465      
  16728.3008      
  16822.1270      
  17099.4043      
  17308.6816      
  17568.8613      
  17639.4355      
  17894.9258      
  18125.6992      
  18314.9863      
  18531.7422      
  18670.2832      
  18913.9727      
  19121.1953      
  19394.1777      
  19606.7227      
  19766.9785      
  19990.6563      
  20325.6484      
  20538.2520      
  20753.2559      
  20952.5391      
  21161.2773      
  21480.3535      
  21782.0898      
  21927.3770      
  22108.5000      
  22459.7441      
  22661.9238      
  23072.3359      
  23371.7480      
  23409.4316      
  23668.0684      
  24032.5547      
  24321.5527      
  24659.1328      
  24677.3066      
  25012.3125      
  25399.1992      
  25593.5684      
  25789.9414      
  25983.6230      
  26280.0527      
  26644.8223      
  26827.6367      
  27122.5410      
  27294.7949      
  27736.8301      
  27956.7559      
  28216.5098      
  28523.1250      
  28829.2676      
  29001.0996      
  29303.8164      
  29451.5547      
  29796.2969      
  30106.1660      
  30427.1582      
  30632.2598      
  30968.4980      
  31129.7949      
  31519.3652      
  31704.6191      
  32054.0391      
  32383.4453      
  32637.7852      
  32998.1172      
  33344.4609      
  33661.7109      
  34006.0234      
  34327.2578      
  34654.0234      
  34789.6133      
  35239.8594      
  35465.3828      
  35756.9297      
  35996.7305      
  36402.9414      
  36701.0195      
  37020.7852      
  37423.7734      
  38093.7930      
  39654.3555      
  42171.3008      
  39616.3633      
  38995.4922      
  39270.6445      
  39405.1523      
  39774.3164      
  40071.0156      
  40606.4297      
  41529.9180      
  44440.9375      
  44808.4219      
  42913.3516      
  42445.5742      
  42479.8945      
  42891.5938      
  43875.6641      
  44257.0000      
  43779.4961      
  43889.1758      
  44109.9922      
  44445.8789      
  44890.1836      
  45516.7813      
  46821.0664      
  47903.2188      
  46935.9570      
  46694.9492      
  46695.3906      
  46709.9492      
  46866.3828      
  47342.6719      
  47652.2734      
  47771.8242      
  48103.7461      
  48333.5664      
  48612.9844      
  48864.8984      
  49152.3008      
  49444.1133      
  49790.2539      
  50092.1133      
  50416.0117      
  50606.2695      
  50903.8633      
  51170.4219      
  51495.2227      
  51641.6211      
  51918.8086      
  52200.0977      
  52428.2578      
  52872.9727      
  53050.1211      
  53308.7695      
  53530.4727      
  53713.8828      
  54064.8555      
  54190.5625      
  54593.2891      
  54787.2969      
  55180.9336      
  55115.2461      
  55359.1875      
  55742.2344      
  55879.5586      
  56156.8047      
  56438.1563      
  56723.7344      
  57013.6719      
  57234.1719      
  57259.1953      
  57532.4766      
  57911.4336      
  58065.4102      
  58143.0703      
  58429.4570      
  58826.9336      
  58880.9180      
  59097.1602      
  59179.1445      
  59261.4766      
  59761.0469      
  59705.3320      
  59959.5820      
  60188.5195      
  60333.1680      
  60508.1250      
  60832.7891      
  61102.6875      
  61224.1055      
  61468.8867      
  61438.5625      
  61717.2617      
  61905.4883      
  61905.8828      
  62287.6211      
  62384.5664      
  62644.8555      
  62809.5117      
  63042.2930      
  63143.1602      
  63346.1133      
  63380.4766      
  63758.6367      
  63689.7813      
  63828.9219      
  64074.5977      
  64110.2891      
  64323.8789      
  64539.8984      
  64721.8711      
  64758.7852      
  65203.0820      
  65353.7813      
  65658.4219      
  65851.4766      
  66124.9375      
  66204.0703      
  66323.1953      
  66126.0781      
  66048.0391      
  66048.4141      
  65970.6953      
  65971.0781      
  66167.3125      
  66405.4297      
  66246.9844      
  66606.6016      
  66606.9766      
  66688.1172      
  66851.0625      
  66892.2969      
  66933.6250      
  66852.1875      
  66852.5625      
  66771.4688      
  66976.1563      
  67183.0625      
  67859.9141      
  68741.3438      
  69337.1953      
  69430.8672      
  68969.2734      
  68034.7188      
  67520.8672      
  67020.6016      
  66979.8438      
  66735.2969      
  66413.9688      
  66176.5938      
  65864.5469      
  65903.6797      
  65904.0469      
  65904.4063      
  65788.6953      
  65673.6875      
  65635.7500      
  65789.7813      
  65828.7500      
  65984.3516      
  65484.7578      
  65146.5664      
  64961.4258      
  64668.7109      
  64632.7500      
  64380.8164      
  64417.0078      
  64345.7578      
  64132.9102      
  63957.4102      
  63818.2461      
  63576.8867      
  63440.4922      
  63543.3125      
  63305.4297      
  63305.7813      
  63238.6094      
  63171.6797      
  63138.4766      
  62938.7617      
  62872.8867      
  62545.5547      
  62578.4141      
  62709.3789      
  62417.0938      
  62417.4414      
  62321.2383      
  62289.5078      
  62130.2930      
  62162.4414      
  62130.9805      
  61910.1758      
  62131.6641      
  62005.3203      
  61942.6367      
  61755.1484      
  61817.8906      
  61849.5078      
  61601.0508      
  61663.2813      
  61725.7188      
  61819.5820      
  62230.6328      
  62520.6172      
  62488.5508      
  61977.8398      
  61542.0547      
  61328.0352      
  61358.8438      
  61328.7031      
  61666.9727      
  61359.8438      
  61208.2930      
  61027.9648      
  61269.5664      
  61361.1680      
  61422.5938      
  60643.6602      
  60179.9063      
  59671.3867      
  59727.5859      
  60152.2617      
  60411.8398      
  60010.4102      
  59396.1289      
  58854.5156      
  58563.2578      
  58616.2656      
  58616.5898      
  58459.3047      
  58433.4883      
  58200.1484      
  58174.6836      
  58539.2383      
  58382.6016      
  57970.6211      
  57344.1680      
  56905.7188      
  56619.0742      
  56501.0938      
  56383.8516      
  56715.2031      
  58100.7422      
  59265.2969      
  59265.6172      
  59651.8984      
  61008.7031      
  59764.2695      
  56861.0820      
  56316.5117      
  56293.4883      
  55383.0781      
  55052.8516      
  54987.7461      
  55517.8633      
  55971.2969      
  55563.3203      
  55384.9531      
  55496.7383      
  55341.1680      
  55033.5156      
  55520.0430      
  56111.5469      
  55165.8164      
  54710.2539      
  54904.5938      
  54840.0000      
  53892.6133      
  53207.0742      
  53227.2031      
  52757.4297      
  52299.0391      
  51981.0234      
  51999.9063      
  52074.7031      
  51907.8125      
  51945.1406      
  51523.9414      
  51182.9844      
  50988.4883      
  50865.8633      
  50433.5430      
  49927.4141      
  49548.4180      
  49289.2695      
  48986.0195      
  48781.3984      
  48578.9688      
  48302.0977      
  48119.8477      
  47834.6602      
  47656.8398      
  47407.6406      
  47104.2070      
  46847.9805      
  46511.5703      
  46456.3203      
  46195.0000      
  45896.8164      
  45669.6484      
  45471.4805      
  45080.9883      
  44939.9922      
  44660.8242      
  44373.2969      
  44151.3477      
  43847.2383      
  43691.1563      
  43500.7383      
  43171.8438      
  42963.4961      
  42677.7734      
  42396.3047      
  42185.2227      
  41845.6367      
  41640.5859      
  41374.0430      
  41153.0586      
  40738.9023      
  40494.8047      
  40293.8203      
  39946.9453      
  39732.2305      
  39404.9688      
  39149.1172      
  38859.5313      
  38574.3125      
  38311.3555      
  38025.3516      
  37743.6094      
  37474.6250      
  37217.9219      
  36998.2695      
  36723.0352      
  36476.2734      
  36224.6211      
  36016.1563      
  35897.0430      
  35755.0391      
  35637.5586      
  35590.9375      
  35358.4453      
  35090.7266      
  34774.3359      
  34419.0703      
  34019.9961      
  33601.0352      
  33308.4258      
  32918.3281      
  32662.7500      
  32390.7988      
  32142.2109      
  31974.0742      
  31699.0703      
  31528.5176      
  31284.7305      
  31037.9082      
  30794.2695      
  30541.7715      
  30292.6016      
  30099.1621      
  29838.4355      
  29723.8496      
  29439.9941      
  29266.2227      
  29011.1523      
  28683.4551      
  28452.1289      
  28234.1797      
  28003.0273      
  27779.8340      
  27549.0352      
  27422.1387      
  27230.7383      
  26961.9336      
  26784.9180      
  26604.6895      
  26382.9297      
  26121.1016      
  25900.2344      
  25718.9473      
  25516.4512      
  25275.3281      
  25122.3438      
  24975.0430      
  24758.2969      
  24622.5371      
  24492.0918      
  24397.0703      
  24315.4258      
  24289.8945      
  24195.8848      
  24243.2207      
  24346.5977      
  24589.6719      
  25120.9766      
  26050.2285      
  27398.2910      
  27668.7148      
  26571.8848      
  24934.6992      
  23867.9688      
  23244.3613      
  22866.3789      
  22751.4512      
  22779.4473      
  22963.0000      
  23003.3359      
  22669.4980      
  22415.2129      
  22214.2695      
  22268.4805      
  22268.7344      
  22249.6973      
  22323.3496      
  22401.1758      
  22541.8633      
  22778.5137      
  23244.3457      
  24037.0508      
  24405.2344      
  23660.0098      
  22333.0977      
  21017.1133      
  20114.4766      
  19571.5254      
  19514.9648      
  19545.2656      
  19548.8555      
  19227.6094      
  18876.2148      
  18398.6504      
  17798.2813      
  17178.0000      
  16729.4395      
  16455.1953      
  16367.6475      
  16407.4902      
  16544.1309      
  17053.0801      
  17846.0059      
  18101.5078      
  17310.4082      
  16437.2871      
  15840.2148      
  15448.8750      
  15081.2988      
  14604.5430      
  14433.1084      
  14159.8506      
  13865.7168      
  13541.9902      
  13269.2295      
  13045.3301      
  12889.7695      
  12688.8955      
  12594.0010      
  12460.4736      
  12378.1582      
  12389.8398      
  12433.6299      
  12479.8193      
  12385.9736      
  12131.5586      
  11951.9746      
  11778.5156      
  11659.4258      
  11558.6045      
  11449.6025      
  11417.1914      
  11548.3594      
  11784.3604      
  12301.5430      
  13442.8516      
  15891.3623      
  21501.4551      
  31685.6328      
  32588.3770      
  22654.9766      
  16511.1582      
  13483.2402      
  11973.8545      
  11092.5156      
  10716.0625      
  10396.3359      
  10267.2168      
  10388.5566      
  10620.8438      
  11143.1201      
  12282.7051      
  14850.3418      
  19085.2441      
  25584.9355      
  28938.3457      
  24570.3379      
  23615.4355      
  21937.0410      
  16430.1133      
  13812.6680      
  13712.0146      
  13830.3975      
  12038.9795      
  10199.6045      
   9298.2109      
   9085.8271      
   9604.3311      
  11123.6436      
  12906.7383      
  12027.0771      
  10360.8486      
   9696.5342      
   9282.5176      
   9012.8066      
   8976.6885      
   9329.8477      
  10090.7266      
  11153.7158      
  11817.0156      
  12573.5527      
  13953.5361      
  13871.9336      
  13378.8633      
  12711.2324      
  10458.7490      
   8912.3594      
   8274.1875      
   8049.3135      
   8162.6592      
   8665.4346      
   9212.8359      
   9540.8477      
   9665.4658      
   9036.3564      
   8019.9390      
   7235.6812      
   6902.5439      
   6693.3320      
   6513.2280      
   6413.0771      
   6343.3481      
   6330.2720      
   6423.7354      
   6660.7891      
   7091.8130      
   7067.8345      
   6647.9141      
   6295.0498      
   6061.2969      
   5887.1025      
   5743.4600      
   5700.2471      
   5593.1279      
   5591.7427      
   5568.0098      
   5526.7876      
   5479.3062      
   5449.3716      
   5370.4839      
   5378.5908      
   5399.3433      
   5364.8022      
   5308.2837      
   5317.9355      
   5291.4014      
   5280.6099      
   5331.1611      
   5249.6323      
   5204.4092      
   5215.5732      
   5193.8750      
   5169.0796      
   5200.5474      
   5171.0542      
   5122.9058      
   5198.0391      
   5163.8672      
   5173.4424      
   5158.0356      
   5209.8149      
   5246.0493      
   5301.2124      
   5377.0483      
   5593.1973      
   5970.8145      
   6474.5151      
   6412.9204      
   5785.0054      
   5406.7139      
   5211.8579      
   5233.9829      
   5171.6182      
   5143.7314      
   5148.6133      
   5159.7358      
   5159.9380      
   5153.8970      
   5190.0146      
   5202.7241      
   5206.0542      
   5237.5669      
   5343.0435      
   5406.3745      
   5390.7710      
   5424.1709      
   5473.4883      
   5549.9912      
   5448.5190      
   5391.7666      
   5319.4438      
   5329.0854      
   5330.8584      
   5337.3540      
   5381.7031      
   5309.4214      
   5423.1890      
   5423.3857      
   5518.7461      
   5694.6641      
   5699.6743      
   5614.9810      
   5551.3584      
   5537.2261      
   5524.6929      
   5508.9893      
   5572.8574      
   5558.7065      
   5630.7354      
   5680.5728      
   5671.1484      
   5693.7935      
   5726.1060      
   5813.2969      
   5790.8970      
   5797.5410      
   5893.1631      
   5955.0747      
   6004.1323      
   5958.7109      
   6001.2559      
   6004.7075      
   6070.2534      
   6014.8799      
   6083.7329      
   6131.4795      
   6184.2847      
   6257.0586      
   6277.0923      
   6366.8369      
   6345.4282      
   6297.5249      
   6417.3418      
   6465.9287      
   6491.1992      
   6545.0063      
   6595.6011      
   6590.7437      
   6676.9087      
   6584.3911      
   6704.3359      
   6750.2642      
   6762.3296      
   6782.8936      
   6890.4238      
   6941.9414      
   7067.6172      
   7162.9014      
   7286.5615      
   7307.6973      
   7390.1548      
   7418.4297      
   7540.2295      
   7559.8755      
   7671.9014      
   7741.6523      
   7845.7710      
   7925.1846      
   7914.5449      
   7970.7173      
   8023.4268      
   8171.0967      
   8266.5752      
   8342.2285      
   8533.3555      
   8826.4512      
   9294.0586      
  10039.9268      
  10970.4199      
  12667.5352      
  15724.4717      
  21675.4590      
  33042.0938      
  45574.7031      
  39825.8359      
  25690.0957      
  17671.4531      
  13788.3701      
  11801.6924      
  10852.0049      
  10347.3262      
  10131.4229      
  10004.3359      
  10194.7207      
  10395.2520      
  10829.9297      
  11534.9414      
  12666.1299      
  15140.4434      
  19603.9570      
  23212.2285      
  21080.7656      
  17138.6699      
  14610.2109      
  13055.9531      
  12221.0283      
  11809.3174      
  11714.5137      
  11827.3916      
  12043.7891      
  12438.1250      
  12543.8887      
  12028.6270      
  11422.6006      
  11070.2842      
  10886.0967      
  10917.9287      
  10922.3281      
  10983.8730      
  11147.9688      
  11214.5410      
  11430.5000      
  11809.8906      
  12242.2783      
  12710.2832      
  13242.6035      
  13753.4707      
  14725.1074      
  16668.0195      
  20168.8086      
  24333.3242      
  23359.6719      
  18875.4941      
  15994.3047      
  14446.8916      
  13688.8867      
  13414.7979      
  13309.2412      
  13689.3965      
  14295.6787      
  14693.7803      
  14614.2070      
  14450.7949      
  14400.1318      
  14694.4561      
  15417.1396      
  16668.2188      
  18383.0273      
  19166.5195      
  18661.0059      
  18610.3906      
  18433.8750      
  17475.7754      
  16792.8125      
  16396.8770      
  16405.5098      
  16874.1133      
  17716.9570      
  18863.8066      
  19504.2734      
  19309.4082      
  19178.4805      
  19541.3555      
  20698.0391      
  23611.2383      
  28899.6504      
  33671.2539      
  31114.3555      
  25416.1875      
  21949.6797      
  20791.4238      
  21085.4492      
  22417.0781      
  25380.7266      
  30877.8047      
  41699.1211      
  62176.7617      
  82670.4063      
  67177.7500      
  44842.2383      
  32735.4512      
  27717.8340      
  26564.6797      
  28028.2246      
  29473.2715      
  27043.8008      
  23718.2852      
  21652.5664      
  20501.4707      
  19932.5273      
  19864.8555      
  20241.1465      
  21582.8066      
  24821.4922      
  31167.8613      
  39991.0586      
  36331.8945      
  26413.3809      
  21912.8262      
  19815.5742      
  18980.1563      
  18675.8438      
  18813.2090      
  19155.9082      
  19958.7168      
  21338.1133      
  22794.2559      
  23065.0371      
  22353.2383      
  22066.0508      
  22092.8418      
  21247.8008      
  20519.2910      
  20439.0273      
  20345.2090      
  19623.2578      
  19011.7754      
  18716.5488      
  18703.9648      
  18857.5566      
  19171.6230      
  19614.1680      
  19792.1914      
  19694.8145      
  19405.3555      
  19136.5371      
  18765.7930      
  18493.2500      
  18162.6035      
  18051.7109      
  17959.8242      
  18070.4824      
  18187.9844      
  18237.7676      
  18290.7930      
  18334.6016      
  18554.5430      
  18802.6465      
  18950.5625      
  19437.4121      
  19771.3691      
  19731.1523      
  19451.1113      
  19184.9453      
  19077.6621      
  18980.6719      
  19042.2891      
  19026.2461      
  19159.6016      
  19208.7207      
  19303.9043      
  19439.2305      
  19492.3965      
  19572.3477      
  19689.4805      
  19709.7559      
  19719.9766      
  19800.8926      
  19868.6094      
  19970.5664      
  20138.1855      
  20283.0684      
  20373.3711      
  20537.5898      
  20827.4336      
  20813.3477      
  20721.2305      
  20721.3789      
  20756.9609      
  20831.7363      
  20899.6582      
  20957.0664      
  21108.3574      
  21213.5703      
  21304.7637      
  21389.0625      
  21503.2227      
  21566.1895      
  21685.1484      
  21726.3086      
  21797.5078      
  21948.1152      
  22054.3008      
  22107.6895      
  22295.3750      
  22314.7637      
  22411.4102      
  22465.8105      
  22633.5801      
  22708.2656      
  22830.6641      
  22874.3789      
  22906.2734      
  23142.2402      
  23198.7734      
  23247.3867      
  23357.0430      
  23475.5215      
  23660.7617      
  23806.1309      
  24057.8516      
  24253.1602      
  24185.1914      
  24189.5840      
  24151.5117      
  24164.3848      
  24245.3457      
  24305.2598      
  24537.7383      
  24524.8984      
  24694.5098      
  25011.5645      
  25190.0859      
  25199.1895      
  25163.5020      
  25177.0723      
  25141.4277      
  25231.1582      
  25267.2539      
  25398.3066      
  25548.5273      
  25553.2324      
  25672.4902      
  25764.7695      
  25852.8594      
  25899.4531      
  25936.8379      
  26096.0938      
  26176.2949      
  26237.8887      
  26361.5332      
  26471.6074      
  26635.4316      
  26693.6816      
  26874.1250      
  26771.7168      
  26869.5078      
  26972.7227      
  27081.4531      
  27195.7891      
  27235.8086      
  27351.0781      
  27537.9121      
  27356.3750      
  27690.9238      
  27696.1719      
  27783.4375      
  27716.9102      
  27778.5703      
  27928.2246      
  27856.0332      
  27923.3223      
  28121.1230      
  28110.8047      
  28263.1055      
  28310.7148      
  28279.1895      
  28438.1680      
  28598.4902      
  28765.5879      
  29197.9844      
  29510.6211      
  29387.3711      
  29376.3281      
  29612.5781      
  29886.2090      
  29817.5977      
  29590.3633      
  29483.4492      
  29568.0430      
  29500.5762      
  29433.3516      
  29444.6953      
  29506.6035      
  29517.9863      
  29535.0156      
  29625.4961      
  29614.3125      
  29750.6973      
  29830.7695      
  29802.3125      
  29928.5547      
  29951.7070      
  30131.1953      
  30160.4160      
  30108.2207      
  29981.0469      
  30201.6094      
  30289.4629      
  30436.7070      
  30448.6582      
  30448.7891      
  30431.1934      
  30413.6172      
  30401.9512      
  30544.1270      
  30490.8652      
  30586.0195      
  30526.7012      
  30639.9395      
  30675.9277      
  30808.1230      
  30983.7598      
  31050.8848      
  31002.2656      
  30862.9336      
  30802.7441      
  30802.8730      
  30827.1055      
  30785.0742      
  30857.5352      
  30869.7461      
  30924.3418      
  30821.7207      
  30979.2227      
  30948.9844      
  31076.9766      
  31218.1465      
  31224.4316      
  31218.4023      
  31274.0059      
  31317.3945      
  31249.5840      
  31323.8379      
  31367.3398      
  31448.2852      
  31435.9551      
  31373.9219      
  31361.6406      
  31473.7246      
  31467.6152      
  31393.0547      
  31530.3320      
  31430.6113      
  31530.5840      
  31624.7930      
  31606.0645      
  31505.9473      
  31612.5977      
  31675.6641      
  31688.4043      
  31606.6895      
  31682.3438      
  31682.4688      
  31669.9844      
  31626.0410      
  31569.6582      
  31557.2480      
  31632.7012      
  31613.9648      
  31538.8320      
  31645.6582      
  31570.4004      
  31595.6152      
  31551.8477      
  31564.5000      
  31608.5449      
  31558.4805      
  31558.6035      
  31502.4238      
  31477.5742      
  31483.9375      
  31440.4277      
  31446.7773      
  31440.6719      
  31372.4316      
  31341.5605      
  31422.3672      
  31341.8047      
  31323.3535      
  31292.5645      
  31305.0430      
  31329.9063      
  31323.8379      
  31219.0664      
  31206.8848      
  31293.2891      
  31213.2754      
  31213.3945      
  31152.1035      
  31232.0996      
  31170.7461      
  31146.3359      
  31073.0449      
  31097.6035      
  31006.2441      
  31067.3008      
  31079.6309      
  31116.4297      
  30988.4766      
  31049.4766      
  30970.4902      
  30958.4668      
  30879.8613      
  30849.7891      
  30916.3926      
  30958.9414      
  30862.2148      
  30765.9805      
  30808.1914      
  30497.8203      
  30551.3145      
  30521.7598      
  30456.7637      
  30433.2578      
  30362.6855      
  30339.2969      
  30222.3223      
  30339.5313      
  30187.5703      
  30100.5020      
  30089.0254      
  29996.6406      
  30002.5254      
  29858.9648      
  29756.3066      
  29830.5918      
  29563.9141      
  29507.7441      
  29558.5078      
  29446.2559      
  29401.6113      
  29463.3027      
  29351.6133      
  29223.9648      
  29020.3398      
  29004.0313      
  29020.5703      
  28851.6563      
  28900.6895      
  28754.4277      
  28700.6152      
  28609.4023      
  28625.6016      
  28486.7695      
  28433.7129      
  28354.3496      
  28306.9375      
  28344.0059      
  28181.0059      
  28186.3613      
  28097.5918      
  28092.4922      
  28045.7324      
  27962.8008      
  27875.0723      
  27833.9941      
  27746.8613      
  27752.0957      
  27644.9609      
  27604.3770      
  27523.3555      
  27584.2852      
  27553.9648      
  27478.2090      
  27407.7832      
  27317.5879      
  27262.7227      
  27237.8984      
  27252.9688      
  27089.1875      
  27133.8574      
  27000.6094      
  26892.7480      
  26795.2324      
  26732.1563      
  26732.2676      
  26654.8965      
  26684.0254      
  26510.6875      
  26396.0449      
  26220.5918      
  26230.1484      
  26135.9883      
  26042.2910      
  25911.8477      
  25935.2051      
  25796.2598      
  25810.2285      
  25667.6074      
  25626.4785      
  25512.5098      
  25331.5098      
  25390.2891      
  25304.7109      
  25241.9277      
  25295.9316      
  25085.8242      
  25184.0430      
  25368.3574      
  25513.4922      
  25682.6836      
  25719.5488      
  25614.1699      
  25180.2227      
  24958.1406      
  24616.7500      
  24461.2988      
  24290.0469      
  24183.8379      
  24145.8164      
  24196.7793      
  24137.5684      
  24095.4199      
  24036.5254      
  23969.4277      
  24099.9629      
  24155.0332      
  24372.3223      
  24587.7988      
  24924.4414      
  25115.1172      
  25429.6152      
  25754.0273      
  26258.3438      
  27134.7773      
  27414.4375      
  27070.6816      
  26033.0156      
  25227.6523      
  24780.5430      
  24335.1973      
  24067.9199      
  24017.5195      
  23767.1016      
  23705.0898      
  23709.3301      
  23763.2695      
  23750.9375      
  23913.3633      
  24026.6641      
  23980.5703      
  24119.6113      
  24323.6406      
  24534.2090      
  24426.6426      
  24285.5508      
  23968.6172      
  23926.8496      
  23952.0645      
  24006.6953      
  24133.2305      
  24316.0371      
  24897.0703      
  25189.9883      
  24277.9629      
  23699.0137      
  23546.8281      
  23690.9590      
  24150.9805      
  24735.5996      
  25790.2813      
  26625.3535      
  25892.2871      
  23991.3477      
  22764.6719      
  21993.9902      
  21601.6484      
  21239.0371      
  20979.6406      
  20819.3457      
  20614.6953      
  20569.2070      
  20415.8125      
  20232.6543      
  20461.2363      
  20461.3379      
  20805.8672      
  21002.0488      
  20823.8125      
  20336.7773      
  20075.7363      
  19737.6250      
  19751.1387      
  19644.2012      
  19571.0605      
  19484.9688      
  19415.7344      
  19163.7637      
  18989.0703      
  18902.3730      
  18688.7910      
  18726.9863      
  18701.6816      
  18449.5879      
  18197.7188      
  17943.0605      
  17821.5977      
  17743.0977      
  17539.1582      
  17626.0059      
  17638.1035      
  17488.7910      
  17521.6602      
  17314.1836      
  17126.4727      
  16897.2832      
  16765.1387      
  16779.5684      
  16716.6973      
  16822.8184      
  16811.4277      
  16932.5273      
  17153.5625      
  17071.9629      
  16846.3145      
  16583.5605      
  16400.1191      
  16212.8779      
  16066.0830      
  15947.8359      
  15871.2676      
  15681.0439      
  15640.6064      
  15516.9346      
  15322.2617      
  15140.0820      
  15014.4072      
  14845.5059      
  14747.4951      
  14550.3467      
  14461.4609      
  14418.4883      
  14247.2773      
  14137.3486      
  14052.8604      
  13924.3193      
  13828.5078      
  13686.8633      
  13577.7158      
  13437.9307      
  13320.6514      
  13239.7256      
  13118.9395      
  13048.2871      
  12961.4883      
  12889.0869      
  12854.2031      
  12648.0684      
  12685.0742      
  12378.2480      
  12373.8008      
  12296.8232      
  12195.3916      
  12130.3447      
  12005.2793      
  11903.1787      
  11861.2236      
  11748.9053      
  11674.4277      
  11493.6982      
  11433.1797      
  11329.8154      
  11349.2656      
  11169.4727      
  11133.3682      
  11059.1533      
  10981.0068      
  10957.9023      
  10846.6191      
  10769.3447      
  10663.3135      
  10607.4619      
  10576.5459      
  10506.5400      
  10408.1064      
  10261.3662      
  10287.8896      
  10283.9131      
  10212.9541      
  10095.8877      
  10075.8545      
   9941.6465      
   9929.7588      
   9919.8740      
   9784.7842      
   9709.7520      
   9668.4561      
   9593.8828      
   9580.2529      
   9533.3740      
   9404.8916      
   9391.3975      
   9325.6416      
   9306.4102      
   9287.1963      
   9166.1230      
   9129.8223      
   9072.5996      
   9019.3516      
   8954.8730      
   8924.6563      
   8951.2656      
   8845.5088      
   8838.0625      
   8717.9492      
   8727.4053      
   8632.2061      
   8596.9199      
   8615.6211      
   8443.3242      
   8408.3867      
   8345.9600      
   8247.1797      
   8241.7920      
   8223.6357      
   8120.0459      
   8051.3330      
   7959.4712      
   7970.3560      
   8017.2939      
   7814.6108      
   7821.8433      
   7727.5337      
   7725.8467      
   7663.8604      
   7697.6250      
   7542.2549      
   7535.3076      
   7554.7534      
   7479.2930      
   7482.8901      
   7423.4419      
   7325.8789      
   7220.1646      
   7280.8877      
   7171.9756      
   7165.1655      
   7192.8667      
   7075.8760      
   7110.3247      
   7021.2056      
   6830.5713      
   6922.3774      
   6851.0908      
   6783.4546      
   6795.3774      
   6834.4028      
   6736.4556      
   6622.2490      
   6637.4233      
   6525.4795      
   6512.2344      
   6507.3237      
   6414.3682      
   6467.5688      
   6462.6699      
   6447.8081      
   6328.7275      
   6348.6255      
   6192.4507      
   6345.4946      
   6218.8530      
   6215.6592      
   6250.2207      
   6089.9688      
   6064.0059      
   6116.2280      
   6069.0620      
   6043.1279      
   6023.7236      
   6044.9268      
   6072.6641      
   6151.0391      
   5970.5718      
   5965.8013      
   6004.7715      
   6058.4521      
   5980.6318      
   6138.4854      
   6102.6733      
   6078.3223      
   6137.1099      
   6138.8291      
   6179.7915      
   6255.3188      
   6103.1880      
   6216.0923      
   6295.0571      
   6346.2612      
   6381.0537      
   6329.9263      
   6321.7651      
   6233.0088      
   6164.2832      
   6351.7275      
   6279.2769      
   6248.1270      
   6244.9263      
   6233.5181      
   6302.6646      
   6320.8794      
   6248.5503      
   6480.0098      
   6536.7139      
   6622.0469      
   6738.0811      
   6783.7329      
   6996.2095      
   6989.4609      
   7237.1201      
   7435.5239      
   7697.9883      
   8099.4902      
   8652.7354      
   9425.4971      
  10645.0527      
  12704.7002      
  15696.0410      
  20152.2773      
  26154.1855      
  31711.1680      
  33927.8203      
  31158.7266      
  26159.2188      
  21957.5527      
  19864.1699      
  19760.0508      
  22101.3945      
  27202.9629      
  34401.8125      
  40813.7305      
  45363.6875      
  47298.8750      
  37954.2227      
  28728.1113      
  22105.8516      
  16397.4160      
  12815.3066      
  10663.5391      
   9400.3926      
   8519.3242      
   8096.4585      
   7801.8984      
   7606.8931      
   7661.7495      
   7945.2993      
   8320.8975      
   8996.1250      
   9603.9404      
   9723.9980      
   9651.2158      
   9017.3477      
   8803.8506      
   8674.6914      
   8826.5791      
   9471.6563      
  10773.1357      
  12740.4336      
  16234.3379      
  22195.2695      
  28194.3008      
  30726.3750      
  31476.6875      
  28752.0137      
  24327.5703      
  20874.5918      
  19510.2559      
  19133.7266      
  18120.5625      
  16027.6895      
  14006.7295      
  12663.0605      
  12390.9229      
  12774.1387      
  13940.3838      
  15660.2441      
  17267.8242      
  19128.0449      
  21935.6094      
  25930.2363      
  30674.1504      
  34906.3984      
  39367.1406      
  42950.9570      
  39012.0586      
  27967.4863      
  19262.1230      
  14435.8408      
  12182.1445      
  11332.3271      
  10975.0078      
  10773.8477      
  10723.9492      
  11076.6729      
  11802.3721      
  13202.4531      
  15153.2764      
  16853.9219      
  18086.0957      
  19562.5527      
  21399.9434      
  23272.8613      
  24915.3828      
  25039.0469      
  23871.4043      
  21937.7383      
  19736.3379      
  17444.4199      
  15749.4141      
  14929.6602      
  15130.7383      
  16336.1719      
  17755.7363      
  18272.2227      
  18170.3496      
  17516.3418      
  15877.9043      
  13657.5566      
  11696.6777      
  10152.5244      
   9194.6631      
   8700.6152      
   8549.9277      
   8783.1719      
   9064.9863      
   9747.7773      
  10776.5732      
  12493.1475      
  15174.1621      
  18845.8027      
  22554.8008      
  23740.7285      
  21704.4570      
  18021.4395      
  15140.4619      
  13021.5596      
  12105.1836      
  12303.1084      
  12942.1426      
  13420.4043      
  13494.9453      
  12627.0938      
  11156.8906      
   9715.6084      
   8492.3770      
   7678.5474      
   7024.3970      
   6518.2227      
   6157.0962      
   5970.2227      
   5892.8105      
   5849.4365      
   5959.1294      
   6149.3057      
   6412.4805      
   6490.5391      
   6502.2563      
   6260.9775      
   5874.0889      
   5413.0981      
   5064.5659      
   4810.3755      
   4477.1538      
   4426.4692      
   4167.4097      
   4142.4990      
   4066.3523      
   4114.7632      
   4006.6201      
   3813.7366      
   3741.7761      
   3641.4602      
   3595.8191      
   3482.0830      
   3439.6538      
   3550.4348      
   3363.5366      
   3435.6321      
   3459.7729      
   3365.1670      
   3247.2034      
   3245.8762      
   3337.2195      
   3281.0740      
   3354.2622      
   3243.3711      
   3279.8931      
   3396.7952      
   3296.8857      
   3315.2258      
   3290.0137      
   3298.5122      
   3235.4841      
   3332.3960      
   3331.0637      
   3370.5730      
   3242.7754      
   3233.0496      
   3279.3704      
   3272.4277      
   3188.5300      
   3318.9170      
   3426.1492      
   3405.0249      
   3340.2361      
   3285.4905      
   3337.5657      
   3221.1851      
   3173.7559      
   3333.5605      
   3238.1926      
   3217.2781      
   3307.0640      
   3304.3257      
   3380.4136      
   3418.6101      
   3403.1404      
   3334.1379      
   3345.4700      
   3244.4417      
   3354.0630      
   3358.3633      
   3328.8704      
   3368.3696      
   3307.9268      
   3381.2039      
   3488.7822      
   3408.1655      
   3380.0093      
   3535.8684      
   3456.4668      
   3500.4915      
   3600.1836      
   3587.4148      
   3835.7966      
   3736.4414      
   3919.9211      
   4055.4353      
   4029.2166      
   4345.7236      
   4605.8145      
   4981.2363      
   5583.2021      
   6106.9468      
   6560.3130      
   7053.8794      
   7083.0796      
   6917.5317      
   6897.2139      
   6686.1963      
   6472.5244      
   5951.7896      
   5435.5596      
   4900.9111      
   4636.9194      
   4351.3032      
   4302.4463      
   4168.2520      
   4103.7441      
   4131.6714      
   4090.6992      
   3865.1699      
   3831.9890      
   3911.6646      
   3969.8406      
   4035.4910      
   4132.1592      
   4104.3716      
   4130.8320      
   4173.5020      
   4211.8423      
   4374.6987      
   4480.5874      
   4557.0347      
   4727.4375      
   4937.6255      
   5035.9375      
   5227.8154      
   5410.6646      
   5712.9595      
   5931.2041      
   5853.9829      
   5889.4375      
   5713.2344      
   5462.9502      
   5511.8794      
   5378.2783      
   5376.7793      
   5314.2754      
   5322.1533      
   5269.1753      
   5386.4565      
   5421.0459      
   5602.5957      
   5912.8120      
   6152.9502      
   6247.9365      
   6647.5825      
   7062.6870      
   7445.1021      
   7949.9209      
   8316.0664      
   8958.2100      
   9760.6270      
  10662.6445      
  11802.3652      
  13482.7979      
  16322.4287      
  20098.8906      
  22692.3516      
  22198.5547      
  19848.5059      
  16924.2480      
  14316.2021      
  12481.4902      
  11419.7959      
  11547.4746      
  12605.2100      
  15014.9980      
  19184.6660      
  26503.6660      
  37161.1641      
  45857.5039      
  43371.7813      
  33739.0977      
  24808.7109      
  18869.4727      
  15227.8887      
  12820.5781      
  11537.4961      
  10910.3867      
  10887.3857      
  11542.0332      
  13040.3506      
  14295.0127      
  13986.5068      
  11877.1709      
   9981.4004      
   8971.9824      
   8463.7295      
   8875.7598      
   9519.8506      
  10717.0381      
  11581.8525      
  12086.4121      
  11811.6367      
  10852.7842      
  10088.2432      
   9403.6904      
   8942.4258      
   8904.7080      
   9121.1621      
   9730.3506      
  11027.6670      
  12729.6826      
  13825.6133      
  14521.0771      
  14671.5264      
  15153.6563      
  16649.7871      
  18865.3262      
  22362.5703      
  27634.0293      
  34719.0352      
  43374.4844      
  52449.3125      
  57287.1992      
  55024.1758      
  46155.0039      
  36167.2852      
  28974.6035      
  23753.4902      
  20516.6621      
  18303.0293      
  17633.1426      
  18244.3535      
  19910.0684      
  23260.2227      
  29415.8457      
  39219.2695      
  54306.2500      
  69468.7891      
  72683.2188      
  56903.7266      
  40576.4453      
  29999.2676      
  24834.5723      
  23016.7930      
  22981.1113      
  23269.0488      
  23005.0625      
  22654.7871      
  21973.0371      
  20947.9121      
  19975.4434      
  19225.3965      
  19382.3105      
  20912.5586      
  23415.2168      
  26163.0391      
  26802.7500      
  24390.0781      
  20619.8945      
  17232.3945      
  14567.3760      
  12790.7969      
  11207.1240      
  10418.3652      
   9852.6113      
   9635.7041      
   9908.3652      
  10324.8281      
  11423.9541      
  13142.0420      
  15458.8867      
  17825.1973      
  18343.0039      
  17701.8203      
  17647.9180      
  18605.8984      
  19858.9570      
  20422.4785      
  19217.3438      
  16685.1523      
  13847.1670      
  11180.6367      
   9383.5146      
   8220.2510      
   7539.3330      
   7081.4980      
   7064.4307      
   7410.0483      
   7661.1064      
   8438.4385      
   9702.1006      
  11024.4551      
  12654.2441      
  13409.7314      
  12222.3584      
  10578.4131      
   8743.2148      
   7271.6890      
   6098.9331      
   5752.3926      
   5184.3789      
   5056.2041      
   5065.5063      
   5131.9272      
   5402.9146      
   5634.9180      
   5630.2163      
   5557.4106      
   5298.3774      
   4953.8115      
   4558.3247      
   4389.6616      
   3994.0203      
   4048.0215      
   3888.1692      
   3790.0471      
   3879.6082      
   3855.0876      
   4067.3152      
   4073.2236      
   4268.7129      
   4478.1816      
   4302.8345      
   4301.4175      
   3862.7407      
   3655.7644      
   3607.2703      
   3566.0144      
   3469.5476      
   3168.9976      
   3283.6807      
   3095.4011      
   3159.4263      
   3114.9670      
   3128.9280      
   3004.2415      
   3187.5464      
   3016.7988      
   2844.8391      
   3062.5959      
   2982.4512      
   3015.6589      
   2968.7766      
   2970.2158      
   3171.2966      
   3137.9360      
   3069.9463      
   2987.0107      
   3005.0234      
   2794.8796      
   2794.9395      
   2841.5095      