  11100 16  1 01GLAS5.SP PGLAS  MS  .0000 U S1 012288 00.01   1         
  PROGRAM PE-CONVERT     VER 02.30                                      
  USER MS  DATE & TIME  1988 01 28 15.15 10.44    1.8500    295K U       
 AU1 ND 300     0     0 GLASS           0.325000 - 0.830000 .00020       
 FILE NAME ON PE-3600 = 001 GLAS5.SP      ON PC = 001GLAS5.SP            
 NO_POINTS  =  2526.    pts   DATA_INTV = 0.000200 µm                    
 MIN_LAMBDA =  0.325000 µm     MIN_DATA =      0.                        
 MAX_LAMBDA =  0.830000 µm     MAX_DATA =  31842.0                       
 SCANSPEED  = .015      æm/min SLITWIDTH=  0.00020 µmITA =   0.          
       RESP =   0.5     sec        ISMS =   0.       DATE=88/01/22       
       INST = 509.                    ? =   0.                           
 ND:GLASS SAMPLE FROM KIGRE CORP. Q-98 GLASS. THE MATERIAL IS            
 SUPPOSE TO BE 3wt.% ND (CONVERSATION WITH J. MEYERS INDICATE            
 3wt.% APPROX. 3*10(20)IONS/CM3. ND2O3.                                  
 converted to AU by Mark Storm.  header added by hand.                   
 Q-98KIGRE ND:GLASS,SAMEAS1-4,HIGHRES, STORM                             
  EOH     (1X,F11.4)                                                     
  2526.           
   6506.7993      
   6387.2300      
   6309.4653      
   6329.5718      
   6298.6895      
   6176.2778      
   6179.3613      
   6185.2593      
   6141.9941      
   6118.4355      
   6110.3032      
   6111.9751      
   6075.8740      
   6048.2163      
   5912.2681      
   5889.0098      
   5853.3555      
   5751.7793      
   5838.7129      
   5690.6582      
   5596.7983      
   5599.7827      
   5559.2686      
   5421.5771      
   5404.3330      
   5345.4648      
   5210.7305      
   5230.9751      
   5132.8569      
   5164.9634      
   5005.2280      
   4841.6787      
   4770.3311      
   4675.9854      
   4559.0039      
   4506.6855      
   4423.9077      
   4283.2422      
   4198.9673      
   4002.6848      
   3885.0476      
   3819.8647      
   3724.2446      
   3588.9346      
   3503.0063      
   3342.9258      
   3194.9692      
   3152.4185      
   3031.9480      
   2934.5569      
   2780.6060      
   2733.2249      
   2763.6611      
   2613.4680      
   2467.9512      
   2427.0918      
   2411.3777      
   2341.1091      
   2239.4888      
   2232.9626      
   2161.1436      
   2061.6504      
   2142.5361      
   2142.7788      
   2084.7424      
   2044.7477      
   2091.9397      
   2058.6311      
   1989.7345      
   1994.4260      
   2010.2574      
   1870.6494      
   1899.6559      
   1835.7816      
   1967.8068      
   1936.9476      
   1846.4248      
   1859.9137      
   1751.0992      
   1771.1132      
   1835.2260      
   1717.7906      
   1776.2130      
   1679.9354      
   1731.6492      
   1732.9786      
   1694.8556      
   1687.4272      
   1603.6010      
   1708.6897      
   1593.1746      
   1687.2538      
   1692.9540      
   1624.3638      
   1673.7220      
   1630.2703      
   1573.8771      
   1632.9076      
   1626.5909      
   1690.1685      
   1670.7087      
   1737.7296      
   1924.3176      
   2054.6997      
   2298.8472      
   2616.4673      
   3127.2024      
   3634.5356      
   4288.7642      
   5042.5903      
   5952.2476      
   6650.5010      
   7237.9272      
   7704.0591      
   8104.3008      
   8270.8330      
   8318.3994      
   8329.6836      
   8336.2295      
   8469.8193      
   8641.3711      
   9018.7725      
   9493.4150      
  10093.8857      
  10489.0332      
  10800.2998      
  10813.2139      
  10645.4307      
  10166.6006      
   9594.7129      
   9009.2070      
   8603.5557      
   8119.1177      
   7754.2544      
   7371.1372      
   7265.2236      
   7222.2661      
   7201.6738      
   7227.1460      
   7381.1865      
   7512.3579      
   7488.4111      
   7479.5674      
   7460.1816      
   7350.7578      
   7341.9819      
   7403.6519      
   7763.3032      
   8178.8042      
   8703.8896      
   9400.0605      
  10070.1455      
  10596.7949      
  10751.8311      
  10701.4785      
  10732.3594      
  10662.2607      
  10560.2051      
  10361.1543      
  10241.4482      
   9933.2236      
   9659.0938      
   9111.2949      
   8810.3154      
   8243.2861      
   7540.1348      
   6782.0044      
   5978.0566      
   5259.0415      
   4622.8745      
   4071.9424      
   3696.7488      
   3213.4478      
   2894.0850      
   2548.1604      
   2313.7007      
   2118.0474      
   1892.4089      
   1749.4541      
   1585.8772      
   1389.3396      
   1264.1879      
   1167.4915      
   1068.1429      
    906.4343      
    828.3039      
    753.6242      
    672.0215      
    531.2424      
    557.0752      
    532.6477      
    483.7038      
    374.8446      
    278.7646      
    201.2998      
    289.2524      
    289.4409      
    231.0731      
    227.2289      
    184.1377      
    229.6193      
    199.5963      
    154.5627      
    198.9637      
    122.8467      
    127.0406      
     77.1924      
    180.5985      
     49.6035      
     81.7427      
     64.9437      
    191.3877      
     79.2954      
      4.6830      
    164.8061      
     19.9830      
     74.0298      
     67.2208      
     85.3843      
     40.6395      
    173.9285      
     58.9567      
     76.1118      
     95.2843      
     76.4706      
     61.6710      
      0.0000      
     84.0023      
      0.0000      
    110.3618      
     95.5320      
    120.7283      
     52.9345      
      0.0000      
      9.4437      
      0.0000      
     78.5967      
      0.0000      
     45.0111      
     85.1188      
     75.3002      
     99.4638      
     10.8412      
      1.0643      
    110.9884      
      2.4037      
     40.4169      
      0.0000      
      0.0000      
     35.9491      
     85.0184      
     20.3528      
     46.4307      
     35.6354      
     64.7276      
     69.8882      
      0.0000      
      0.0000      
      0.0000      
    127.5637      
     14.9091      
     88.8821      
    113.0492      
     85.2182      
      0.0000      
      0.0000      
      0.0000      
      0.0000      
     20.2257      
     37.3236      
      0.0000      
     62.5822      
     54.7671      
    138.9081      
     81.0464      
     21.3791      
     10.5959      
      0.0000      
     80.7026      
     71.8771      
    108.0138      
     12.4050      
     82.3499      
    104.4995      
    104.6609      
    108.8222      
     48.0698      
    116.1482      
     61.3549      
     92.4681      
     31.7707      
     24.9610      
     70.9745      
    103.1021      
    106.2600      
     63.4673      
     20.7764      
     50.8184      
      8.1577      
     15.2785      
     13.4454      
     22.5586      
      0.0000      
     76.7018      
      0.0000      
     58.0544      
     43.2566      
     23.4939      
      0.0000      
     57.6785      
     44.8726      
      0.0000      
     30.2391      
     12.4798      
      0.0000      
     54.6121      
     39.8159      
      0.0000      
     69.0336      
      5.4404      
     55.3740      
      0.0000      
      0.0000      
      0.0000      
      0.0000      
      2.3717      
      0.0000      
      0.0000      
      0.0000      
      0.0000      
      0.0000      
     25.1524      
     13.3615      
      0.0000      
     31.5706      
      5.8514      
     56.7727      
      0.0000      
      0.0000      
     13.4019      
     71.3245      
     31.6054      
     54.6649      
     37.8731      
     38.0190      
     53.1089      
      8.4591      
      0.0000      
      0.0000      
      0.0000      
     51.8402      
      0.0000      
      0.0000      
      0.0000      
      0.0000      
     20.6976      
      7.9119      
      0.0000      
      0.0000      
     15.3009      
     16.4365      
      0.0000      
      0.0000      
      0.0000      
      0.0000      
      4.2197      
     12.3129      
      1.5192      
      0.0000      
      4.7814      
      0.0000      
      0.0000      
      3.2124      
      0.0000      
      0.0000      
      5.6171      
      0.0000      
     61.6338      
      0.0000      
     28.0472      
      0.0000      
      0.0000      
     55.3449      
     48.5076      
      0.8937      
     26.8792      
      4.1466      
      0.0000      
     54.1700      
     53.3102      
     44.4804      
     14.7645      
      1.9796      
      0.0000      
     40.0416      
     48.1425      
     25.3813      
     77.3171      
      0.0000      
      0.0000      
      0.0000      
      0.0000      
      0.0000      
      0.0000      
     24.4579      
      0.0000      
      0.0000      
     11.9283      
      0.0000      
      0.0000      
      0.0000      
     15.4347      
      0.6612      
     14.7029      
      0.0000      
      0.0000      
      0.0000      
      0.0000      
     18.3341      
      0.0000      
      0.0000      
     18.7214      
      0.0000      
     35.8885      
     14.1369      
      0.0000      
      0.0000      
      0.0000      
      7.6906      
     55.5723      
     39.7672      
      0.0000      
     29.0762      
      5.3453      
      0.0000      
     15.5347      
     30.5747      
     20.7563      
      0.0000      
      4.1142      
     32.0724      
     39.1611      
      0.0000      
      9.5790      
     33.5647      
     65.5532      
     23.8664      
     14.0504      
      0.2666      
     26.2261      
     61.1889      
     24.4832      
     13.6723      
      9.8211      
     59.6867      
     21.9912      
     47.9805      
     98.9475      
     73.1301      
     34.4127      
     85.3399      
    144.4172      
    138.5339      
    109.6618      
     63.8888      
    100.9141      
    104.0316      
    155.1520      
    148.2618      
     86.4230      
    148.5009      
    105.6272      
    108.7419      
     71.9426      
    120.9691      
    170.1308      
    138.2059      
    158.3450      
    195.5578      
    199.6900      
    160.7008      
    171.8394      
    181.9827      
    247.4026      
    222.3745      
    154.2759      
    139.3794      
    110.5061      
    137.6120      
     74.8160      
    114.8494      
    152.9697      
     82.1435      
    139.1897      
     73.3996      
     63.5506      
     99.5639      
    110.6624      
     73.8584      
    118.8821      
    121.9958      
     74.2007      
     63.3542      
     52.5131      
     57.6056      
    112.5709      
    133.6729      
    162.8080      
    113.9086      
    103.0361      
    202.2515      
    229.4874      
    259.7840      
    379.1132      
    622.1087      
    868.4217      
   1184.8046      
   1434.6803      
   1704.4260      
   1770.1157      
   1656.7069      
   1516.9939      
   1319.5273      
   1190.8801      
   1123.2560      
   1063.2562      
   1043.3726      
    977.3484      
    932.4598      
    835.6265      
    786.9432      
    802.6093      
    822.4453      
    823.5916      
    861.1380      
    911.2844      
    908.2617      
    916.7217      
    867.8171      
    794.1393      
    817.0781      
    711.5742      
    650.8737      
    575.0025      
    549.5140      
    516.9115      
    459.9173      
    424.4282      
    295.9607      
    302.1191      
    232.7297      
    222.7866      
    229.9251      
    191.8801      
    168.9308      
    193.0925      
    132.1171      
    174.2545      
    121.3348      
     71.5583      
    119.5454      
    127.6427      
     81.8366      
     96.8975      
    121.9596      
     45.3029      
     50.3817      
     88.3362      
      3.8816      
     49.6960      
     85.6537      
     71.8044      
    101.8164      
     42.1484      
     37.2790      
     57.2771      
     56.3836      
     77.3989      
     90.4590      
     55.6944      
     30.9311      
     65.8515      
     71.9282      
     94.9550      
     69.1413      
     66.2550      
     40.4837      
     39.5884      
     71.5354      
     65.6602      
     51.8252      
     58.8911      
     60.9819      
     58.0948      
    100.0453      
    103.1382      
     62.3736      
    105.3322      
    101.4392      
     83.5892      
     69.7396      
     70.8329      
    103.8287      
    139.8830      
    107.0177      
     73.2174      
     78.2969      
    131.2779      
    180.4064      
    127.4752      
     85.6608      
     88.7487      
    109.7926      
    114.8811      
    125.9622      
    127.0578      
    181.1806      
    151.2427      
    151.3387      
    165.4446      
    153.5302      
    195.6946      
    160.7258      
    210.9324      
    228.0977      
    232.2110      
    230.2973      
    233.4069      
    258.6398      
    268.7990      
    334.4569      
    345.6695      
    303.3470      
    343.8351      
    408.7493      
    387.5494      
    423.1472      
    421.2095      
    490.4784      
    492.6105      
    495.7625      
    491.7771      
    561.3160      
    568.5714      
    585.0499      
    607.6970      
    624.2106      
    633.5466      
    672.7191      
    713.0073      
    722.3884      
    681.2328      
    737.0306      
    750.5583      
    769.2702      
    799.4039      
    818.1658      
    813.0674      
    850.5486      
    872.4874      
    861.1315      
    925.8346      
    949.9540      
    978.2939      
   1014.0180      
   1048.7638      
   1030.9934      
   1052.0975      
   1070.0680      
   1056.4830      
   1098.6847      
   1089.2896      
   1105.1881      
   1133.7687      
   1141.2529      
   1161.4250      
   1186.9169      
   1163.7179      
   1175.4468      
   1159.6642      
   1204.2253      
   1228.7145      
   1236.2352      
   1211.9116      
   1208.8170      
   1200.4229      
   1189.9146      
   1186.8248      
   1151.9935      
   1157.3677      
   1176.4971      
   1152.2542      
   1150.2264      
   1127.0747      
   1118.7181      
   1086.1266      
   1067.2659      
   1089.4580      
   1119.0625      
   1099.1129      
   1104.4686      
   1063.4863      
   1073.0399      
   1101.5632      
   1105.8658      
   1129.1606      
   1114.4713      
   1112.4476      
   1081.9714      
   1109.4528      
   1122.1951      
   1128.6118      
   1090.7346      
   1115.0630      
   1120.4214      
   1100.4700      
   1130.0892      
   1146.0137      
   1155.6095      
   1233.0294      
   1273.5028      
   1335.4086      
   1358.9973      
   1363.3568      
   1403.0519      
   1404.2054      
   1381.7946      
   1447.2932      
   1499.0210      
   1533.6124      
   1587.7510      
   1587.8331      
   1563.0302      
   1517.7568      
   1432.8339      
   1444.7281      
   1408.3256      
   1338.8621      
   1360.3130      
   1311.2809      
   1300.7039      
   1331.7136      
   1332.8622      
   1390.6788      
   1393.9731      
   1413.3445      
   1498.3309      
   1500.5677      
   1502.8009      
   1566.5717      
   1626.2245      
   1670.8440      
   1726.4811      
   1769.1598      
   1848.1508      
   1884.5132      
   1869.1909      
   1893.4792      
   1915.5958      
   1870.5286      
   1921.2657      
   1842.1154      
   1770.9672      
   1749.1863      
   1702.3545      
   1603.5627      
   1525.7954      
   1394.7301      
   1341.3361      
   1262.5649      
   1193.6685      
   1114.4852      
   1061.9158      
   1002.1626      
    938.4293      
    948.9526      
    880.2029      
    853.2391      
    827.3536      
    744.5972      
    755.0067      
    705.5386      
    669.5756      
    604.9583      
    634.7855      
    610.2382      
    555.0314      
    556.1301      
    520.4634      
    497.0896      
    477.8176      
    439.2584      
    370.4051      
    398.8316      
    413.0994      
    340.3052      
    323.2177      
    340.4559      
    320.3420      
    245.9109      
    284.2082      
    224.9750      
    232.0750      
    217.0977      
    262.3697      
    188.1787      
    197.2692      
    205.3615      
    203.4319      
    182.4681      
    136.5491      
    169.6059      
    164.6798      
    131.7775      
    149.8297      
    115.9582      
    102.0728      
     81.2270      
    132.1451      
    150.1967      
    108.3468      
     78.5340      
    102.5118      
    111.5562      
    137.5762      
     71.8590      
    117.7580      
    136.7939      
    121.8940      
    106.0094      
    124.0332      
    111.1394      
    105.2299      
    133.2335      
    114.3461      
     71.5854      
     91.5674      
     68.7436      
    126.6036      
    129.6695      
    143.7198      
    179.7871      
    160.8505      
    153.9253      
    216.0682      
    212.1284      
    230.2557      
    235.3451      
    247.4668      
    269.6527      
    292.8742      
    339.3326      
    369.7211      
    372.8264      
    370.8717      
    436.8113      
    447.0354      
    476.5883      
    539.8501      
    553.1977      
    581.8995      
    614.7469      
    655.8743      
    684.7394      
    742.5386      
    766.3722      
    837.9224      
    869.1591      
    917.1226      
    927.6207      
    992.4831      
   1026.0870      
   1056.5981      
   1080.8497      
   1142.0426      
   1197.0880      
   1215.1654      
   1247.0602      
   1255.6248      
   1323.8097      
   1350.5564      
   1390.1796      
   1407.3800      
   1450.3522      
   1435.3921      
   1489.1868      
   1535.5869      
   1573.4572      
   1577.8477      
   1621.2240      
   1629.9656      
   1669.1195      
   1693.1160      
   1724.7732      
   1745.5653      
   1776.2234      
   1832.1381      
   1847.5659      
   1899.2999      
   1930.2169      
   1961.1866      
   1995.5287      
   2037.7009      
   2092.2080      
   2151.3445      
   2200.5945      
   2255.5959      
   2333.3044      
   2468.0649      
   2498.8306      
   2563.8845      
   2641.7856      
   2736.1628      
   2864.6853      
   2985.9421      
   3137.4756      
   3270.0867      
   3431.2244      
   3585.3516      
   3748.1243      
   3870.5789      
   4093.0603      
   4265.5239      
   4423.1836      
   4635.9673      
   4785.2808      
   4985.4175      
   5185.1587      
   5363.1069      
   5533.4009      
   5613.0986      
   5714.9009      
   5776.2852      
   5743.6177      
   5723.2549      
   5664.8892      
   5554.0581      
   5458.6475      
   5331.7515      
   5221.6211      
   5071.4233      
   4923.7705      
   4801.8701      
   4664.0986      
   4561.7930      
   4447.3828      
   4324.8784      
   4243.2720      
   4223.2876      
   4184.5742      
   4123.5127      
   4076.3154      
   4037.9167      
   4082.6516      
   4039.2803      
   4009.6191      
   3975.0667      
   3915.9441      
   3879.1135      
   3826.4265      
   3714.1499      
   3717.8640      
   3608.6814      
   3521.8215      
   3453.3662      
   3427.0518      
   3385.2314      
   3313.7207      
   3324.4995      
   3298.3728      
   3340.1128      
   3356.8721      
   3476.6621      
   3546.5320      
   3750.3394      
   3973.7554      
   4240.0352      
   4517.9414      
   4871.4463      
   5193.6636      
   5498.8833      
   5847.6870      
   6118.3262      
   6411.4600      
   6696.5078      
   7046.0762      
   7344.4004      
   7712.9702      
   8137.3994      
   8573.6611      
   8975.0498      
   9272.5547      
   9524.5713      
   9724.0059      
   9752.9717      
   9747.9258      
   9705.5039      
   9563.5557      
   9401.0078      
   9244.8789      
   9057.3164      
   8952.8945      
   8708.8174      
   8521.9600      
   8256.9727      
   8060.7749      
   7869.7563      
   7629.2476      
   7541.7954      
   7304.1099      
   7201.9673      
   7046.1372      
   6893.0981      
   6765.8394      
   6578.0205      
   6380.8486      
   6156.5190      
   5959.7476      
   5695.6831      
   5467.6006      
   5235.7500      
   5038.2539      
   4853.2690      
   4724.1455      
   4504.1558      
   4361.0952      
   4232.9355      
   4165.4819      
   4042.4211      
   3899.2822      
   3852.6753      
   3817.2002      
   3674.6182      
   3612.8518      
   3560.9451      
   3521.2271      
   3441.9929      
   3295.2058      
   3138.9937      
   3064.9414      
   2922.3491      
   2808.6313      
   2723.2507      
   2570.7617      
   2473.9971      
   2351.7810      
   2195.6792      
   2116.4917      
   2035.4308      
   1863.3595      
   1773.5936      
   1645.1731      
   1601.8850      
   1461.7883      
   1396.4531      
   1332.4207      
   1245.2578      
   1193.3953      
   1158.5685      
   1050.1860      
    975.8705      
    948.7667      
    936.3011      
    898.8462      
    845.8967      
    774.4850      
    730.1447      
    730.1989      
    677.7429      
    731.3396      
    681.9634      
    679.9616      
    661.5158      
    617.4543      
    625.7075      
    569.4665      
    539.9066      
    543.0217      
    547.1581      
    543.1287      
    521.7655      
    515.7047      
    484.2008      
    520.9071      
    509.7521      
    497.5860      
    470.1794      
    467.1820      
    449.9697      
    445.9629      
    479.5390      
    475.5242      
    481.6784      
    461.4029      
    453.3308      
    452.3690      
    487.9908      
    492.1122      
    458.6185      
    486.1129      
    436.3931      
    467.9170      
    426.3573      
    456.8488      
    404.1717      
    438.6823      
    434.6772      
    466.1971      
    443.9102      
    432.8036      
    453.1489      
    390.3637      
    418.7660      
    406.6619      
    436.1028      
    405.7506      
    428.0927      
    406.8670      
    368.4782      
    386.7255      
    381.7212      
    388.8521      
    337.3838      
    382.8853      
    403.1728      
    374.8982      
    383.0374      
    413.4523      
    380.1045      
    379.1425      
    329.7206      
    418.7182      
    349.9980      
    350.0483      
    314.8026      
    366.3068      
    375.4524      
    321.0008      
    353.3278      
    283.8501      
    320.1414      
    367.6170      
    329.3119      
    373.7784      
    357.6660      
    318.3743      
    314.3944      
    326.5361      
    292.3445      
    310.5142      
    308.5489      
    336.8174      
    321.7447      
    337.9234      
    296.6656      
    275.5922      
    318.9162      
    313.9294      
    300.8869      
    347.2991      
    330.1982      
    275.8853      
    292.0257      
    307.1708      
    266.9876      
    315.3253      
    345.6208      
    291.2608      
    356.8214      
    334.6700      
    321.6122      
    326.7005      
    372.1650      
    357.0623      
    334.9107      
    368.2679      
    346.1024      
    368.3637      
    351.2450      
    365.4293      
    363.4565      
    359.4650      
    384.7749      
    419.2366      
    462.9027      
    458.8887      
    494.5083      
    444.7737      
    453.9537      
    478.3802      
    526.2658      
    517.1412      
    528.3976      
    545.7802      
    604.0779      
    668.7256      
    656.4489      
    732.6214      
    705.8852      
    741.9957      
    856.8955      
    917.2484      
    949.6110      
   1025.9841      
   1081.6516      
   1209.3250      
   1316.5985      
   1434.1591      
   1549.2555      
   1646.6434      
   1818.8619      
   2033.6929      
   2255.6025      
   2542.8564      
   2875.3530      
   3328.0342      
   3770.4028      
   4372.1592      
   5053.5688      
   5909.5425      
   6906.6846      
   7997.7056      
   9178.8213      
  10472.8828      
  11758.4453      
  13022.1191      
  14166.9521      
  15078.2852      
  15793.9697      
  16315.1230      
  16579.0020      
  16716.1816      
  16686.2168      
  16584.1074      
  16393.8496      
  16310.5010      
  16254.3477      
  16283.6924      
  16458.0625      
  16686.5313      
  17055.1270      
  17596.2324      
  18097.2539      
  18507.2520      
  18915.4785      
  19388.2383      
  19642.6191      
  19906.6133      
  20171.5020      
  20477.3066      
  20735.1328      
  21038.0059      
  21339.5879      
  21583.8926      
  21908.1777      
  22197.6465      
  22505.6406      
  22773.3965      
  22991.9277      
  23241.8789      
  23477.1230      
  23811.6953      
  24129.9219      
  24530.9336      
  24881.9141      
  25332.4785      
  25654.3184      
  26108.0098      
  26256.1758      
  26427.0078      
  26465.7031      
  26577.8730      
  26651.6094      
  26612.6016      
  26892.2012      
  27127.0820      
  27469.3086      
  27948.3867      
  28402.2109      
  28956.4004      
  29375.9512      
  29940.5449      
  30266.7617      
  30555.7832      
  30920.9414      
  31159.2695      
  31389.4883      
  31691.4980      
  31841.5488      
  31795.3008      
  31754.9375      
  31605.6914      
  31310.8145      
  30899.3164      
  30486.2598      
  29847.5391      
  29130.7305      
  28226.7676      
  27370.5195      
  26479.8398      
  25549.2266      
  24617.7129      
  23695.1035      
  22796.3926      
  22037.6328      
  21238.6445      
  20656.3867      
  20017.0664      
  19481.1621      
  18972.0801      
  18454.9316      
  18046.2598      
  17644.0176      
  17191.3750      
  16777.4238      
  16340.8848      
  15843.0107      
  15405.0020      
  14959.2246      
  14541.9443      
  14060.5420      
  13671.7988      
  13297.4736      
  12928.7422      
  12561.4453      
  12232.6777      
  11896.3926      
  11639.7480      
  11323.5283      
  11105.9941      
  10773.7188      
  10520.0566      
  10292.6758      
   9959.4590      
   9718.6279      
   9551.4502      
   9297.7354      
   9121.2646      
   8899.4219      
   8669.0684      
   8465.3506      
   8193.6113      
   8026.0410      
   7782.1235      
   7582.1123      
   7354.5107      
   7115.0552      
   6900.4961      
   6651.2139      
   6355.9849      
   6123.8013      
   5850.7109      
   5531.8623      
   5259.5850      
   5055.4346      
   4738.6528      
   4556.8462      
   4300.0698      
   3997.4250      
   3788.6919      
   3520.8953      
   3362.8384      
   3176.6296      
   2986.4854      
   2865.4788      
   2657.9214      
   2504.9556      
   2388.2637      
   2290.2896      
   2160.4683      
   2038.2223      
   1988.4736      
   1841.0670      
   1810.4484      
   1716.6488      
   1642.8337      
   1563.9241      
   1526.2334      
   1418.9067      
   1400.7563      
   1305.8712      
   1225.2452      
   1214.6963      
   1073.4663      
   1059.8574      
    977.1902      
    913.6246      
    859.6200      
    780.9638      
    763.4458      
    701.6580      
    624.7121      
    551.1530      
    517.5585      
    427.2037      
    452.5877      
    439.4431      
    418.2031      
    357.5886      
    355.6079      
    322.3776      
    290.2117      
    319.4313      
    319.4691      
    252.1617      
    231.1416      
    225.1678      
    247.2581      
    211.2235      
    162.2777      
    208.2953      
    190.3261      
    175.3734      
    168.4203      
    167.4577      
    160.5065      
    179.5186      
    164.5736      
    190.5873      
    190.6244      
    149.7164      
    185.7017      
    191.7369      
    136.8629      
    166.8304      
    130.9570      
    142.9556      
    138.0076      
    205.9622      
    134.0946      
    137.1210      
    136.1619      
    117.2687      
    164.1669      
    109.3776      
    163.2404      
    140.3320      
    159.3213      
    143.3956      
     85.6882      
    158.4336      
    127.5567      
    133.5727      
    142.5812      
    112.7283      
    136.6721      
    166.6359      
    154.6950      
    135.7824      
     92.0152      
    171.7728      
    145.8611      
     79.2031      
    186.8691      
    128.0260      
    183.9431      
    153.0229      
    178.0172      
    158.0831      
    118.2454      
    170.1359      
    110.3524      
    120.3443      
    153.2726      
    179.2672      
    141.3759      
    186.3321      
    164.3918      
    190.4020      
    206.4391      
    159.5087      
    222.5269      
    205.5455      
    195.5786      
    175.6239      
    217.6613      
    224.7063      
    273.8884      
    270.9114      
    230.8220      
    246.8955      
    346.4871      
    342.4882      
    344.5399      
    390.0050      
    377.9143      
    470.1063      
    457.9616      
    422.5202      
    452.9589      
    405.3811      
    422.6241      
    416.5816      
    371.1208      
    377.2147      
    373.2098      
    423.8083      
    446.1361      
    395.5438      
    409.7393      
    453.3382      
    452.3580      
    487.9288      
    481.8652      
    438.2661      
    525.6727      
    495.1797      
    453.5774      
    502.3673      
    429.3182      
    507.5200      
    435.4648      
    509.6231      
    540.2083      
    429.4878      
    514.8138      
    490.4366      
    407.3171      
    426.5836      
    468.1904      
    499.7218      
    424.6587      
    422.6667      
    466.2955      
    474.4513      
    456.2145      
    425.8393      
    477.5978      
    519.3215      
    451.2757      
    453.3378      
    413.8575      
    464.5658      
    426.0726      
    414.9683      
    435.2552      
    439.3426      
    335.2872      
    319.2034      
    412.0984      
    357.5686      
    365.6748      
    323.3648      
    377.8566      
    410.2378      
    330.5125      
    365.8393      
    326.5496      
    309.4672      
    299.4427      
    279.3741      
    313.5924      
    300.5453      
    287.5101      
    339.8747      
    293.6058      
    303.6922      
    273.5763      
    308.7880      
    316.8716      
    329.9954      
    254.6358      
    262.6950      
    278.7906      
    247.7111      
    261.7869      
    235.7472      
    220.7547      
    231.8031      
    234.8415      
    240.8876      
    255.9599      
    241.9530      
    197.9335      
    240.0120      
    273.1503      
    175.0461      
    244.1191      
    239.1383      
    168.1512      
    197.1577      
    203.1896      
    195.2212      
    177.2665      
    177.2981      
    215.3227      
    228.3703      
    208.3810      
    198.4099      
    150.5082      
    175.4898      
    139.6049      
    148.6078      
    180.5778      
    186.6036      
    120.8027      
    197.6624      
    145.7739      
    174.7430      
    173.7743      
    204.7867      
    196.8173      
    194.8497      
    181.8893      
    188.9160      
    174.9610      
    238.0135      
    186.0094      
    148.1107      
    157.1171      
    160.1416      
    132.2562      
    172.1803      
    186.1948      
    168.2491      
    141.3470      
    146.3629      
    124.4726      
    105.5922      
    172.3955      
    142.4985      
    145.5190      
    155.5212      
    154.5553      
    164.5636      
    165.5911      
    189.5926      
    124.7782      
    172.6701      
    171.7019      
    160.7538      
    170.7652      
    156.8243      
    182.8094      
    111.0546      
    145.9445      
    180.9018      
    179.9330      
    194.9520      
    171.0068      
    143.1051      
    142.1370      
    163.1118      
    173.1228      
    166.1650      
    153.2250      
    147.2720      
    128.3678      
    186.2566      
    187.2858      
    101.5877      
    113.5548      
    141.4700      
    167.4316      
    142.5250      
    205.4597      
    191.4917      
    192.5198      
    190.5525      
    213.5818      
    203.6069      
    100.9178      
    177.6822      
    204.6968      
    104.9850      
    183.7632      
    214.7875      
    152.8790      
    206.8420      
    158.9222      
    187.9057      
    212.9323      
    121.1397      
    241.0318      
    147.1011      
    110.2803      
    163.1168      
    189.1091      
    140.2401      
    140.2691      
    202.1925      
    233.2485      
    194.2520      
    233.3064      
    180.3215      
    196.3370      
    205.3666      
    196.3946      
    149.4995      
    166.4880      
    222.4918      
    191.5135      
    271.6691      
    184.5753      
    157.6501      
    189.6279      
    202.6527      
    254.7556      
    245.7600      
    218.7445      
    175.7860      
    207.7943      
    246.8764      
    229.8708      
    265.9893      
    235.9373      
    208.9378      
    253.0348      
    210.9943      
    249.0800      
    255.1243      
    262.1753      
    274.2454      
    266.2435      
    319.5367      
    357.8521      
    353.8466      
    267.3607      
    414.5075      
    335.7881      
    370.0993      
    422.6877      
    409.5602      
    415.6580      
    433.9102      
    545.7004      
    487.7275      
    457.3038      
    516.2507      
    508.1400      
    566.2341      
    486.8514      
    622.4948      
    592.8647      
    586.7626      
    627.6956      
    695.4218      
    717.0431      
    653.3910      
    739.7481      
    754.2039      
    801.7198      
    731.5906      
    780.0806      
    855.6370      
    820.4469      
    785.3243      
    820.5015      
    855.7462      
    828.8378      
    925.4029      
    848.5716      
    883.8721      
    989.0886      
    954.6786      
    950.5366      
    921.4034      
   1010.0980      
   1001.7609      
   1062.5160      
   1089.8326      
   1022.7613      
   1026.9740      
   1055.2839      
   1076.2898      
   1093.1179      
   1180.5530      
   1158.4233      
   1212.3032      
   1220.7922      
   1191.2190      
   1277.0073      
   1259.0013      
   1288.7396      
   1368.5927      
   1372.8875      
   1403.8829      
   1422.0878      
   1449.9537      
   1480.0084      
   1470.3772      
   1472.5497      
   1567.2385      
   1596.4099      
   1544.6552      
   1596.4628      
   1627.8434      
   1622.4589      
   1664.7268      
   1719.0537      
   1691.9087      
   1693.0225      
   1647.4900      
   1677.8762      
   1692.0135      
   1735.5347      
   1704.0166      
   1727.9668      
   1736.7006      
   1709.5304      
   1668.2937      
   1672.6606      
   1700.9139      
   1541.9224      
   1531.1825      
   1449.5906      
   1431.4100      
   1435.7188      
   1390.8322      
   1306.6852      
   1221.8701      
   1263.2052      
   1239.9161      
   1220.8893      
   1104.9139      
   1051.4109      
   1102.8640      
   1071.3857      
   1021.1190      
    917.8608      
    910.6046      
    921.0324      
    865.9962      
    812.1621      
    797.7145      
    772.9556      
    728.6626      
    799.8582      
    734.8909      
    658.8730      
    641.4739      
    687.6602      
    656.8993      
    654.8738      
    638.5029      
    588.4088      
    528.2700      
    670.3584      
    550.7310      
    515.1164      
    560.9776      
    522.2890      
    484.6991      
    479.6475      
    518.2946      
    422.9323      
    393.6297      
    500.0644      
    415.9230      
    413.9256      
    450.4038      
    390.7230      
    406.9209      
    368.5607      
    320.2181      
    339.3738      
    341.4139      
    316.2696      
    294.1740      
    310.2838      
    301.2576      
    310.3333      
    288.2450      
    292.2865      
    271.2252      
    316.4673      
    365.8564      
    301.4302      
    278.3488      
    283.3946      
    212.2580      
    216.2847      
    238.3350      
    310.6284      
    258.4281      
    282.5384      
    264.4948      
    197.4323      
    216.4558      
    237.5028      
    278.6421      
    251.5802      
    218.5533      
    198.5767      
    178.6223      
    244.6615      
    238.6758      
    259.7472      
    218.6987      
    241.7530      
    190.7517      
    191.7762      
    222.7987      
    204.8161      
    224.8501      
    227.8765      
    252.9463      
    288.0908      
    237.9617      
    253.0182      
    292.1816      
    221.0127      
    203.0331      
    226.0656      
    315.3987      
    152.1906      
    266.2211      
    243.1851      
    221.1795      
    249.2451      
    229.2346      
    230.2597      
    171.3076      
    271.4037      
    311.6144      
    225.3505      
    241.3942      
    216.3899      
    254.4709      
    251.4865      
    251.5101      
    175.5128      
    310.7958      
    261.6089      
    274.6740      
    222.5826      
    237.6228      
    181.6433      
    233.6653      
    211.6715      
    232.7093      
    271.8264      
    235.7595      
    295.9749      
    231.8009      
    262.8910      
    241.8623      
    269.9586      
    267.9771      
    302.1429      
    333.3542      
    245.9865      
    281.1157      
    247.0350      
    203.0187      
    298.2628      
    304.3165      
    248.1306      
    297.3256      
    257.1975      
    245.1916      
    251.2285      
    324.5713      
    244.2582      
    253.3011      
    289.4484      
    364.9630      
    329.7180      
    349.8859      
    300.5915      
    300.6143      
    327.7954      
    297.6454      
    292.6435      
    322.8305      
    355.0857      
    349.0609      
    331.9578      
    327.9541      
    343.0809      
    319.9482      
    307.9015      
    337.1051      
    316.9972      
    302.9416      
    325.0931      
    389.6420      
    355.3563      
    338.2485      
    388.6992      
    378.6241      
    421.0916      
    384.7261      
    413.0436      
    453.5657      
    441.4279      
    442.4645      
    551.2025      
    505.4236      
    520.6991      
    471.9529      
    479.0802      
    493.3185      
    499.4366      
    573.7925      
    589.1283      
    638.2371      
    586.1072      
    510.7281      
    628.0653      
    642.4214      
    693.7300      
    675.2726      
    760.6657      
    665.0576      
    709.2325      
    753.5159      
    806.1743      
    837.2316      
    874.5665      
    825.8901      
    819.7048      
    865.2974      
   1011.0878      
    970.3832      
   1057.1893      
   1114.9502      
   1078.2069      
   1213.0468      
   1245.8722      
   1289.3693      
   1320.2076      
   1325.5472      
   1492.2944      
   1569.7911      
   1623.8107      
   1722.5253      
   1878.7369      
   2009.7747      
   2259.0293      
   2354.5371      
   2426.7888      
   2754.3262      
   2991.9863      
   3364.5732      
   3646.7412      
   4077.8245      
   4452.2817      
   4939.6890      
   5470.0767      
   6235.9482      
   6946.9536      
   7817.8687      
   8608.2861      
   9485.0986      
  10380.3740      
  11307.6543      
  12046.4473      
  12843.0186      
  13520.8730      
  13978.7900      
  14380.4580      
  14548.1104      
  14556.9980      
  14523.7939      
  14310.4248      
  14125.5107      
  14004.7197      
  13816.5176      
  13659.7676      
  13577.7119      
  13550.4541      
  13596.6602      
  13638.7705      
  13814.5156      
  13989.8438      
  14123.5557      
  14306.3027      
  14444.5957      
  14728.8594      
  15024.5059      
  15198.2842      
  15371.4336      
  15534.5566      
  15687.3633      
  15841.4756      
  15874.8594      
  15953.7646      
  15913.1055      
  15953.8066      
  15820.1660      
  15829.6992      
  15753.7451      
  15844.0225      
  15886.9551      
  15789.3809      
  15994.7227      
  16156.3408      
  16361.0322      
  16625.1758      
  16923.5605      
  17379.3027      
  17780.4688      
  18305.0488      
  18890.4180      
  19574.3496      
  20019.1348      
  20447.4883      
  21095.3828      
  21326.3242      
  21573.3496      
  21803.9063      
  21933.6641      
  21774.1426      
  21638.9961      
  21599.6484      
  21433.3027      
  21197.8320      
  20965.4004      
  20444.6582      
  20151.9941      
  19896.7773      
  19598.1406      
  19278.4238      
  18967.1172      
  18789.6191      
  18561.1719      
  18308.2656      
  18115.4902      
  17938.1211      
  17770.4336      
  17643.7129      
  17263.6250      
  17081.6563      
  16758.1582      
  16369.1338      
  16024.3701      
  15530.9746      
  15116.9287      
  14663.0576      
  14133.5186      
  13600.1699      
  13248.3730      
  12646.2842      
  12144.9258      
  11548.0078      
  11145.4873      
  10749.9697      
  10205.5527      
   9898.2734      
   9565.8750      
   9247.7500      
   8922.1670      
   8584.8506      
   8247.4863      
   7994.6997      
   7769.7295      
   7525.0142      
   7374.1167      
   7038.0288      
   6920.1367      
   6636.5601      
   6534.0342      
   6278.8164      
   6218.7251      
   5933.5298      
   5849.9526      
   5640.6294      
   5510.0317      
   5335.1348      
   5150.0820      
   5002.0957      
   4930.5146      
   4708.4375      
   4664.8750      
   4581.8706      
   4444.7832      
   4232.3286      
   4084.2241      
   3961.9377      
   3900.5000      
   3706.4666      
   3683.4353      
   3635.0247      
   3390.0613      
   3313.9045      
   3234.5212      
   3143.7148      
   2923.8850      
   2803.4290      
   2719.3618      
   2758.4951      
   2613.9832      
   2539.8950      
   2339.6418      
   2308.1826      
   2289.1160      
   2217.4663      
   2202.9624      
   2084.9983      
   1983.2393      
   1963.4128      
   1883.1667      
   1786.9037      
   1764.0219      
   1717.2393      
   1611.0455      
   1599.1810      
   1537.7523      
   1515.1836      
   1513.0549      
   1504.4764      
   1407.0052      
   1353.6816      
   1283.5289      
   1192.5208      
   1339.8937      
   1229.5485      
   1138.8121      
   1163.0580      
   1169.4020      
   1048.5680      
   1084.2323      
   1103.1516      
   1013.0486      
    970.2607      
    997.4116      
   1059.1570      
    956.7638      
    914.1082      
    909.9694      
    888.1751      
    795.0081      
    822.9316      
    723.9266      
    773.3894      
    754.8500      
    742.5081      
    644.9688      
    692.1594      
    702.4496      
    668.5941      
    737.4526      
    635.8441      
    599.0493      
    620.5340      
    688.1816      
    739.6036      
    579.7241      
    549.1559      
    465.8321      
    611.4409      
    520.7094      
    576.7538      
    610.4733      
    546.2090      
    737.7086      
    541.1537      
    524.8870      
    619.7665      
    492.3986      
    512.7379      
    545.3174      
    655.6691      
    562.6754      
    564.7328      
    484.3848      
    558.6527      
    616.8609      
    646.5568      
    626.1024      
    680.4244      
    626.1383      
    731.8406      
    671.2451      
    763.8051      
    731.8943      
    743.2350      
    841.3430      
    783.4752      
    756.6798      
    762.8826      
    817.6171      
    889.1203      
   1064.3861      
   1120.0464      
   1035.0953      
   1183.2814      
   1111.6898      
   1242.5031      
   1330.6022      
   1325.3020      
   1422.3596      
   1539.3049      
   1411.7052      
   1722.1459      
   1738.4775      
   1804.9972      
   1881.6311      
   1966.3047      
   2070.2112      
   1980.6730      
   2162.4792      
   2198.1821      
   2208.2480      
   2292.2297      
   2551.0659      
   2584.1250      
   2505.6245      
   2589.8643      
   2604.7180      
   2587.6172      
   2783.7524      
   2828.7996      
   3003.0625      
   3177.8494      
   3154.3066      
   3238.0947      
   3374.6262      
   3567.5173      
   3596.4644      
   3685.9736      
   3828.3982      
   3895.7507      
   3989.2273      
   4156.4634      
   4177.6484      
   4371.8184      
   4517.2520      
   4611.4648      
   4818.1357      
   5007.6289      
   5208.3647      
   5518.4146      
   5635.5752      
   5986.1577      
   6199.5552      
   6395.7734      
   6644.0845      
   6904.5596      
   7245.5010      
   7623.1621      
   7973.4980      
   8151.2627      
   8728.9404      
   8930.5674      
   9168.9551      
   9589.6592      
  10029.0361      
  10465.2637      
  10975.7900      
  11456.3652      
  12025.0596      
  12375.1035      
  12961.8701      
  13503.4658      
  13920.0918      
  14329.0605      
  14658.1543      
  15244.8926      
  15756.3740      
  16282.7988      
  16635.0352      
  17052.7500      
  17291.0801      
  17814.5313      
  17835.8086      
  18612.7227      
  18934.8242      
  19236.9043      
  19541.2129      
  20000.0313      
  20342.0469      
  20709.3809      
  20998.5977      
  21392.6602      
  21506.3945      
  21802.1738      
  21978.6602      
  22598.1699      
  22965.5234      
  23668.2598      
  24480.0703      
  25157.7266      
  26298.7930      
  27165.5820      
  28236.4727      
  29249.3867      
  30174.3984      
  30873.2930      
  31311.6426      
  31566.1973      
  31424.3613      
  31328.5508      
  30988.8574      
  30424.0664      
  29959.6211      
  29174.5723      
  28499.0156      
  27686.4063      
  26764.2852      
  26033.1348      
  25150.0586      
  24183.0313      
  23573.3438      
  22818.0996      
  21898.9961      
  21380.2363      
  20734.9219      
  20000.6582      
  19431.1543      
  18884.7383      
  18442.1797      
  17794.0918      
  17452.5488      
  16995.1523      
  16725.6934      
  16269.0947      
  15726.5615      
  15361.3828      
  15071.7432      
  14391.5000      
  14041.3867      
  13729.6729      
  13352.6416      
  12815.5586      
  12352.7607      
  11962.8564      
  11628.2451      
  11296.0371      
  10807.1270      
  10729.9170      
  10236.7402      
  10087.4160      
   9599.5068      
   9299.0781      
   9000.3184      
   8695.2236      
   8570.8125      
   8271.2842      
   8191.7339      
   7809.7837      
   7730.7261      
   7477.6216      
   7386.6025      
   7284.1953      
   7060.6211      
   6951.3252      
   6886.0728      
   6762.0054      
   6546.1992      
   6517.8228      
   6175.0010      
   6393.4531      
   6136.1050      
   5960.6040      
   6175.0640      
   5852.3115      
   5838.6631      
   5790.9292      
   5572.9204      
   5408.1299      
   5300.4316      
   5440.1992      
   5168.3657      
   5127.6265      
   5094.8418      
   4874.6880      
   4885.0645      
   4612.4829      
   4574.2539      
   4613.7920      
   4547.5645      
   4477.7783      
   4208.7510      
   4170.1250      
   4198.8018      
   3970.7856      
   4025.0688      
   3856.6487      
   3582.2058      
   3711.6445      
   3547.3206      
   3484.8940      
   3295.3132      
   3334.5144      
   3421.5190      
   3266.9131      
   3132.4211      
   3026.9519      
   2845.5754      
   2795.9114      
   2812.0862      
   2606.5730      
   2699.3030      
   2576.9448      
   2243.8169      
   2340.3174      
   2297.6355      
   2097.8765      
   2149.0186      
   1965.2100      
   1987.2734      
   1953.1260      
   1738.6250      
   1933.3485      
   1758.2504      
   1615.0648      
   1607.5179      
   1561.1490      
   1524.5732      
   1583.8184      
   1342.7535      
   1196.4865      
   1256.7784      
   1215.5291      
   1258.9276      
   1198.6588      
   1028.4329      
   1155.4515      
   1071.3976      
    989.8217      
   1045.2358      
   1086.1265      
    987.7780      
    910.7371      
    906.5942      
    858.8868      
    877.5596      
    608.8830      
    812.3653      
    632.4294      
    810.3293      
    709.3615      
    630.4290      
    666.2862      