  11102  6  1 TMYAG.02   CUCC   GA   .000 U  #  81594 00.00   1        
  PROGRAM    EHEAD   VERSION 01.01 TUNGSTEN LAMP                       
  USER PLC DATE & TIME  1995  4  6 00.00 00.00     9.990    295K U     
 EC1 Tm 100     0     0 Y3Al5O12         .700400 -  .900000 .00020     
 SLIT WIDTH IS  500 MICRONS, RADIATIVE LIFETIME OF 1.7 MSEC WAS        
 USED TO CALCULATE EMISSION CROSS-SECTION.                             
  FORMAT(1X,G15.8)                                                     
  This spectra is part of Database LASERS
 Database LASERS was created by Pat Cross working 
 at NASA Langley Research Center, Internal Operations Group,
 Aerospace Electronics Systems Division, Remote Sensing 
 Technology Branch. phone:(757)864-1633   fax:(757)864-7894 
     e-mail p.l.cross@larc.nasa.gov 
     homepage http://aesd.larc.nasa.gov/laser/dbmain.htm
  EOH                                                                  
   999.         
   .86394000E-27
   .85599000E-27
   .11865000E-26
   .21058000E-26
   .98706000E-27
   .15656000E-27
   .33755000E-27
   .13011000E-26
   .49000000E-27
   .00000000    
   .00000000    
   .37335000E-27
   .86954000E-27
   .85420000E-27
   .00000000    
   .70003000E-27
   .11207000E-26
   .12759000E-26
   .18343000E-26
   .19840000E-26
   .13646000E-26
   .12897000E-26
   .16442000E-26
   .90300000E-27
   .10999000E-26
   .10035000E-26
   .19083000E-26
   .22069000E-26
   .35042000E-26
   .32711000E-26
   .25617000E-26
   .33107000E-26
   .16977000E-26
   .40604000E-26
   .45511000E-26
   .44126000E-26
   .17030000E-26
   .11356000E-26
   .19705000E-26
   .30833000E-26
   .10417000E-26
   .19402000E-26
   .22318000E-26
   .22577000E-26
   .35663000E-26
   .26911000E-26
   .21211000E-26
   .26960000E-26
   .18697000E-26
   .21517000E-26
   .23451000E-26
   .23580000E-26
   .17587000E-26
   .18118000E-26
   .16973000E-26
   .20043000E-26
   .89290000E-27
   .14703000E-26
   .68494000E-27
   .27192000E-26
   .17135000E-26
   .39904000E-27
   .18786000E-28
   .16504000E-26
   .88956000E-27
   .00000000    
   .12494000E-26
   .17135000E-26
   .11773000E-26
   .11684000E-26
   .19130000E-26
   .87256000E-28
   .00000000    
   .51162000E-27
   .46075000E-27
   .17918000E-26
   .71257000E-27
   .12171000E-26
   .64107000E-27
   .00000000    
   .29190000E-27
   .23359000E-26
   .69753000E-27
   .36540000E-27
   .18566000E-27
   .15856000E-27
   .00000000    
   .00000000    
   .00000000    
   .17715000E-27
   .49336000E-27
   .00000000    
   .00000000    
   .41601000E-27
   .00000000    
   .00000000    
   .00000000    
   .00000000    
   .33350000E-28
   .00000000    
   .00000000    
   .00000000    
   .00000000    
   .22861000E-27
   .60645000E-27
   .58684000E-28
   .00000000    
   .00000000    
   .00000000    
   .00000000    
   .11828000E-26
   .00000000    
   .91240000E-28
   .00000000    
   .00000000    
   .13051000E-26
   .81504000E-28
   .10732000E-27
   .30002000E-27
   .18168000E-26
   .14386000E-26
   .18207000E-26
   .31926000E-27
   .21384000E-26
   .88688000E-27
   .93534000E-27
   .13507000E-26
   .15409000E-26
   .11686000E-26
   .19973000E-27
   .21898000E-27
   .10632000E-26
   .00000000    
   .11229000E-26
   .10171000E-26
   .24269000E-26
   .24045000E-26
   .17111000E-26
   .43573000E-28
   .59215000E-27
   .80202000E-27
   .77859000E-27
   .11859000E-26
   .26343000E-26
   .18405000E-26
   .11948000E-26
   .14197000E-26
   .29932000E-26
   .16003000E-26
   .43724000E-27
   .14061000E-26
   .14116000E-26
   .00000000    
   .31575000E-27
   .28440000E-27
   .00000000    
   .86204000E-27
   .00000000    
   .00000000    
   .00000000    
   .14312000E-26
   .22145000E-26
   .14793000E-26
   .52126000E-27
   .11047000E-26
   .11686000E-26
   .18054000E-27
   .15143000E-26
   .25740000E-26
   .34401000E-27
   .15551000E-27
   .34942000E-29
   .11106000E-26
   .38566000E-27
   .00000000    
   .10464000E-26
   .00000000    
   .19737000E-26
   .00000000    
   .40206000E-27
   .10334000E-26
   .00000000    
   .21978000E-26
   .62300000E-27
   .00000000    
   .00000000    
   .00000000    
   .00000000    
   .00000000    
   .00000000    
   .00000000    
   .32676000E-27
   .00000000    
   .00000000    
   .18702000E-28
   .89497000E-27
   .00000000    
   .00000000    
   .00000000    
   .50940000E-27
   .68902000E-27
   .93956000E-27
   .00000000    
   .00000000    
   .00000000    
   .13792000E-27
   .15084000E-27
   .00000000    
   .00000000    
   .00000000    
   .00000000    
   .23773000E-27
   .00000000    
   .00000000    
   .00000000    
   .37919000E-27
   .00000000    
   .00000000    
   .00000000    
   .00000000    
   .15915000E-27
   .00000000    
   .17017000E-28
   .44994000E-27
   .14367000E-26
   .00000000    
   .00000000    
   .41601000E-27
   .00000000    
   .00000000    
   .44085000E-27
   .13135000E-26
   .28903000E-28
   .44885000E-27
   .17159000E-26
   .00000000    
   .00000000    
   .00000000    
   .00000000    
   .00000000    
   .87191000E-27
   .00000000    
   .00000000    
   .00000000    
   .00000000    
   .92173000E-27
   .00000000    
   .14608000E-26
   .11852000E-26
   .13615000E-27
   .00000000    
   .00000000    
   .60335000E-28
   .00000000    
   .00000000    
   .00000000    
   .14177000E-26
   .10180000E-26
   .00000000    
   .21764000E-27
   .13840000E-26
   .15170000E-27
   .00000000    
   .87115000E-27
   .92912000E-27
   .45172000E-27
   .00000000    
   .25141000E-27
   .12230000E-26
   .16421000E-26
   .18454000E-26
   .10887000E-26
   .20925000E-26
   .15319000E-26
   .00000000    
   .00000000    
   .52555000E-27
   .17445000E-26
   .17812000E-26
   .00000000    
   .24934000E-27
   .33841000E-26
   .15690000E-26
   .70241000E-27
   .32025000E-26
   .28058000E-26
   .38680000E-26
   .41954000E-26
   .32210000E-26
   .38698000E-26
   .40916000E-26
   .30668000E-26
   .35414000E-26
   .55210000E-26
   .47405000E-26
   .44864000E-26
   .54393000E-26
   .66266000E-26
   .66038000E-26
   .62295000E-26
   .83662000E-26
   .83210000E-26
   .97441000E-26
   .94175000E-26
   .95023000E-26
   .12175000E-25
   .11033000E-25
   .13526000E-25
   .16493000E-25
   .15852000E-25
   .17858000E-25
   .18236000E-25
   .20713000E-25
   .20890000E-25
   .21798000E-25
   .22769000E-25
   .23456000E-25
   .22676000E-25
   .25546000E-25
   .29855000E-25
   .29417000E-25
   .28663000E-25
   .29360000E-25
   .31827000E-25
   .30185000E-25
   .32461000E-25
   .32451000E-25
   .31616000E-25
   .33814000E-25
   .34688000E-25
   .30505000E-25
   .30948000E-25
   .32672000E-25
   .30927000E-25
   .31127000E-25
   .30595000E-25
   .34005000E-25
   .28978000E-25
   .27502000E-25
   .25828000E-25
   .27249000E-25
   .27239000E-25
   .26577000E-25
   .24583000E-25
   .24483000E-25
   .22331000E-25
   .23623000E-25
   .25176000E-25
   .23830000E-25
   .22737000E-25
   .23307000E-25
   .24365000E-25
   .21842000E-25
   .20540000E-25
   .20350000E-25
   .21409000E-25
   .20842000E-25
   .18475000E-25
   .20997000E-25
   .22100000E-25
   .21728000E-25
   .21746000E-25
   .23245000E-25
   .23067000E-25
   .25226000E-25
   .27150000E-25
   .25032000E-25
   .26347000E-25
   .25729000E-25
   .28204000E-25
   .32417000E-25
   .31472000E-25
   .32676000E-25
   .32905000E-25
   .34955000E-25
   .35578000E-25
   .37942000E-25
   .39083000E-25
   .43325000E-25
   .47540000E-25
   .50774000E-25
   .54688000E-25
   .61671000E-25
   .67794000E-25
   .73442000E-25
   .79479000E-25
   .81518000E-25
   .84836000E-25
   .95293000E-25
   .10301000E-24
   .11540000E-24
   .13100000E-24
   .14794000E-24
   .16937000E-24
   .18830000E-24
   .20185000E-24
   .20585000E-24
   .20665000E-24
   .20040000E-24
   .20377000E-24
   .21173000E-24
   .23708000E-24
   .26322000E-24
   .27971000E-24
   .28089000E-24
   .26849000E-24
   .24310000E-24
   .21520000E-24
   .18544000E-24
   .16886000E-24
   .15297000E-24
   .14387000E-24
   .13918000E-24
   .13978000E-24
   .14252000E-24
   .15692000E-24
   .17505000E-24
   .19762000E-24
   .22178000E-24
   .23620000E-24
   .23963000E-24
   .23420000E-24
   .24121000E-24
   .26448000E-24
   .30194000E-24
   .35823000E-24
   .41542000E-24
   .44666000E-24
   .42504000E-24
   .36687000E-24
   .29121000E-24
   .23613000E-24
   .20449000E-24
   .17789000E-24
   .16083000E-24
   .14474000E-24
   .13423000E-24
   .11612000E-24
   .11071000E-24
   .97661000E-25
   .88484000E-25
   .83429000E-25
   .80184000E-25
   .78409000E-25
   .73334000E-25
   .69200000E-25
   .60968000E-25
   .61451000E-25
   .66188000E-25
   .57314000E-25
   .63905000E-25
   .62860000E-25
   .63188000E-25
   .64263000E-25
   .66829000E-25
   .70902000E-25
   .79284000E-25
   .82607000E-25
   .95571000E-25
   .11273000E-24
   .13192000E-24
   .14754000E-24
   .16316000E-24
   .18287000E-24
   .19903000E-24
   .20140000E-24
   .18098000E-24
   .14875000E-24
   .12170000E-24
   .10515000E-24
   .91283000E-25
   .83166000E-25
   .75912000E-25
   .73288000E-25
   .73617000E-25
   .75633000E-25
   .75685000E-25
   .81861000E-25
   .84355000E-25
   .88775000E-25
   .10053000E-24
   .11028000E-24
   .11966000E-24
   .13294000E-24
   .15054000E-24
   .16850000E-24
   .18519000E-24
   .20622000E-24
   .22122000E-24
   .23754000E-24
   .24907000E-24
   .24972000E-24
   .25190000E-24
   .25177000E-24
   .24250000E-24
   .23427000E-24
   .21478000E-24
   .19747000E-24
   .18477000E-24
   .17155000E-24
   .16197000E-24
   .15326000E-24
   .14473000E-24
   .14679000E-24
   .14738000E-24
   .15061000E-24
   .15196000E-24
   .15290000E-24
   .15828000E-24
   .15806000E-24
   .16575000E-24
   .17101000E-24
   .17616000E-24
   .18320000E-24
   .18655000E-24
   .18709000E-24
   .19878000E-24
   .21625000E-24
   .23521000E-24
   .26881000E-24
   .29627000E-24
   .32348000E-24
   .32717000E-24
   .31506000E-24
   .30640000E-24
   .29636000E-24
   .29024000E-24
   .27935000E-24
   .27320000E-24
   .25680000E-24
   .23473000E-24
   .21288000E-24
   .19550000E-24
   .17867000E-24
   .17079000E-24
   .16093000E-24
   .15949000E-24
   .16099000E-24
   .15912000E-24
   .16605000E-24
   .17883000E-24
   .18290000E-24
   .18319000E-24
   .17442000E-24
   .15970000E-24
   .15353000E-24
   .13446000E-24
   .12249000E-24
   .11698000E-24
   .11234000E-24
   .10318000E-24
   .98614000E-25
   .90210000E-25
   .91311000E-25
   .87812000E-25
   .83177000E-25
   .82597000E-25
   .81871000E-25
   .77897000E-25
   .78533000E-25
   .78924000E-25
   .74732000E-25
   .80680000E-25
   .78118000E-25
   .76767000E-25
   .76509000E-25
   .77575000E-25
   .78086000E-25
   .78578000E-25
   .83093000E-25
   .78447000E-25
   .83992000E-25
   .84469000E-25
   .86230000E-25
   .86746000E-25
   .87078000E-25
   .88008000E-25
   .90242000E-25
   .91403000E-25
   .93934000E-25
   .99383000E-25
   .98555000E-25
   .95968000E-25
   .97190000E-25
   .10352000E-24
   .99684000E-25
   .10738000E-24
   .10931000E-24
   .11239000E-24
   .11649000E-24
   .12087000E-24
   .12212000E-24
   .12823000E-24
   .13183000E-24
   .14316000E-24
   .15107000E-24
   .15717000E-24
   .16693000E-24
   .17351000E-24
   .18445000E-24
   .19433000E-24
   .19349000E-24
   .19990000E-24
   .20197000E-24
   .20249000E-24
   .20524000E-24
   .20372000E-24
   .20970000E-24
   .21052000E-24
   .20914000E-24
   .21216000E-24
   .20952000E-24
   .20827000E-24
   .20036000E-24
   .19879000E-24
   .19528000E-24
   .19165000E-24
   .19029000E-24
   .17963000E-24
   .17585000E-24
   .16699000E-24
   .15843000E-24
   .15443000E-24
   .14769000E-24
   .13880000E-24
   .13407000E-24
   .12640000E-24
   .12325000E-24
   .11989000E-24
   .11653000E-24
   .10877000E-24
   .11022000E-24
   .10626000E-24
   .99424000E-25
   .10025000E-24
   .10243000E-24
   .10067000E-24
   .10185000E-24
   .10075000E-24
   .98765000E-25
   .98714000E-25
   .99611000E-25
   .10186000E-24
   .10040000E-24
   .10416000E-24
   .10448000E-24
   .10504000E-24
   .10604000E-24
   .11145000E-24
   .10958000E-24
   .11302000E-24
   .11893000E-24
   .11974000E-24
   .11932000E-24
   .12231000E-24
   .12440000E-24
   .12399000E-24
   .12478000E-24
   .12883000E-24
   .12915000E-24
   .12934000E-24
   .12728000E-24
   .12380000E-24
   .11920000E-24
   .11824000E-24
   .10912000E-24
   .10790000E-24
   .10447000E-24
   .10557000E-24
   .10210000E-24
   .95599000E-25
   .93883000E-25
   .93494000E-25
   .91015000E-25
   .91037000E-25
   .84877000E-25
   .84346000E-25
   .78671000E-25
   .73152000E-25
   .72556000E-25
   .71324000E-25
   .66325000E-25
   .64894000E-25
   .63008000E-25
   .58316000E-25
   .56494000E-25
   .55298000E-25
   .50399000E-25
   .47107000E-25
   .45483000E-25
   .45901000E-25
   .44550000E-25
   .43163000E-25
   .42172000E-25
   .42336000E-25
   .39372000E-25
   .38085000E-25
   .37950000E-25
   .38153000E-25
   .39979000E-25
   .36913000E-25
   .35956000E-25
   .32918000E-25
   .35864000E-25
   .32814000E-25
   .31188000E-25
   .32555000E-25
   .34298000E-25
   .31354000E-25
   .30077000E-25
   .28013000E-25
   .28687000E-25
   .30587000E-25
   .27827000E-25
   .28885000E-25
   .26140000E-25
   .22468000E-25
   .22051000E-25
   .24367000E-25
   .23494000E-25
   .22436000E-25
   .20324000E-25
   .19624000E-25
   .18548000E-25
   .19065000E-25
   .17828000E-25
   .19333000E-25
   .17345000E-25
   .17330000E-25
   .17611000E-25
   .14771000E-25
   .16132000E-25
   .15560000E-25
   .14345000E-25
   .14436000E-25
   .13958000E-25
   .16158000E-25
   .15365000E-25
   .15691000E-25
   .16278000E-25
   .15718000E-25
   .14937000E-25
   .12913000E-25
   .12277000E-25
   .13713000E-25
   .13922000E-25
   .13222000E-25
   .13366000E-25
   .13227000E-25
   .12183000E-25
   .11236000E-25
   .12751000E-25
   .12489000E-25
   .12751000E-25
   .11225000E-25
   .11688000E-25
   .14727000E-25
   .11721000E-25
   .10461000E-25
   .10251000E-25
   .89498000E-26
   .99932000E-26
   .10034000E-25
   .92619000E-26
   .10288000E-25
   .11083000E-25
   .87226000E-26
   .99820000E-26
   .11951000E-25
   .11420000E-25
   .99593000E-26
   .85748000E-26
   .72629000E-26
   .98944000E-26
   .98227000E-26
   .10481000E-25
   .92196000E-26
   .94040000E-26
   .77887000E-26
   .89397000E-26
   .78681000E-26
   .89705000E-26
   .73619000E-26
   .10289000E-25
   .84359000E-26
   .86759000E-26
   .82132000E-26
   .66198000E-26
   .58579000E-26
   .80098000E-26
   .72272000E-26
   .63261000E-26
   .69143000E-26
   .76861000E-26
   .58490000E-26
   .54240000E-26
   .59320000E-26
   .64712000E-26
   .54097000E-26
   .61864000E-26
   .67654000E-26
   .43950000E-26
   .70805000E-26
   .64887000E-26
   .46865000E-26
   .57128000E-26
   .52102000E-26
   .57537000E-26
   .52445000E-26
   .52331000E-26
   .39187000E-26
   .48496000E-26
   .60711000E-26
   .71591000E-26
   .47837000E-26
   .58220000E-26
   .58413000E-26
   .58610000E-26
   .47387000E-26
   .42519000E-26
   .32514000E-26
   .23926000E-26
   .26489000E-26
   .37499000E-26
   .37486000E-26
   .51127000E-26
   .31338000E-26
   .18568000E-26
   .36620000E-26
   .46680000E-26
   .29705000E-26
   .34465000E-26
   .49134000E-26
   .29926000E-26
   .29415000E-26
   .41002000E-26
   .22236000E-26
   .30251000E-26
   .28812000E-26
   .30635000E-26
   .18984000E-26
   .15271000E-26
   .19499000E-26
   .20328000E-26
   .58638000E-26
   .25597000E-26
   .26083000E-26
   .42496000E-27
   .19060000E-26
   .31238000E-26
   .37370000E-26
   .25964000E-26
   .76679000E-27
   .14115000E-26
   .21169000E-26
   .24774000E-26
   .00000000    
   .15871000E-26
   .40048000E-26
   .29885000E-26
   .27193000E-26
   .28238000E-26
   .25590000E-26
   .12180000E-26
   .18544000E-26
   .22321000E-26
   .37840000E-26
   .21553000E-26
   .80377000E-27
   .11056000E-26
   .11956000E-26
   .00000000    
   .13461000E-26
   .14813000E-26
   .12540000E-26
   .20460000E-26
   .28065000E-26
   .24939000E-26
   .93777000E-27
   .12866000E-26
   .12168000E-26
   .12655000E-26
   .00000000    
   .40093000E-27
   .00000000    
   .00000000    
   .00000000    
   .11005000E-26
   .16106000E-26
   .15649000E-27
   .82022000E-28
   .83990000E-27
   .28106000E-27
   .98776000E-27
   .20086000E-27
   .13491000E-26
   .51359000E-27
   .10546000E-26
   .12871000E-26
   .49316000E-27
   .13337000E-26
   .21543000E-26
   .48254000E-27
   .20029000E-26
   .17152000E-26
   .18761000E-26
   .30403000E-26
   .15181000E-26
   .00000000    
   .00000000    
   .00000000    
   .00000000    
   .64629000E-27
   .28112000E-27
   .48147000E-27
   .00000000    
   .74200000E-27
   .00000000    
   .00000000    
   .00000000    
   .66356000E-27
   .18145000E-26
   .13765000E-26
   .00000000    
   .00000000    
   .00000000    
   .40512000E-27
   .13809000E-26
   .00000000    
   .15955000E-26
   .00000000    
   .00000000    
   .28221000E-27
   .00000000    
   .00000000    
   .17638000E-27
   .22139000E-26
   .20108000E-27
   .45420000E-27
   .18801000E-26
   .15199000E-26
   .00000000    
   .10111000E-26
   .26423000E-27
   .59180000E-27
   .60474000E-27
   .21383000E-26
   .52343000E-27
   .82543000E-27
   .00000000    
   .00000000    
   .90699000E-28
   .17688000E-27
   .72784000E-28
   .38379000E-27
   .47920000E-27
   .91499000E-27
   .34350000E-27
   .17556000E-26
   .30435000E-27
   .00000000    
   .53803000E-28
   .00000000    
   .40760000E-27
   .00000000    
   .00000000    
   .00000000    
   .12913000E-27
   .55851000E-27
   .71697000E-27
   .19360000E-26
   .27607000E-27
   .00000000    
   .00000000    
   .00000000    
   .00000000    
   .00000000    
   .00000000    
   .52818000E-27
   .52413000E-27
   .00000000    
   .00000000    
   .00000000    
   .00000000    
   .00000000    
   .71181000E-27
   .00000000    
   .59581000E-28
   .17473000E-26
   .11440000E-26
   .00000000    
   .27954000E-27
   .23038000E-26
   .11746000E-26
   .77900000E-27
   .93243000E-27
   .00000000    
   .00000000    
   .00000000    
